Sira	Kod	Nota53	NotaAE	Koma53	KomaAE	Pay	Payda	Ms	LNS	Bas	Soz1	Offset
1	9	Sol5	G5	349	349	1	4	1000	95	96	1. HANE	0.2
2	9	Sol5	G5	349	349	1	8	500	95	96		0.3
3	9	La5	A5	358	358	3	32	375	95	96		0.375
4	9	Sol5	G5	349	349	1	32	125	95	96		0.4
5	9	Fa5#4	F5#4	344	344	1	16	250	95	96		0.45
6	9	Sol5	G5	349	349	1	16	250	95	96		0.5
7	9	La5	A5	358	358	3	32	375	95	96		0.575
8	9	Si5b2	B5b1	365	366	1	32	125	95	96		0.6
9	9	Do6	C6	371	371	1	16	250	95	96		0.65
10	9	Re6	D6	380	380	1	16	250	95	96		0.7
11	9	Mi6	E6	389	389	1	8	500	95	96		0.8
12	9	Re6	D6	380	380	1	16	250	95	96		0.85
13	9	Do6	C6	371	371	1	16	250	95	96		0.9
14	9	Si5b2	B5b1	365	366	1	16	250	95	96		0.95
15	9	La5	A5	358	358	1	16	250	95	96		1
16	9	Sol5	G5	349	349	1	16	250	95	96		1.05
17	9	Re6	D6	380	380	1	16	250	95	96		1.1
18	9	Do6	C6	371	371	1	16	250	95	96		1.15
19	9	Si5b5	B5b5	362	362	1	16	250	95	96		1.2
20	9	La5	A5	358	358	1	16	250	95	96		1.25
21	9	Sol5	G5	349	349	1	16	250	95	96		1.3
22	9	Fa5#4	F5#4	344	344	3	32	375	95	96		1.375
23	9	Mi5	E5	336	336	1	32	125	95	96		1.4
24	9	Re5	D5	327	327	1	16	250	95	96		1.45
25	9	La5	A5	358	358	1	16	250	95	96		1.5
26	9	Sol5	G5	349	349	1	24	167	95	96		1.533333
27	9	La5	A5	358	358	1	24	167	95	96		1.566667
28	9	Sol5	G5	349	349	1	24	167	95	96		1.6
29	9	Fa5	F5	340	340	1	24	167	95	96		1.633333
30	9	Mi5	E5	336	336	1	24	167	95	96		1.666667
31	9	Re5	D5	327	327	1	24	167	95	96		1.7
32	9	Do5	C5	318	318	1	4	1000	95	96		1.9
33	9			-1	-1	1	8	500	100	0		2
34	9	Do5	C5	318	318	3	32	375	95	96		2.075
35	9	Re5	D5	327	327	1	32	125	95	96		2.1
36	9	Mi5	E5	336	336	1	16	250	95	96		2.15
37	9	Fa5	F5	340	340	1	16	250	95	96		2.2
38	9	Mi5	E5	336	336	3	32	375	95	96		2.275
39	9	Re5	D5	327	327	1	32	125	95	96		2.3
40	9	Do5	C5	318	318	1	8	500	95	96		2.4
41	9			-1	-1	1	8	500	100	0		2.5
42	9	Do5	C5	318	318	3	32	375	95	96		2.575
43	9	Si4b5	B4b5	309	309	1	32	125	95	96		2.6
44	9	La4	A4	305	305	1	16	250	95	96		2.65
45	9	Sol4	G4	296	296	1	16	250	95	96		2.7
46	9	Fa4	F4	287	287	3	32	375	95	96		2.775
47	9	Mi4	E4	283	283	1	32	125	95	96		2.8
48	9	Re4	D4	274	274	1	8	500	95	96		2.9
49	9			-1	-1	1	8	500	100	0		3
50	9	Sol4	G4	296	296	3	32	375	95	96		3.075
51	9	La4	A4	305	305	1	32	125	95	96		3.1
52	9	Si4b2	B4b1	312	313	1	16	250	95	96		3.15
53	9	Do5	C5	318	318	1	16	250	95	96		3.2
54	9	Si4b2	B4b1	312	313	3	32	375	95	96		3.275
55	9	La4	A4	305	305	1	32	125	95	96		3.3
56	9	Sol4	G4	296	296	1	8	500	95	96		3.4
57	9			-1	-1	1	8	500	100	0		3.5
58	9	Fa5	F5	340	340	3	32	375	95	96		3.575
59	9	Mi5	E5	336	336	1	32	125	95	96		3.6
60	9	Re5	D5	327	327	1	16	250	95	96		3.65
61	9	Do5	C5	318	318	1	16	250	95	96		3.7
62	9	Si4b2	B4b1	312	313	3	32	375	95	96		3.775
63	9	Re5	D5	327	327	1	32	125	95	96		3.8
64	9	Do5	C5	318	318	1	8	500	95	96		3.9
65	9			-1	-1	1	8	500	100	0		4
66	9	Do5	C5	318	318	3	32	375	95	96		4.075
67	9	Re5	D5	327	327	1	32	125	95	96		4.1
68	9	Mi5	E5	336	336	1	16	250	95	96		4.15
69	9	Fa5	F5	340	340	1	16	250	95	96		4.2
70	9	Mi5	E5	336	336	1	16	250	95	96		4.25
71	9	Fa5	F5	340	340	1	16	250	95	96		4.3
72	9	Sol5	G5	349	349	3	16	750	95	96		4.45
73	9	Do6	C6	371	371	1	16	250	95	96		4.5
74	9	Si5b2	B5b1	365	366	1	8	500	95	96		4.6
75	9	Re6	D6	380	380	1	8	500	95	96		4.7
76	8	Si5b2	B5b1	365	366	0	0	0	95	96		4.7
77	9	Do6	C6	371	371	1	8	500	95	96		4.8
78	9	Si5b2	B5b1	365	366	1	8	500	95	96		4.9
79	9	La5	A5	358	358	1	8	500	95	96		5
80	8	La5	A5	358	358	0	0	0	95	96		5
81	9	Sol5	G5	349	349	1	8	500	95	96		5.1
82	9	Fa5	F5	340	340	1	8	500	95	96		5.2
83	9	Mi5	E5	336	336	1	8	500	95	96		5.3
84	9	Fa5	F5	340	340	1	8	500	95	96		5.4
85	9	Sol5	G5	349	349	1	8	500	95	96		5.5
86	9	La5	A5	358	358	1	32	125	95	96		5.525
87	9	Sol5	G5	349	349	1	32	125	95	96		5.55
88	9	La5	A5	358	358	1	32	125	95	96		5.575
89	9	Si5b5	B5b5	362	362	1	32	125	95	96		5.6
90	9	La5	A5	358	358	1	16	250	95	96		5.65
91	9	Sol5	G5	349	349	1	16	250	95	96		5.7
92	9	Sol5	G5	349	349	1	4	1000	95	96		5.9
93	9			-1	-1	1	8	500	100	0		6
94	9	Do5	C5	318	318	1	8	500	95	96		6.1
95	9	Sol5	G5	349	349	1	8	500	95	96	TESLÝM	6.2
96	8	La5	A5	358	358	0	0	0	95	96		6.2
97	9	Sol5	G5	349	349	1	16	250	95	96		6.25
98	9	Fa5	F5	340	340	1	16	250	95	96		6.3
99	9	Sol5	G5	349	349	3	32	375	95	96		6.375
100	9	Fa5	F5	340	340	1	32	125	95	96		6.4
101	9	Sol5	G5	349	349	1	16	250	95	96		6.45
102	9	La5	A5	358	358	1	16	250	95	96		6.5
103	9	Si5b5	B5b5	362	362	1	32	125	95	96		6.525
104	9	La5	A5	358	358	1	32	125	95	96		6.55
105	9	Si5b5	B5b5	362	362	1	32	125	95	96		6.575
106	9	Do6	C6	371	371	1	32	125	95	96		6.6
107	9	La5	A5	358	358	1	16	250	95	96		6.65
108	9	Sol5	G5	349	349	1	16	250	95	96		6.7
109	9	Sol5	G5	349	349	1	4	1000	95	96		6.9
110	9	Fa5	F5	340	340	1	16	250	95	96		6.95
111	9	Sol5	G5	349	349	1	16	250	95	96		7
112	9	La5	A5	358	358	1	4	1000	95	96		7.2
113	9	Sol5	G5	349	349	1	16	250	95	96		7.25
114	9	Fa5	F5	340	340	1	16	250	95	96		7.3
115	9	Re6	D6	380	380	1	32	125	95	96		7.325
116	9	Do6	C6	371	371	3	32	375	95	96		7.4
117	9	Do6	C6	371	371	1	32	125	95	96		7.425
118	9	Si5b5	B5b5	362	362	3	32	375	95	96		7.5
119	9	Si5b5	B5b5	362	362	1	32	125	95	96		7.525
120	9	La5	A5	358	358	3	32	375	95	96		7.6
121	9	La5	A5	358	358	1	32	125	95	96		7.625
122	9	Sol5	G5	349	349	3	32	375	95	96		7.7
123	9	La5	A5	358	358	3	32	375	95	96		7.775
124	9	Sol5	G5	349	349	1	32	125	95	96		7.8
125	9	Fa5	F5	340	340	1	8	500	95	96		7.9
126	9	Mi5	E5	336	336	1	16	250	95	96		7.95
127	9	Fa5	F5	340	340	1	16	250	95	96		8
128	9	Sol5	G5	349	349	3	32	375	95	96		8.075
129	9	Fa5	F5	340	340	1	32	125	95	96		8.1
130	9	Mi5	E5	336	336	1	8	500	95	96		8.2
131	9	Re5	D5	327	327	1	16	250	95	96		8.25
132	9	Mi5	E5	336	336	1	16	250	95	96		8.3
133	9	Fa5	F5	340	340	3	32	375	95	96		8.375
134	9	Mi5	E5	336	336	1	32	125	95	96		8.4
135	9	Re5	D5	327	327	1	8	500	95	96		8.5
136	9	Mi5b5	E5b5	331	331	3	32	375	95	96		8.575
137	9	Re5	D5	327	327	1	32	125	95	96		8.6
138	9	Do5	C5	318	318	1	8	500	95	96		8.7
139	9	Si5b5	B5b5	362	362	3	32	375	95	96		8.775
140	9	La5	A5	358	358	1	32	125	95	96		8.8
141	9	Sol5	G5	349	349	1	16	250	95	96		8.85
142	9	Fa5#4	F5#4	344	344	1	16	250	95	96		8.9
143	9	Sol5	G5	349	349	1	8	500	95	96		9
144	9	Re5	D5	327	327	1	8	500	95	96		9.1
145	8	Fa5#4	F5#4	344	344	0	0	0	95	96		9.1
146	9	Mi5b5	E5b5	331	331	1	8	500	95	96		9.2
147	9	Re5	D5	327	327	1	16	250	95	96		9.25
148	9	Do5	C5	318	318	1	16	250	95	96		9.3
149	9	Si4	B4	314	314	1	8	500	95	96		9.4
150	9	Do5	C5	318	318	1	8	500	95	96		9.5
151	9	Re5	D5	327	327	3	32	375	95	96		9.575
152	9	Mi5b5	E5b5	331	331	1	32	125	95	96		9.6
153	9	Re5	D5	327	327	1	16	250	95	96		9.65
154	9	Do5	C5	318	318	1	16	250	95	96		9.7
155	9	Do5	C5	318	318	1	4	1000	95	96		9.9
156	9			-1	-1	1	8	500	100	0		10
157	9	Fa5	F5	340	340	1	4	1000	95	96		10.2
158	9	Mi5	E5	336	336	1	8	500	95	96		10.3
159	9	Sol5	G5	349	349	1	8	500	95	96		10.4
160	9	Fa5	F5	340	340	1	16	250	95	96		10.45
161	9	Mi5	E5	336	336	1	16	250	95	96		10.5
162	9	Mi5b5	E5b5	331	331	1	32	125	95	96		10.525
163	9	Re5	D5	327	327	1	32	125	95	96		10.55
164	9	Mi5b5	E5b5	331	331	1	32	125	95	96		10.575
165	9	Fa5	F5	340	340	1	32	125	95	96		10.6
166	9	Mi5b5	E5b5	331	331	1	16	250	95	96		10.65
167	9	Re5	D5	327	327	1	16	250	95	96		10.7
168	9	Re5	D5	327	327	1	4	1000	95	96		10.9
169	9	Do5	C5	318	318	1	16	250	95	96		10.95
170	9	Re5	D5	327	327	1	16	250	95	96		11
171	9	Mi5b5	E5b5	331	331	1	32	125	95	96		11.025
172	9	Re5	D5	327	327	1	32	125	95	96		11.05
173	9	Mi5b5	E5b5	331	331	1	32	125	95	96		11.075
174	9	Fa5	F5	340	340	1	32	125	95	96		11.1
175	9	Mi5b5	E5b5	331	331	1	16	250	95	96		11.15
176	9	Re5	D5	327	327	1	16	250	95	96		11.2
177	9	Do5	C5	318	318	1	8	500	95	96		11.3
178	9	Fa5	F5	340	340	1	32	125	95	96		11.325
179	9	Mi5	E5	336	336	1	32	125	95	96		11.35
180	9	Fa5	F5	340	340	1	32	125	95	96		11.375
181	9	Sol5	G5	349	349	1	32	125	95	96		11.4
182	9	Fa5	F5	340	340	1	16	250	95	96		11.45
183	9	Mi5	E5	336	336	1	16	250	95	96		11.5
184	9	Re5	D5	327	327	1	8	500	95	96		11.6
185	9	Sol5	G5	349	349	1	32	125	95	96		11.625
186	9	Fa5	F5	340	340	1	32	125	95	96		11.65
187	9	Sol5	G5	349	349	1	32	125	95	96		11.675
188	9	La5	A5	358	358	1	32	125	95	96		11.7
189	9	Sol5	G5	349	349	1	16	250	95	96		11.75
190	9	Fa5	F5	340	340	1	16	250	95	96		11.8
191	9	Mi5	E5	336	336	1	8	500	95	96		11.9
192	9	Do6	C6	371	371	1	8	500	95	96		12
193	9	Si5b5	B5b5	362	362	1	8	500	95	96		12.1
194	9	La5	A5	358	358	1	8	500	95	96		12.2
195	9	Sol5	G5	349	349	1	8	500	95	96		12.3
196	9	Mi6	E6	389	389	1	24	167	95	96		12.33333
197	9	Re6	D6	380	380	1	24	167	95	96		12.36667
198	9	Do6	C6	371	371	1	24	167	95	96		12.4
199	9	Si5b5	B5b5	362	362	1	24	167	95	96		12.43333
200	9	La5	A5	358	358	1	24	167	95	96		12.46667
201	9	Sol5	G5	349	349	1	24	167	95	96		12.5
202	9	Si5b5	B5b5	362	362	1	24	167	95	96		12.53333
203	9	La5	A5	358	358	1	24	167	95	96		12.56667
204	9	Sol5	G5	349	349	1	24	167	95	96		12.6
205	9	Fa5	F5	340	340	1	24	167	95	96		12.63333
206	9	Mi5	E5	336	336	1	24	167	95	96		12.66667
207	9	Re5	D5	327	327	1	24	167	95	96		12.7
208	9	Fa5	F5	340	340	1	24	167	95	96		12.73333
209	9	Mi5	E5	336	336	1	24	167	95	96		12.76667
210	9	Re5	D5	327	327	1	24	167	95	96		12.8
211	9	Do5	C5	318	318	1	24	167	95	96		12.83333
212	9	Si4	B4	314	314	1	24	167	95	96		12.86667
213	9	La4	A4	305	305	1	24	167	95	96		12.9
214	9	Sol4	G4	296	296	1	8	500	95	96		13
215	8	Sol5	G5	349	349	0	0	0	95	96		13
216	9	Fa5	F5	340	340	1	8	500	95	96		13.1
217	9	Mi5	E5	336	336	1	8	500	95	96		13.2
218	9	Re5	D5	327	327	1	8	500	95	96		13.3
219	9	Do5	C5	318	318	1	32	125	95	96		13.325
220	9	Si4	B4	314	314	1	32	125	95	96		13.35
221	9	Do5	C5	318	318	1	32	125	95	96		13.375
222	9	Re5	D5	327	327	1	32	125	95	96		13.4
223	9	Do5	C5	318	318	1	16	250	95	96		13.45
224	9	Si4	B4	314	314	1	16	250	95	96		13.5
225	9	Si4	B4	314	314	1	16	250	95	96		13.55
226	10	La4	A4	305	305	1	16	250	95	96		13.6
227	8	Si4	B4	314	314	0	0	0	95	96		13.6
228	9	La4	A4	305	305	1	16	250	95	96		13.65
229	9	Sol4#4	G4#4	300	300	1	16	250	95	96		13.7
230	9	La4	A4	305	305	1	4	1000	95	96		13.9
231	9			-1	-1	1	8	500	100	0		14
232	9	Do5	C5	318	318	1	4	1000	95	96	2. HANE	14.2
233	9	Sol4	G4	296	296	1	8	500	95	96		14.3
234	9	Mi5	E5	336	336	3	32	375	95	96		14.375
235	9	Do5	C5	318	318	1	32	125	95	96		14.4
236	9	Mi5	E5	336	336	1	16	250	95	96		14.45
237	9	Sol5	G5	349	349	1	16	250	95	96		14.5
238	9	Mi5	E5	336	336	1	16	250	95	96		14.55
239	9	Sol5	G5	349	349	1	16	250	95	96		14.6
240	9	La5	A5	358	358	1	32	125	95	96		14.625
241	9	Si5	B5	367	367	1	32	125	95	96		14.65
242	9	Do6	C6	371	371	1	32	125	95	96		14.675
243	9	Re6	D6	380	380	1	32	125	95	96		14.7
244	9	Mi6	E6	389	389	3	8	1500	95	96		15
245	9	Re6	D6	380	380	3	32	375	95	96		15.075
246	9	Mi6	E6	389	389	1	32	125	95	96		15.1
247	9	Fa6	F6	393	393	1	16	250	95	96		15.15
248	9	Do6	C6	371	371	1	16	250	95	96		15.2
249	9	Si5	B5	367	367	3	32	375	95	96		15.275
250	9	Do6	C6	371	371	1	32	125	95	96		15.3
251	9	Re6	D6	380	380	1	16	250	95	96		15.35
252	9	Sol5	G5	349	349	1	16	250	95	96		15.4
253	9	La5	A5	358	358	3	32	375	95	96		15.475
254	9	Si5	B5	367	367	1	32	125	95	96		15.5
255	9	Do6	C6	371	371	1	16	250	95	96		15.55
256	9	Mi5	E5	336	336	1	16	250	95	96		15.6
257	9	Fa5	F5	340	340	1	16	250	95	96		15.65
258	9	Fa5#4	F5#4	344	344	1	16	250	95	96		15.7
259	9	La5	A5	358	358	1	16	250	95	96		15.75
260	9	Sol5#4	G5#4	353	353	1	16	250	95	96		15.8
261	9	Sol5	G5	349	349	1	16	250	95	96		15.85
262	9	Fa5#4	F5#4	344	344	1	16	250	95	96		15.9
263	9	Fa5	F5	340	340	1	8	500	95	96		16
264	9	Re5	D5	327	327	1	4	1000	95	96		16.2
265	9	Do5#4	C5#4	322	322	1	16	250	95	96		16.25
266	9	Re5	D5	327	327	1	16	250	95	96		16.3
267	9	Fa5	F5	340	340	1	16	250	95	96		16.35
268	9	Re5	D5	327	327	1	16	250	95	96		16.4
269	9	Fa5	F5	340	340	1	16	250	95	96		16.45
270	9	La5	A5	358	358	1	16	250	95	96		16.5
271	9	Fa5	F5	340	340	1	16	250	95	96		16.55
272	9	La5	A5	358	358	1	16	250	95	96		16.6
273	9	Mi6	E6	389	389	1	16	250	95	96		16.65
274	9	Re6	D6	380	380	1	16	250	95	96		16.7
275	9	Do6	C6	371	371	1	16	250	95	96		16.75
276	9	Mi5	E5	336	336	1	16	250	95	96		16.8
277	9	La5	A5	358	358	1	16	250	95	96		16.85
278	9	Sol5#4	G5#4	353	353	1	16	250	95	96		16.9
279	9	Sol5	G5	349	349	1	16	250	95	96		16.95
280	9	Fa5#4	F5#4	344	344	1	16	250	95	96		17
281	9	Fa5	F5	340	340	1	16	250	95	96		17.05
282	9	La4	A4	305	305	1	16	250	95	96		17.1
283	9	Mi5	E5	336	336	1	16	250	95	96		17.15
284	9	Re5	D5	327	327	1	16	250	95	96		17.2
285	9	Do5	C5	318	318	1	16	250	95	96		17.25
286	9	Mi4	E4	283	283	1	16	250	95	96		17.3
287	9	Si4	B4	314	314	1	16	250	95	96		17.35
288	9	La4	A4	305	305	1	16	250	95	96		17.4
289	9	Sol4	G4	296	296	1	16	250	95	96		17.45
290	9	Fa4#4	F4#4	291	291	1	16	250	95	96		17.5
291	9	Fa4	F4	287	287	1	16	250	95	96		17.55
292	9	Re4	D4	274	274	1	16	250	95	96		17.6
293	9	Si3	B3	261	261	1	16	250	95	96		17.65
294	9	Re4	D4	274	274	1	16	250	95	96		17.7
295	9	Do4	C4	265	265	1	4	1000	95	96		17.9
296	9			-1	-1	1	8	500	100	0		18
297	9	La4	A4	305	305	1	4	1000	95	96		18.2
298	9	La4	A4	305	305	1	8	500	95	96		18.3
299	9	Mi4	E4	283	283	1	24	167	95	96		18.33333
300	9	Fa4	F4	287	287	1	24	167	95	96		18.36667
301	9	Sol4#4	G4#4	300	300	1	24	167	95	96		18.4
302	9	La4	A4	305	305	1	24	167	95	96		18.43333
303	9	Si4	B4	314	314	1	24	167	95	96		18.46667
304	9	Do5	C5	318	318	1	24	167	95	96		18.5
305	9	Re5	D5	327	327	1	24	167	95	96		18.53333
306	9	Mi5	E5	336	336	1	24	167	95	96		18.56667
307	9	Fa5	F5	340	340	1	24	167	95	96		18.6
308	9	Sol5	G5	349	349	1	24	167	95	96		18.63333
309	9	La5	A5	358	358	1	24	167	95	96		18.66667
310	9	Si5	B5	367	367	1	24	167	95	96		18.7
311	9	Do6	C6	371	371	3	8	1500	95	96		19
312	9	Do6	C6	371	371	1	24	167	95	96		19.03333
313	9	La5	A5	358	358	1	24	167	95	96		19.06667
314	9	Do6	C6	371	371	1	24	167	95	96		19.1
315	9	Sol5	G5	349	349	1	24	167	95	96		19.13333
316	9	Mi5	E5	336	336	1	24	167	95	96		19.16667
317	9	Sol5	G5	349	349	1	24	167	95	96		19.2
318	9	Si5b2	B5b1	365	366	1	24	167	95	96		19.23333
319	9	La5	A5	358	358	1	24	167	95	96		19.26667
320	9	Si5b2	B5b1	365	366	1	24	167	95	96		19.3
321	9	Fa5	F5	340	340	1	24	167	95	96		19.33333
322	9	Re5	D5	327	327	1	24	167	95	96		19.36667
323	9	Fa5	F5	340	340	1	24	167	95	96		19.4
324	9	La5	A5	358	358	1	24	167	95	96		19.43333
325	9	Fa5	F5	340	340	1	24	167	95	96		19.46667
326	9	La5	A5	358	358	1	24	167	95	96		19.5
327	9	Mi5	E5	336	336	1	24	167	95	96		19.53333
328	9	Do5	C5	318	318	1	24	167	95	96		19.56667
329	9	Mi5	E5	336	336	1	24	167	95	96		19.6
330	9	Sol5	G5	349	349	1	24	167	95	96		19.63333
331	9	Mi5	E5	336	336	1	24	167	95	96		19.66667
332	9	Fa5	F5	340	340	1	24	167	95	96		19.7
333	9	Re5	D5	327	327	1	4	1000	95	96		19.9
334	9			-1	-1	1	8	500	100	0		20
335	9	Sol4	G4	296	296	1	4	1000	95	96		20.2
336	9	Sol4	G4	296	296	1	8	500	95	96		20.3
337	9	Si4	B4	314	314	1	24	167	95	96		20.33333
338	9	La4	A4	305	305	1	24	167	95	96		20.36667
339	9	Sol4	G4	296	296	1	24	167	95	96		20.4
340	9	Fa4#4	F4#4	291	291	1	24	167	95	96		20.43333
341	9	Sol4	G4	296	296	1	24	167	95	96		20.46667
342	9	La4	A4	305	305	1	24	167	95	96		20.5
343	9	Si4	B4	314	314	1	24	167	95	96		20.53333
344	9	Do5	C5	318	318	1	24	167	95	96		20.56667
345	9	Re5	D5	327	327	1	24	167	95	96		20.6
346	9	Mi5	E5	336	336	1	24	167	95	96		20.63333
347	9	Fa5	F5	340	340	1	24	167	95	96		20.66667
348	9	Sol5	G5	349	349	1	24	167	95	96		20.7
349	9	La5	A5	358	358	3	8	1500	95	96		21
350	9	La5	A5	358	358	1	24	167	95	96		21.03333
351	9	Fa5	F5	340	340	1	24	167	95	96		21.06667
352	9	La5	A5	358	358	1	24	167	95	96		21.1
353	9	Re5	D5	327	327	1	24	167	95	96		21.13333
354	9	Si4	B4	314	314	1	24	167	95	96		21.16667
355	9	Re5	D5	327	327	1	24	167	95	96		21.2
356	9	Sol5	G5	349	349	1	24	167	95	96		21.23333
357	9	Mi5	E5	336	336	1	24	167	95	96		21.26667
358	9	Sol5	G5	349	349	1	24	167	95	96		21.3
359	9	Do5	C5	318	318	1	24	167	95	96		21.33333
360	9	La4	A4	305	305	1	24	167	95	96		21.36667
361	9	Do5	C5	318	318	1	24	167	95	96		21.4
362	9	Fa5	F5	340	340	1	24	167	95	96		21.43333
363	9	Re5	D5	327	327	1	24	167	95	96		21.46667
364	9	Fa5	F5	340	340	1	24	167	95	96		21.5
365	9	Sol4	G4	296	296	1	24	167	95	96		21.53333
366	9	Mi4	E4	283	283	1	24	167	95	96		21.56667
367	9	Sol4	G4	296	296	1	24	167	95	96		21.6
368	9	La4	A4	305	305	1	24	167	95	96		21.63333
369	9	Si4	B4	314	314	1	24	167	95	96		21.66667
370	9	Re5	D5	327	327	1	24	167	95	96		21.7
371	9	Do5	C5	318	318	1	4	1000	95	96		21.9
372	9			-1	-1	1	8	500	100	0		22
373	9	Do5	C5	318	318	1	4	1000	95	96		22.2
374	9	Sol4	G4	296	296	1	8	500	95	96		22.3
375	9	Do5	C5	318	318	3	32	375	95	96		22.375
376	9	Si4	B4	314	314	1	32	125	95	96		22.4
377	9	Do5	C5	318	318	1	16	250	95	96		22.45
378	9	Re5	D5	327	327	1	16	250	95	96		22.5
379	9	Mi5	E5	336	336	3	32	375	95	96		22.575
380	9	Re5	D5	327	327	1	32	125	95	96		22.6
381	9	Mi5	E5	336	336	1	16	250	95	96		22.65
382	9	Fa5	F5	340	340	1	16	250	95	96		22.7
383	9	Sol5	G5	349	349	3	32	375	95	96		22.775
384	9	Fa5	F5	340	340	1	32	125	95	96		22.8
385	9	Mi5	E5	336	336	1	16	250	95	96		22.85
386	9	Re5	D5	327	327	1	16	250	95	96		22.9
387	9	Do5	C5	318	318	1	8	500	95	96		23
388	9	Do6	C6	371	371	1	24	167	95	96		23.03333
389	9	La5	A5	358	358	1	24	167	95	96		23.06667
390	9	Do6	C6	371	371	1	24	167	95	96		23.1
391	9	Si5b2	B5b1	365	366	1	24	167	95	96		23.13333
392	9	Sol5	G5	349	349	1	24	167	95	96		23.16667
393	9	Si5b2	B5b1	365	366	1	24	167	95	96		23.2
394	9	La5	A5	358	358	1	24	167	95	96		23.23333
395	9	Fa5	F5	340	340	1	24	167	95	96		23.26667
396	9	La5	A5	358	358	1	24	167	95	96		23.3
397	9	Sol5	G5	349	349	1	24	167	95	96		23.33333
398	9	Mi5	E5	336	336	1	24	167	95	96		23.36667
399	9	Sol5	G5	349	349	1	24	167	95	96		23.4
400	9	Fa5	F5	340	340	1	24	167	95	96		23.43333
401	9	Re5	D5	327	327	1	24	167	95	96		23.46667
402	9	Fa5	F5	340	340	1	24	167	95	96		23.5
403	9	Mi5	E5	336	336	1	24	167	95	96		23.53333
404	9	Do5	C5	318	318	1	24	167	95	96		23.56667
405	9	Mi5	E5	336	336	1	24	167	95	96		23.6
406	9	Re5	D5	327	327	1	24	167	95	96		23.63333
407	9	Si4b2	B4b1	312	313	1	24	167	95	96		23.66667
408	9	Re5	D5	327	327	1	24	167	95	96		23.7
409	9	Do5	C5	318	318	1	4	1000	95	96		23.9
410	9			-1	-1	1	8	500	100	0		24
411	9	Re6	D6	380	380	1	16	250	95	96		24.05
412	9	Do6	C6	371	371	1	16	250	95	96		24.1
413	9	Do6	C6	371	371	1	16	250	95	96		24.15
414	9	Si5b5	B5b5	362	362	1	16	250	95	96		24.2
415	9	Si5b5	B5b5	362	362	1	16	250	95	96		24.25
416	9	La5	A5	358	358	1	16	250	95	96		24.3
417	9	La5	A5	358	358	1	16	250	95	96		24.35
418	9	Sol5	G5	349	349	1	8	500	95	96		24.45
419	9	Fa5	F5	340	340	1	16	250	95	96		24.5
420	9	Do6	C6	371	371	1	16	250	95	96		24.55
421	9	Si5b5	B5b5	362	362	1	16	250	95	96		24.6
422	9	Si5b5	B5b5	362	362	1	16	250	95	96		24.65
423	9	La5	A5	358	358	1	16	250	95	96		24.7
424	9	La5	A5	358	358	1	16	250	95	96		24.75
425	9	Sol5	G5	349	349	1	16	250	95	96		24.8
426	9	Sol5	G5	349	349	1	16	250	95	96		24.85
427	9	Fa5	F5	340	340	1	8	500	95	96		24.95
428	9	Mi5	E5	336	336	1	16	250	95	96		25
429	9	Si5b5	B5b5	362	362	1	16	250	95	96		25.05
430	9	La5	A5	358	358	1	16	250	95	96		25.1
431	9	La5	A5	358	358	1	16	250	95	96		25.15
432	9	Sol5	G5	349	349	1	16	250	95	96		25.2
433	8	La5	A5	358	358	0	0	0	95	96		25.2
434	9	Sol5	G5	349	349	1	16	250	95	96		25.25
435	9	Fa5	F5	340	340	1	16	250	95	96		25.3
436	8	Sol5	G5	349	349	0	0	0	95	96		25.3
437	9	Fa5	F5	340	340	1	16	250	95	96		25.35
438	9	Mi5	E5	336	336	1	8	500	95	96		25.45
439	9	Re5	D5	327	327	1	16	250	95	96		25.5
440	9	Do5	C5	318	318	3	32	375	95	96		25.575
441	9	Re5	D5	327	327	1	32	125	95	96		25.6
442	9	Mi5	E5	336	336	1	16	250	95	96		25.65
443	9	Fa5	F5	340	340	1	16	250	95	96		25.7
444	9	Sol5	G5	349	349	1	4	1000	95	96		25.9
445	9			-1	-1	1	8	500	100	0		26
446	52			0	0	1	8	0	120	0		26.1
447	9	Do5	C5	318	318	1	8	500	95	96		26.2
448	9	Sol5	G5	349	349	1	8	500	95	96	TESLÝM	26.3
449	8	La5	A5	358	358	0	0	0	95	96		26.3
450	9	Sol5	G5	349	349	1	16	250	95	96		26.35
451	9	Fa5	F5	340	340	1	16	250	95	96		26.4
452	9	Sol5	G5	349	349	3	32	375	95	96		26.475
453	9	Fa5	F5	340	340	1	32	125	95	96		26.5
454	9	Sol5	G5	349	349	1	16	250	95	96		26.55
455	9	La5	A5	358	358	1	16	250	95	96		26.6
456	9	Si5b5	B5b5	362	362	1	32	125	95	96		26.625
457	9	La5	A5	358	358	1	32	125	95	96		26.65
458	9	Si5b5	B5b5	362	362	1	32	125	95	96		26.675
459	9	Do6	C6	371	371	1	32	125	95	96		26.7
460	9	La5	A5	358	358	1	16	250	95	96		26.75
461	9	Sol5	G5	349	349	1	16	250	95	96		26.8
462	9	Sol5	G5	349	349	1	4	1000	95	96		27
463	9	Fa5	F5	340	340	1	16	250	95	96		27.05
464	9	Sol5	G5	349	349	1	16	250	95	96		27.1
465	9	La5	A5	358	358	1	4	1000	95	96		27.3
466	9	Sol5	G5	349	349	1	16	250	95	96		27.35
467	9	Fa5	F5	340	340	1	16	250	95	96		27.4
468	9	Re6	D6	380	380	1	32	125	95	96		27.425
469	9	Do6	C6	371	371	3	32	375	95	96		27.5
470	9	Do6	C6	371	371	1	32	125	95	96		27.525
471	9	Si5b5	B5b5	362	362	3	32	375	95	96		27.6
472	9	Si5b5	B5b5	362	362	1	32	125	95	96		27.625
473	9	La5	A5	358	358	3	32	375	95	96		27.7
474	9	La5	A5	358	358	1	32	125	95	96		27.725
475	9	Sol5	G5	349	349	3	32	375	95	96		27.8
476	9	La5	A5	358	358	3	32	375	95	96		27.875
477	9	Sol5	G5	349	349	1	32	125	95	96		27.9
478	9	Fa5	F5	340	340	1	8	500	95	96		28
479	9	Mi5	E5	336	336	1	16	250	95	96		28.05
480	9	Fa5	F5	340	340	1	16	250	95	96		28.1
481	9	Sol5	G5	349	349	3	32	375	95	96		28.175
482	9	Fa5	F5	340	340	1	32	125	95	96		28.2
483	9	Mi5	E5	336	336	1	8	500	95	96		28.3
484	9	Re5	D5	327	327	1	16	250	95	96		28.35
485	9	Mi5	E5	336	336	1	16	250	95	96		28.4
486	9	Fa5	F5	340	340	3	32	375	95	96		28.475
487	9	Mi5	E5	336	336	1	32	125	95	96		28.5
488	9	Re5	D5	327	327	1	8	500	95	96		28.6
489	9	Mi5b5	E5b5	331	331	3	32	375	95	96		28.675
490	9	Re5	D5	327	327	1	32	125	95	96		28.7
491	9	Do5	C5	318	318	1	8	500	95	96		28.8
492	9	Si5b5	B5b5	362	362	3	32	375	95	96		28.875
493	9	La5	A5	358	358	1	32	125	95	96		28.9
494	9	Sol5	G5	349	349	1	16	250	95	96		28.95
495	9	Fa5#4	F5#4	344	344	1	16	250	95	96		29
496	9	Sol5	G5	349	349	1	8	500	95	96		29.1
497	9	Re5	D5	327	327	1	8	500	95	96		29.2
498	8	Fa5#4	F5#4	344	344	0	0	0	95	96		29.2
499	9	Mi5b5	E5b5	331	331	1	8	500	95	96		29.3
500	9	Re5	D5	327	327	1	16	250	95	96		29.35
501	9	Do5	C5	318	318	1	16	250	95	96		29.4
502	9	Si4	B4	314	314	1	8	500	95	96		29.5
503	9	Do5	C5	318	318	1	8	500	95	96		29.6
504	9	Re5	D5	327	327	3	32	375	95	96		29.675
505	9	Mi5b5	E5b5	331	331	1	32	125	95	96		29.7
506	9	Re5	D5	327	327	1	16	250	95	96		29.75
507	9	Do5	C5	318	318	1	16	250	95	96		29.8
508	9	Do5	C5	318	318	1	4	1000	95	96		30
509	9			-1	-1	1	8	500	100	0		30.1
510	9	Fa5	F5	340	340	1	4	1000	95	96		30.3
511	9	Mi5	E5	336	336	1	8	500	95	96		30.4
512	9	Sol5	G5	349	349	1	8	500	95	96		30.5
513	9	Fa5	F5	340	340	1	16	250	95	96		30.55
514	9	Mi5	E5	336	336	1	16	250	95	96		30.6
515	9	Mi5b5	E5b5	331	331	1	32	125	95	96		30.625
516	9	Re5	D5	327	327	1	32	125	95	96		30.65
517	9	Mi5b5	E5b5	331	331	1	32	125	95	96		30.675
518	9	Fa5	F5	340	340	1	32	125	95	96		30.7
519	9	Mi5b5	E5b5	331	331	1	16	250	95	96		30.75
520	9	Re5	D5	327	327	1	16	250	95	96		30.8
521	9	Re5	D5	327	327	1	4	1000	95	96		31
522	9	Do5	C5	318	318	1	16	250	95	96		31.05
523	9	Re5	D5	327	327	1	16	250	95	96		31.1
524	9	Mi5b5	E5b5	331	331	1	32	125	95	96		31.125
525	9	Re5	D5	327	327	1	32	125	95	96		31.15
526	9	Mi5b5	E5b5	331	331	1	32	125	95	96		31.175
527	9	Fa5	F5	340	340	1	32	125	95	96		31.2
528	9	Mi5b5	E5b5	331	331	1	16	250	95	96		31.25
529	9	Re5	D5	327	327	1	16	250	95	96		31.3
530	9	Do5	C5	318	318	1	8	500	95	96		31.4
531	9	Fa5	F5	340	340	1	32	125	95	96		31.425
532	9	Mi5	E5	336	336	1	32	125	95	96		31.45
533	9	Fa5	F5	340	340	1	32	125	95	96		31.475
534	9	Sol5	G5	349	349	1	32	125	95	96		31.5
535	9	Fa5	F5	340	340	1	16	250	95	96		31.55
536	9	Mi5	E5	336	336	1	16	250	95	96		31.6
537	9	Re5	D5	327	327	1	8	500	95	96		31.7
538	9	Sol5	G5	349	349	1	32	125	95	96		31.725
539	9	Fa5	F5	340	340	1	32	125	95	96		31.75
540	9	Sol5	G5	349	349	1	32	125	95	96		31.775
541	9	La5	A5	358	358	1	32	125	95	96		31.8
542	9	Sol5	G5	349	349	1	16	250	95	96		31.85
543	9	Fa5	F5	340	340	1	16	250	95	96		31.9
544	9	Mi5	E5	336	336	1	8	500	95	96		32
545	9	Do6	C6	371	371	1	8	500	95	96		32.1
546	9	Si5b5	B5b5	362	362	1	8	500	95	96		32.2
547	9	La5	A5	358	358	1	8	500	95	96		32.3
548	9	Sol5	G5	349	349	1	8	500	95	96		32.4
549	9	Mi6	E6	389	389	1	24	167	95	96		32.43333
550	9	Re6	D6	380	380	1	24	167	95	96		32.46667
551	9	Do6	C6	371	371	1	24	167	95	96		32.5
552	9	Si5b5	B5b5	362	362	1	24	167	95	96		32.53333
553	9	La5	A5	358	358	1	24	167	95	96		32.56667
554	9	Sol5	G5	349	349	1	24	167	95	96		32.6
555	9	Si5b5	B5b5	362	362	1	24	167	95	96		32.63334
556	9	La5	A5	358	358	1	24	167	95	96		32.66667
557	9	Sol5	G5	349	349	1	24	167	95	96		32.7
558	9	Fa5	F5	340	340	1	24	167	95	96		32.73333
559	9	Mi5	E5	336	336	1	24	167	95	96		32.76667
560	9	Re5	D5	327	327	1	24	167	95	96		32.8
561	9	Fa5	F5	340	340	1	24	167	95	96		32.83333
562	9	Mi5	E5	336	336	1	24	167	95	96		32.86666
563	9	Re5	D5	327	327	1	24	167	95	96		32.9
564	9	Do5	C5	318	318	1	24	167	95	96		32.93333
565	9	Si4	B4	314	314	1	24	167	95	96		32.96667
566	9	La4	A4	305	305	1	24	167	95	96		33
567	9	Sol4	G4	296	296	1	8	500	95	96		33.1
568	8	Sol5	G5	349	349	0	0	0	95	96		33.1
569	9	Fa5	F5	340	340	1	8	500	95	96		33.2
570	9	Mi5	E5	336	336	1	8	500	95	96		33.3
571	9	Re5	D5	327	327	1	8	500	95	96		33.4
572	9	Do5	C5	318	318	1	32	125	95	96		33.425
573	9	Si4	B4	314	314	1	32	125	95	96		33.45
574	9	Do5	C5	318	318	1	32	125	95	96		33.475
575	9	Re5	D5	327	327	1	32	125	95	96		33.5
576	9	Do5	C5	318	318	1	16	250	95	96		33.55
577	9	Si4	B4	314	314	1	16	250	95	96		33.6
578	9	Si4	B4	314	314	1	16	250	95	96		33.65
579	10	La4	A4	305	305	1	16	250	95	96		33.7
580	8	Si4	B4	314	314	0	0	0	95	96		33.7
581	9	La4	A4	305	305	1	16	250	95	96		33.75
582	9	Sol4#4	G4#4	300	300	1	16	250	95	96		33.8
583	9	La4	A4	305	305	1	4	1000	95	96		34
584	9			-1	-1	1	8	500	100	0		34.1
585	9	La4	A4	305	305	1	4	1000	95	96	3. HANE	34.3
586	9	Mi4	E4	283	283	1	8	500	95	96		34.4
587	9	La4	A4	305	305	3	32	375	95	96		34.475
588	9	Sol4#4	G4#4	300	300	1	32	125	95	96		34.5
589	9	La4	A4	305	305	1	16	250	95	96		34.55
590	9	Si4	B4	314	314	1	16	250	95	96		34.6
591	9	Do5	C5	318	318	3	32	375	95	96		34.675
592	9	Si4	B4	314	314	1	32	125	95	96		34.7
593	9	Do5	C5	318	318	1	16	250	95	96		34.75
594	9	Re5	D5	327	327	1	16	250	95	96		34.8
595	9	Mi5	E5	336	336	1	4	1000	95	96		35
596	9	La5	A5	358	358	1	8	500	95	96		35.1
597	9	La5	A5	358	358	1	16	250	95	96		35.15
598	9	Fa5	F5	340	340	1	16	250	95	96		35.2
599	9	Sol5	G5	349	349	1	16	250	95	96		35.25
600	9	Mi5	E5	336	336	1	16	250	95	96		35.3
601	9	Fa5	F5	340	340	1	16	250	95	96		35.35
602	9	Re5	D5	327	327	1	16	250	95	96		35.4
603	9	Mi5	E5	336	336	1	16	250	95	96		35.45
604	9	Si4	B4	314	314	1	16	250	95	96		35.5
605	9	Do5	C5	318	318	1	16	250	95	96		35.55
606	9	Do5#4	C5#4	322	322	1	16	250	95	96		35.6
607	9	Re5	D5	327	327	1	16	250	95	96		35.65
608	9	Mi5	E5	336	336	1	32	125	95	96		35.675
609	9	Re5	D5	327	327	1	32	125	95	96		35.7
610	9	Do5	C5	318	318	1	16	250	95	96		35.75
611	9	Si4b2	B4b1	312	313	1	16	250	95	96		35.8
612	9	La4	A4	305	305	1	16	250	95	96		35.85
613	9	Si4b2	B4b1	312	313	1	16	250	95	96		35.9
614	9	Sol4#1	G4	297	296	1	16	250	95	96		35.95
615	9	Fa4	F4	287	287	1	16	250	95	96		36
616	9	Mi4	E4	283	283	1	8	500	95	96		36.1
617	9	La4	A4	305	305	1	4	1000	95	96		36.3
618	9	Mi4	E4	283	283	1	8	500	95	96		36.4
619	9	La4	A4	305	305	3	32	375	95	96		36.475
620	9	Sol4#4	G4#4	300	300	1	32	125	95	96		36.5
621	9	La4	A4	305	305	1	16	250	95	96		36.55
622	9	Si4	B4	314	314	1	16	250	95	96		36.6
623	9	Do5	C5	318	318	3	32	375	95	96		36.675
624	9	Si4	B4	314	314	1	32	125	95	96		36.7
625	9	Do5	C5	318	318	1	16	250	95	96		36.75
626	9	Re5	D5	327	327	1	16	250	95	96		36.8
627	9	Mi5	E5	336	336	1	16	250	95	96		36.85
628	9	Fa5	F5	340	340	1	16	250	95	96		36.9
629	9	Sol5#4	G5#4	353	353	1	16	250	95	96		36.95
630	9	La5	A5	358	358	1	16	250	95	96		37
631	9	Si5	B5	367	367	1	16	250	95	96		37.05
632	9	Do6	C6	371	371	1	16	250	95	96		37.1
633	9	Re6	D6	380	380	1	16	250	95	96		37.15
634	9	Si5	B5	367	367	1	16	250	95	96		37.2
635	9	Do6	C6	371	371	1	16	250	95	96		37.25
636	9	La5	A5	358	358	1	16	250	95	96		37.3
637	9	Si5	B5	367	367	1	16	250	95	96		37.35
638	9	Sol5#4	G5#4	353	353	1	16	250	95	96		37.4
639	9	Fa5	F5	340	340	1	16	250	95	96		37.45
640	9	Mi5	E5	336	336	1	16	250	95	96		37.5
641	9	Fa5	F5	340	340	1	16	250	95	96		37.55
642	9	Sol5#4	G5#4	353	353	1	16	250	95	96		37.6
643	9	La5	A5	358	358	1	16	250	95	96		37.65
644	9	Si5	B5	367	367	1	32	125	95	96		37.675
645	9	La5	A5	358	358	1	32	125	95	96		37.7
646	9	Sol5#4	G5#4	353	353	1	16	250	95	96		37.75
647	9	Fa5	F5	340	340	1	16	250	95	96		37.8
648	9	Mi5	E5	336	336	1	8	500	95	96		37.9
649	9	Fa5	F5	340	340	1	8	500	95	96		38
650	9	Fa5#4	F5#4	344	344	1	8	500	95	96		38.1
651	9	Sol5	G5	349	349	3	32	375	95	96		38.175
652	9	Fa5	F5	340	340	1	32	125	95	96		38.2
653	9	Sol5	G5	349	349	1	16	250	95	96		38.25
654	9	Do6	C6	371	371	1	16	250	95	96		38.3
655	9	Do6	C6	371	371	1	16	250	95	96		38.35
656	9	Si5b2	B5b1	365	366	1	16	250	95	96		38.4
657	9	Si5b2	B5b1	365	366	1	16	250	95	96		38.45
658	9	La5	A5	358	358	1	16	250	95	96		38.5
659	9	La5	A5	358	358	1	16	250	95	96		38.55
660	9	Sol5	G5	349	349	1	16	250	95	96		38.6
661	9	Sol5	G5	349	349	1	16	250	95	96		38.65
662	9	Fa5	F5	340	340	1	16	250	95	96		38.7
663	9	Fa5	F5	340	340	1	16	250	95	96		38.75
664	9	Mi5	E5	336	336	1	16	250	95	96		38.8
665	9	Fa5	F5	340	340	1	4	1000	95	96		39
666	9			-1	-1	1	8	500	100	0		39.1
667	9	Fa5	F5	340	340	3	32	375	95	96		39.175
668	9	Mi5	E5	336	336	1	32	125	95	96		39.2
669	9	Fa5	F5	340	340	1	16	250	95	96		39.25
670	9	Si5b2	B5b1	365	366	1	16	250	95	96		39.3
671	9	Si5b2	B5b1	365	366	1	16	250	95	96		39.35
672	9	La5	A5	358	358	1	16	250	95	96		39.4
673	9	La5	A5	358	358	1	16	250	95	96		39.45
674	9	Sol5	G5	349	349	1	16	250	95	96		39.5
675	9	Sol5	G5	349	349	1	16	250	95	96		39.55
676	9	Fa5	F5	340	340	1	16	250	95	96		39.6
677	9	Fa5	F5	340	340	1	16	250	95	96		39.65
678	9	Mi5	E5	336	336	1	16	250	95	96		39.7
679	9	Mi5	E5	336	336	1	16	250	95	96		39.75
680	9	Re5#4	D5#4	331	331	1	16	250	95	96		39.8
681	9	Mi5	E5	336	336	1	4	1000	95	96		40
682	9			-1	-1	1	8	500	100	0		40.1
683	9	Re5	D5	327	327	3	32	375	95	96		40.175
684	9	Do5#4	C5#4	322	322	1	32	125	95	96		40.2
685	9	Re5	D5	327	327	1	8	500	95	96		40.3
686	9	La5	A5	358	358	1	8	500	95	96		40.4
687	9	Sol5	G5	349	349	3	32	375	95	96		40.475
688	9	Fa5	F5	340	340	1	32	125	95	96		40.5
689	9	Mi5	E5	336	336	1	16	250	95	96		40.55
690	9	Re5	D5	327	327	1	16	250	95	96		40.6
691	9	Do5	C5	318	318	3	32	375	95	96		40.675
692	9	Si4	B4	314	314	1	32	125	95	96		40.7
693	9	Do5	C5	318	318	1	8	500	95	96		40.8
694	9	Fa5	F5	340	340	1	8	500	95	96		40.9
695	9	Mi5	E5	336	336	3	32	375	95	96		40.975
696	9	Re5	D5	327	327	1	32	125	95	96		41
697	9	Do5	C5	318	318	1	16	250	95	96		41.05
698	9	Si4	B4	314	314	1	16	250	95	96		41.1
699	9	La4	A4	305	305	3	32	375	95	96		41.175
700	9	Sol4#4	G4#4	300	300	1	32	125	95	96		41.2
701	9	La4	A4	305	305	1	16	250	95	96		41.25
702	9	Si4	B4	314	314	1	16	250	95	96		41.3
703	9	Do5	C5	318	318	1	16	250	95	96		41.35
704	9	Re5	D5	327	327	1	16	250	95	96		41.4
705	9	Mi5	E5	336	336	3	32	375	95	96		41.475
706	9	Do5	C5	318	318	1	32	125	95	96		41.5
707	9	Re5	D5	327	327	1	16	250	95	96		41.55
708	9	Si4	B4	314	314	1	16	250	95	96		41.6
709	9	Do5	C5	318	318	3	32	375	95	96		41.675
710	9	La4	A4	305	305	1	32	125	95	96		41.7
711	9	Si4	B4	314	314	1	16	250	95	96		41.75
712	9	Sol4#4	G4#4	300	300	1	16	250	95	96		41.8
713	9	La4	A4	305	305	1	4	1000	95	96		42
714	9			-1	-1	1	8	500	100	0		42.1
715	9	Do5	C5	318	318	1	8	500	95	96		42.2
716	9	Sol5	G5	349	349	1	8	500	95	96	TESLÝM	42.3
717	8	La5	A5	358	358	0	0	0	95	96		42.3
718	9	Sol5	G5	349	349	1	16	250	95	96		42.35
719	9	Fa5	F5	340	340	1	16	250	95	96		42.4
720	9	Sol5	G5	349	349	3	32	375	95	96		42.475
721	9	Fa5	F5	340	340	1	32	125	95	96		42.5
722	9	Sol5	G5	349	349	1	16	250	95	96		42.55
723	9	La5	A5	358	358	1	16	250	95	96		42.6
724	9	Si5b5	B5b5	362	362	1	32	125	95	96		42.625
725	9	La5	A5	358	358	1	32	125	95	96		42.65
726	9	Si5b5	B5b5	362	362	1	32	125	95	96		42.675
727	9	Do6	C6	371	371	1	32	125	95	96		42.7
728	9	La5	A5	358	358	1	16	250	95	96		42.75
729	9	Sol5	G5	349	349	1	16	250	95	96		42.8
730	9	Sol5	G5	349	349	1	4	1000	95	96		43
731	9	Fa5	F5	340	340	1	16	250	95	96		43.05
732	9	Sol5	G5	349	349	1	16	250	95	96		43.1
733	9	La5	A5	358	358	1	4	1000	95	96		43.3
734	9	Sol5	G5	349	349	1	16	250	95	96		43.35
735	9	Fa5	F5	340	340	1	16	250	95	96		43.4
736	9	Re6	D6	380	380	1	32	125	95	96		43.425
737	9	Do6	C6	371	371	3	32	375	95	96		43.5
738	9	Do6	C6	371	371	1	32	125	95	96		43.525
739	9	Si5b5	B5b5	362	362	3	32	375	95	96		43.6
740	9	Si5b5	B5b5	362	362	1	32	125	95	96		43.625
741	9	La5	A5	358	358	3	32	375	95	96		43.7
742	9	La5	A5	358	358	1	32	125	95	96		43.725
743	9	Sol5	G5	349	349	3	32	375	95	96		43.8
744	9	La5	A5	358	358	3	32	375	95	96		43.875
745	9	Sol5	G5	349	349	1	32	125	95	96		43.9
746	9	Fa5	F5	340	340	1	8	500	95	96		44
747	9	Mi5	E5	336	336	1	16	250	95	96		44.05
748	9	Fa5	F5	340	340	1	16	250	95	96		44.1
749	9	Sol5	G5	349	349	3	32	375	95	96		44.175
750	9	Fa5	F5	340	340	1	32	125	95	96		44.2
751	9	Mi5	E5	336	336	1	8	500	95	96		44.3
752	9	Re5	D5	327	327	1	16	250	95	96		44.35
753	9	Mi5	E5	336	336	1	16	250	95	96		44.4
754	9	Fa5	F5	340	340	3	32	375	95	96		44.475
755	9	Mi5	E5	336	336	1	32	125	95	96		44.5
756	9	Re5	D5	327	327	1	8	500	95	96		44.6
757	9	Mi5b5	E5b5	331	331	3	32	375	95	96		44.675
758	9	Re5	D5	327	327	1	32	125	95	96		44.7
759	9	Do5	C5	318	318	1	8	500	95	96		44.8
760	9	Si5b5	B5b5	362	362	3	32	375	95	96		44.875
761	9	La5	A5	358	358	1	32	125	95	96		44.9
762	9	Sol5	G5	349	349	1	16	250	95	96		44.95
763	9	Fa5#4	F5#4	344	344	1	16	250	95	96		45
764	9	Sol5	G5	349	349	1	8	500	95	96		45.1
765	9	Re5	D5	327	327	1	8	500	95	96		45.2
766	8	Fa5#4	F5#4	344	344	0	0	0	95	96		45.2
767	9	Mi5b5	E5b5	331	331	1	8	500	95	96		45.3
768	9	Re5	D5	327	327	1	16	250	95	96		45.35
769	9	Do5	C5	318	318	1	16	250	95	96		45.4
770	9	Si4	B4	314	314	1	8	500	95	96		45.5
771	9	Do5	C5	318	318	1	8	500	95	96		45.6
772	9	Re5	D5	327	327	3	32	375	95	96		45.675
773	9	Mi5b5	E5b5	331	331	1	32	125	95	96		45.7
774	9	Re5	D5	327	327	1	16	250	95	96		45.75
775	9	Do5	C5	318	318	1	16	250	95	96		45.8
776	9	Do5	C5	318	318	1	4	1000	95	96		46
777	9			-1	-1	1	8	500	100	0		46.1
778	9	Fa5	F5	340	340	1	4	1000	95	96		46.3
779	9	Mi5	E5	336	336	1	8	500	95	96		46.4
780	9	Sol5	G5	349	349	1	8	500	95	96		46.5
781	9	Fa5	F5	340	340	1	16	250	95	96		46.55
782	9	Mi5	E5	336	336	1	16	250	95	96		46.6
783	9	Mi5b5	E5b5	331	331	1	32	125	95	96		46.625
784	9	Re5	D5	327	327	1	32	125	95	96		46.65
785	9	Mi5b5	E5b5	331	331	1	32	125	95	96		46.675
786	9	Fa5	F5	340	340	1	32	125	95	96		46.7
787	9	Mi5b5	E5b5	331	331	1	16	250	95	96		46.75
788	9	Re5	D5	327	327	1	16	250	95	96		46.8
789	9	Re5	D5	327	327	1	4	1000	95	96		47
790	9	Do5	C5	318	318	1	16	250	95	96		47.05
791	9	Re5	D5	327	327	1	16	250	95	96		47.1
792	9	Mi5b5	E5b5	331	331	1	32	125	95	96		47.125
793	9	Re5	D5	327	327	1	32	125	95	96		47.15
794	9	Mi5b5	E5b5	331	331	1	32	125	95	96		47.175
795	9	Fa5	F5	340	340	1	32	125	95	96		47.2
796	9	Mi5b5	E5b5	331	331	1	16	250	95	96		47.25
797	9	Re5	D5	327	327	1	16	250	95	96		47.3
798	9	Do5	C5	318	318	1	8	500	95	96		47.4
799	9	Fa5	F5	340	340	1	32	125	95	96		47.425
800	9	Mi5	E5	336	336	1	32	125	95	96		47.45
801	9	Fa5	F5	340	340	1	32	125	95	96		47.475
802	9	Sol5	G5	349	349	1	32	125	95	96		47.5
803	9	Fa5	F5	340	340	1	16	250	95	96		47.55
804	9	Mi5	E5	336	336	1	16	250	95	96		47.6
805	9	Re5	D5	327	327	1	8	500	95	96		47.7
806	9	Sol5	G5	349	349	1	32	125	95	96		47.725
807	9	Fa5	F5	340	340	1	32	125	95	96		47.75
808	9	Sol5	G5	349	349	1	32	125	95	96		47.775
809	9	La5	A5	358	358	1	32	125	95	96		47.8
810	9	Sol5	G5	349	349	1	16	250	95	96		47.85
811	9	Fa5	F5	340	340	1	16	250	95	96		47.9
812	9	Mi5	E5	336	336	1	8	500	95	96		48
813	9	Do6	C6	371	371	1	8	500	95	96		48.1
814	9	Si5b5	B5b5	362	362	1	8	500	95	96		48.2
815	9	La5	A5	358	358	1	8	500	95	96		48.3
816	9	Sol5	G5	349	349	1	8	500	95	96		48.4
817	9	Mi6	E6	389	389	1	24	167	95	96		48.43333
818	9	Re6	D6	380	380	1	24	167	95	96		48.46667
819	9	Do6	C6	371	371	1	24	167	95	96		48.5
820	9	Si5b5	B5b5	362	362	1	24	167	95	96		48.53333
821	9	La5	A5	358	358	1	24	167	95	96		48.56667
822	9	Sol5	G5	349	349	1	24	167	95	96		48.6
823	9	Si5b5	B5b5	362	362	1	24	167	95	96		48.63334
824	9	La5	A5	358	358	1	24	167	95	96		48.66667
825	9	Sol5	G5	349	349	1	24	167	95	96		48.7
826	9	Fa5	F5	340	340	1	24	167	95	96		48.73333
827	9	Mi5	E5	336	336	1	24	167	95	96		48.76667
828	9	Re5	D5	327	327	1	24	167	95	96		48.8
829	9	Fa5	F5	340	340	1	24	167	95	96		48.83333
830	9	Mi5	E5	336	336	1	24	167	95	96		48.86666
831	9	Re5	D5	327	327	1	24	167	95	96		48.9
832	9	Do5	C5	318	318	1	24	167	95	96		48.93333
833	9	Si4	B4	314	314	1	24	167	95	96		48.96667
834	9	La4	A4	305	305	1	24	167	95	96		49
835	9	Sol4	G4	296	296	1	8	500	95	96		49.1
836	8	Sol5	G5	349	349	0	0	0	95	96		49.1
837	9	Fa5	F5	340	340	1	8	500	95	96		49.2
838	9	Mi5	E5	336	336	1	8	500	95	96		49.3
839	9	Re5	D5	327	327	1	8	500	95	96		49.4
840	9	Do5	C5	318	318	1	32	125	95	96		49.425
841	9	Si4	B4	314	314	1	32	125	95	96		49.45
842	9	Do5	C5	318	318	1	32	125	95	96		49.475
843	9	Re5	D5	327	327	1	32	125	95	96		49.5
844	9	Do5	C5	318	318	1	16	250	95	96		49.55
845	9	Si4	B4	314	314	1	16	250	95	96		49.6
846	9	Si4	B4	314	314	1	16	250	95	96		49.65
847	10	La4	A4	305	305	1	16	250	95	96		49.7
848	8	Si4	B4	314	314	0	0	0	95	96		49.7
849	9	La4	A4	305	305	1	16	250	95	96		49.75
850	9	Sol4#4	G4#4	300	300	1	16	250	95	96		49.8
851	9	La4	A4	305	305	1	4	1000	95	96		50
852	9			-1	-1	1	8	500	100	0		50.1
853	9	La4	A4	305	305	1	2	2000	95	96	4. HANE	50.5
854	9	Mi4	E4	283	283	1	4	1000	95	96		50.7
855	9	La4	A4	305	305	1	8	500	95	96		50.8
856	9	Sol4#4	G4#4	300	300	1	8	500	95	96		50.9
857	9	La4	A4	305	305	1	8	500	95	96		51
858	9	Si4	B4	314	314	1	8	500	95	96		51.1
859	9	Do5	C5	318	318	1	8	500	95	96		51.2
860	9	Re5	D5	327	327	1	8	500	95	96		51.3
861	9	Mi5	E5	336	336	1	2	2000	95	96		51.7
862	9	La5	A5	358	358	1	4	1000	95	96		51.9
863	9	Mi5	E5	336	336	1	2	2000	95	96		52.3
864	9			-1	-1	1	4	1000	100	0		52.5
865	9	Re5	D5	327	327	3	16	750	95	96		52.65
866	9	Mi5	E5	336	336	1	16	250	95	96		52.7
867	9	Fa5	F5	340	340	1	4	1000	95	96		52.9
868	9	Re5	D5	327	327	1	4	1000	95	96		53.1
869	9	Do5	C5	318	318	3	16	750	95	96		53.25
870	9	Re5	D5	327	327	1	16	250	95	96		53.3
871	9	Mi5	E5	336	336	1	4	1000	95	96		53.5
872	9	Do5	C5	318	318	1	4	1000	95	96		53.7
873	9	Si4	B4	314	314	3	16	750	95	96		53.85
874	9	Do5	C5	318	318	1	16	250	95	96		53.9
875	9	Re5	D5	327	327	1	8	500	95	96		54
876	9	Si4	B4	314	314	1	8	500	95	96		54.1
877	9	Do5	C5	318	318	1	8	500	95	96		54.2
878	9	La4	A4	305	305	1	8	500	95	96		54.3
879	9	Si4	B4	314	314	1	8	500	95	96		54.4
880	9	Sol4	G4	296	296	1	8	500	95	96		54.5
881	9	La4	A4	305	305	1	8	500	95	96		54.6
882	9	Fa4	F4	287	287	1	8	500	95	96		54.7
883	9	Mi4	E4	283	283	1	4	1000	95	96		54.9
884	9	La4	A4	305	305	1	2	2000	95	96		55.3
885	9	Mi4	E4	283	283	1	4	1000	95	96		55.5
886	9	La4	A4	305	305	1	8	500	95	96		55.6
887	9	Sol4#4	G4#4	300	300	1	8	500	95	96		55.7
888	9	La4	A4	305	305	1	8	500	95	96		55.8
889	9	Si4	B4	314	314	1	8	500	95	96		55.9
890	9	Do5	C5	318	318	1	8	500	95	96		56
891	9	Re5	D5	327	327	1	8	500	95	96		56.1
892	9	Mi5	E5	336	336	1	2	2000	95	96		56.5
893	9	La5	A5	358	358	1	4	1000	95	96		56.7
894	9	Mi5	E5	336	336	1	2	2000	95	96		57.1
895	9			-1	-1	1	4	1000	100	0		57.3
896	9	Re5	D5	327	327	3	16	750	95	96		57.45
897	9	Mi5	E5	336	336	1	16	250	95	96		57.5
898	9	Fa5	F5	340	340	1	4	1000	95	96		57.7
899	9	Re5	D5	327	327	1	4	1000	95	96		57.9
900	9	Do5	C5	318	318	3	16	750	95	96		58.05
901	9	Re5	D5	327	327	1	16	250	95	96		58.1
902	9	Mi5	E5	336	336	1	4	1000	95	96		58.3
903	9	Do5	C5	318	318	1	4	1000	95	96		58.5
904	9	Si4	B4	314	314	1	8	500	95	96		58.6
905	9	Do5	C5	318	318	1	8	500	95	96		58.7
906	9	Re5	D5	327	327	1	8	500	95	96		58.8
907	9	Si4	B4	314	314	1	8	500	95	96		58.9
908	9	Do5	C5	318	318	1	8	500	95	96		59
909	9	La4	A4	305	305	1	8	500	95	96		59.1
910	9	Si4b2	B4b1	312	313	1	8	500	95	96		59.2
911	9	Sol4#4	G4#4	300	300	1	8	500	95	96		59.3
912	9	La4	A4	305	305	1	4	1000	95	96		59.5
913	9			-1	-1	1	4	1000	100	0		59.7
914	9	Do5	C5	318	318	1	2	2000	95	96		60.1
915	9	Sol4	G4	296	296	1	4	1000	95	96		60.3
916	9	Do5	C5	318	318	1	8	500	95	96		60.4
917	9	Si4	B4	314	314	1	8	500	95	96		60.5
918	9	Do5	C5	318	318	1	8	500	95	96		60.6
919	9	Re5	D5	327	327	1	8	500	95	96		60.7
920	9	Mi5	E5	336	336	1	8	500	95	96		60.8
921	9	Fa5	F5	340	340	1	8	500	95	96		60.9
922	9	Sol5	G5	349	349	1	2	2000	95	96		61.3
923	9	Do6	C6	371	371	1	4	1000	95	96		61.5
924	9	Sol5	G5	349	349	1	2	2000	95	96		61.9
925	9			-1	-1	1	4	1000	100	0		62.1
926	9	Fa5	F5	340	340	3	16	750	95	96		62.25
927	9	Sol5	G5	349	349	1	16	250	95	96		62.3
928	9	La5	A5	358	358	1	4	1000	95	96		62.5
929	9	Fa5	F5	340	340	1	4	1000	95	96		62.7
930	9	Mi5	E5	336	336	3	16	750	95	96		62.85
931	9	Fa5	F5	340	340	1	16	250	95	96		62.9
932	9	Sol5	G5	349	349	1	4	1000	95	96		63.1
933	9	Mi5	E5	336	336	1	4	1000	95	96		63.3
934	9	Re5	D5	327	327	3	16	750	95	96		63.45
935	9	Mi5	E5	336	336	1	16	250	95	96		63.5
936	9	Fa5	F5	340	340	1	8	500	95	96		63.6
937	9	Re5	D5	327	327	1	8	500	95	96		63.7
938	9	Mi5	E5	336	336	1	8	500	95	96		63.8
939	9	Do5	C5	318	318	1	8	500	95	96		63.9
940	9	Re5	D5	327	327	1	8	500	95	96		64
941	9	Si4	B4	314	314	1	8	500	95	96		64.1
942	9	Do5	C5	318	318	1	8	500	95	96		64.2
943	9	La4	A4	305	305	1	8	500	95	96		64.3
944	9	Sol4	G4	296	296	1	4	1000	95	96		64.5
945	9	Do5	C5	318	318	1	2	2000	95	96		64.9
946	9	Sol4	G4	296	296	1	4	1000	95	96		65.1
947	9	Do5	C5	318	318	1	8	500	95	96		65.2
948	9	Si4	B4	314	314	1	8	500	95	96		65.3
949	9	Do5	C5	318	318	1	8	500	95	96		65.4
950	9	Re5	D5	327	327	1	8	500	95	96		65.5
951	9	Mi5	E5	336	336	1	8	500	95	96		65.6
952	9	Fa5	F5	340	340	1	8	500	95	96		65.7
953	9	Sol5	G5	349	349	1	2	2000	95	96		66.1
954	9	Do6	C6	371	371	1	4	1000	95	96		66.3
955	9	Sol5	G5	349	349	1	2	2000	95	96		66.7
956	9			-1	-1	1	4	1000	100	0		66.9
957	9	Fa5	F5	340	340	3	16	750	95	96		67.05
958	9	Sol5	G5	349	349	1	16	250	95	96		67.1
959	9	La5	A5	358	358	1	4	1000	95	96		67.3
960	9	Fa5	F5	340	340	1	4	1000	95	96		67.5
961	9	Mi5	E5	336	336	3	16	750	95	96		67.65
962	9	Fa5	F5	340	340	1	16	250	95	96		67.7
963	9	Sol5	G5	349	349	1	4	1000	95	96		67.9
964	9	Mi5	E5	336	336	1	4	1000	95	96		68.1
965	9	Re5	D5	327	327	3	16	750	95	96		68.25
966	9	Mi5	E5	336	336	1	16	250	95	96		68.3
967	9	Fa5	F5	340	340	1	8	500	95	96		68.4
968	9	Re5	D5	327	327	1	8	500	95	96		68.5
969	9	Mi5	E5	336	336	1	8	500	95	96		68.6
970	9	Do5	C5	318	318	1	8	500	95	96		68.7
971	9	Re5	D5	327	327	1	8	500	95	96		68.8
972	9	Si4	B4	314	314	1	8	500	95	96		68.9
973	9	Do5	C5	318	318	1	4	1000	95	96		69.1
974	9			-1	-1	1	4	1000	100	0		69.3
975	9	Sol5	G5	349	349	3	16	750	95	96		69.45
976	9	Fa5#4	F5#4	344	344	1	16	250	95	96		69.5
977	9	Sol5	G5	349	349	1	8	500	95	96		69.6
978	9	Mi6	E6	389	389	1	8	500	95	96		69.7
979	9	Mi6	E6	389	389	1	8	500	95	96		69.8
980	9	Re6	D6	380	380	1	8	500	95	96		69.9
981	9	Re6	D6	380	380	1	8	500	95	96		70
982	9	Do6	C6	371	371	1	8	500	95	96		70.1
983	9	Do6	C6	371	371	1	8	500	95	96		70.2
984	9	Si5	B5	367	367	1	8	500	95	96		70.3
985	9	Si5	B5	367	367	1	8	500	95	96		70.4
986	9	La5	A5	358	358	1	8	500	95	96		70.5
987	9	La5	A5	358	358	1	8	500	95	96		70.6
988	9	Sol5	G5	349	349	1	8	500	95	96		70.7
989	9	Sol5	G5	349	349	1	8	500	95	96		70.8
990	9	Fa5	F5	340	340	1	8	500	95	96		70.9
991	9	Fa5	F5	340	340	1	8	500	95	96		71
992	9	Mi5	E5	336	336	1	8	500	95	96		71.1
993	9	Fa5	F5	340	340	1	2	2000	95	96		71.5
994	9			-1	-1	1	4	1000	100	0		71.7
995	9	Fa5	F5	340	340	3	16	750	95	96		71.85
996	9	Mi5	E5	336	336	1	16	250	95	96		71.9
997	9	Fa5	F5	340	340	1	8	500	95	96		72
998	9	Re6	D6	380	380	1	8	500	95	96		72.1
999	9	Re6	D6	380	380	1	8	500	95	96		72.2
1000	9	Do6	C6	371	371	1	8	500	95	96		72.3
1001	9	Do6	C6	371	371	1	8	500	95	96		72.4
1002	9	Si5	B5	367	367	1	8	500	95	96		72.5
1003	9	Si5	B5	367	367	1	8	500	95	96		72.6
1004	9	La5	A5	358	358	1	8	500	95	96		72.7
1005	9	La5	A5	358	358	1	8	500	95	96		72.8
1006	9	Sol5	G5	349	349	1	8	500	95	96		72.9
1007	9	Sol5	G5	349	349	1	8	500	95	96		73
1008	9	Fa5	F5	340	340	1	8	500	95	96		73.1
1009	9	Fa5	F5	340	340	1	8	500	95	96		73.2
1010	9	Mi5	E5	336	336	1	8	500	95	96		73.3
1011	9	Mi5	E5	336	336	1	8	500	95	96		73.4
1012	9	Re5#4	D5#4	331	331	1	8	500	95	96		73.5
1013	9	Mi5	E5	336	336	1	2	2000	95	96		73.9
1014	9			-1	-1	1	4	1000	100	0		74.1
1015	9	Re5	D5	327	327	3	16	750	95	96		74.25
1016	9	Do5#4	C5#4	322	322	1	16	250	95	96		74.3
1017	9	Re5	D5	327	327	1	8	500	95	96		74.4
1018	9	La5	A5	358	358	1	8	500	95	96		74.5
1019	9	La5	A5	358	358	1	8	500	95	96		74.6
1020	9	Sol5	G5	349	349	1	8	500	95	96		74.7
1021	9	Sol5	G5	349	349	1	8	500	95	96		74.8
1022	9	Fa5	F5	340	340	1	8	500	95	96		74.9
1023	9	Fa5	F5	340	340	1	8	500	95	96		75
1024	9	Mi5	E5	336	336	1	8	500	95	96		75.1
1025	9	Mi5	E5	336	336	1	8	500	95	96		75.2
1026	9	Re5	D5	327	327	1	8	500	95	96		75.3
1027	9	Do5	C5	318	318	3	16	750	95	96		75.45
1028	9	Si4	B4	314	314	1	16	250	95	96		75.5
1029	9	Do5	C5	318	318	1	8	500	95	96		75.6
1030	9	Fa5	F5	340	340	1	8	500	95	96		75.7
1031	9	Fa5	F5	340	340	1	8	500	95	96		75.8
1032	9	Mi5	E5	336	336	1	8	500	95	96		75.9
1033	9	Mi5	E5	336	336	1	8	500	95	96		76
1034	9	Re5	D5	327	327	1	8	500	95	96		76.1
1035	9	Re5	D5	327	327	1	8	500	95	96		76.2
1036	9	Do5	C5	318	318	1	8	500	95	96		76.3
1037	9	Do5	C5	318	318	1	8	500	95	96		76.4
1038	9	Si4	B4	314	314	1	8	500	95	96		76.5
1039	9	La4	A4	305	305	3	16	750	95	96		76.65
1040	9	Sol4#4	G4#4	300	300	1	16	250	95	96		76.7
1041	9	La4	A4	305	305	1	8	500	95	96		76.8
1042	9	Si4	B4	314	314	1	8	500	95	96		76.9
1043	9	Do5	C5	318	318	1	8	500	95	96		77
1044	9	Re5	D5	327	327	1	8	500	95	96		77.1
1045	9	Mi5	E5	336	336	1	8	500	95	96		77.2
1046	9	Fa5	F5	340	340	1	8	500	95	96		77.3
1047	9	Mi5	E5	336	336	1	8	500	95	96		77.4
1048	9	Re5#4	D5#4	331	331	1	8	500	95	96		77.5
1049	9	Mi5	E5	336	336	1	8	500	95	96		77.6
1050	9	Do5	C5	318	318	1	8	500	95	96		77.7
1051	9	Si4	B4	314	314	1	8	500	95	96		77.8
1052	9	Do5	C5	318	318	1	8	500	95	96		77.9
1053	9	Re5	D5	327	327	1	8	500	95	96		78
1054	9	Si4	B4	314	314	1	8	500	95	96		78.1
1055	9	Do5	C5	318	318	1	8	500	95	96		78.2
1056	9	La4	A4	305	305	1	8	500	95	96		78.3
1057	9	Si4	B4	314	314	1	8	500	95	96		78.4
1058	9	Sol4#4	G4#4	300	300	1	8	500	95	96		78.5
1059	9	La4	A4	305	305	1	4	1000	95	96		78.7
1060	9			-1	-1	1	4	1000	100	0		78.9
1061	9	Sol5	G5	349	349	3	16	750	95	96		79.05
1062	9	Fa5#4	F5#4	344	344	1	16	250	95	96		79.1
1063	9	Sol5	G5	349	349	1	8	500	95	96		79.2
1064	9	Mi6	E6	389	389	1	8	500	95	96		79.3
1065	9	Mi6	E6	389	389	1	8	500	95	96		79.4
1066	9	Re6	D6	380	380	1	8	500	95	96		79.5
1067	9	Re6	D6	380	380	1	8	500	95	96		79.6
1068	9	Do6	C6	371	371	1	8	500	95	96		79.7
1069	9	Do6	C6	371	371	1	8	500	95	96		79.8
1070	9	Si5	B5	367	367	1	8	500	95	96		79.9
1071	9	Si5	B5	367	367	1	8	500	95	96		80
1072	9	La5	A5	358	358	1	8	500	95	96		80.1
1073	9	La5	A5	358	358	1	8	500	95	96		80.2
1074	9	Sol5	G5	349	349	1	8	500	95	96		80.3
1075	9	Sol5	G5	349	349	1	8	500	95	96		80.4
1076	9	Fa5	F5	340	340	1	8	500	95	96		80.5
1077	9	Fa5	F5	340	340	1	8	500	95	96		80.6
1078	9	Mi5	E5	336	336	1	8	500	95	96		80.7
1079	9	Fa5	F5	340	340	1	2	2000	95	96		81.1
1080	9			-1	-1	1	4	1000	100	0		81.3
1081	9	Fa5	F5	340	340	3	16	750	95	96		81.45
1082	9	Mi5	E5	336	336	1	16	250	95	96		81.5
1083	9	Fa5	F5	340	340	1	8	500	95	96		81.6
1084	9	Re6	D6	380	380	1	8	500	95	96		81.7
1085	9	Re6	D6	380	380	1	8	500	95	96		81.8
1086	9	Do6	C6	371	371	1	8	500	95	96		81.9
1087	9	Do6	C6	371	371	1	8	500	95	96		82
1088	9	Si5	B5	367	367	1	8	500	95	96		82.1
1089	9	Si5	B5	367	367	1	8	500	95	96		82.2
1090	9	La5	A5	358	358	1	8	500	95	96		82.3
1091	9	La5	A5	358	358	1	8	500	95	96		82.4
1092	9	Sol5	G5	349	349	1	8	500	95	96		82.5
1093	9	Sol5	G5	349	349	1	8	500	95	96		82.6
1094	9	Fa5	F5	340	340	1	8	500	95	96		82.7
1095	9	Fa5	F5	340	340	1	8	500	95	96		82.8
1096	9	Mi5	E5	336	336	1	8	500	95	96		82.9
1097	9	Mi5	E5	336	336	1	8	500	95	96		83
1098	9	Re5#4	D5#4	331	331	1	8	500	95	96		83.1
1099	9	Mi5	E5	336	336	1	2	2000	95	96		83.5
1100	9			-1	-1	1	4	1000	100	0		83.7
1101	9	Re5	D5	327	327	3	16	750	95	96		83.85
1102	9	Do5#4	C5#4	322	322	1	16	250	95	96		83.9
1103	9	Re5	D5	327	327	1	8	500	95	96		84
1104	9	La5	A5	358	358	1	8	500	95	96		84.1
1105	9	La5	A5	358	358	1	8	500	95	96		84.2
1106	9	Sol5	G5	349	349	1	8	500	95	96		84.3
1107	9	Sol5	G5	349	349	1	8	500	95	96		84.4
1108	9	Fa5	F5	340	340	1	8	500	95	96		84.5
1109	9	Fa5	F5	340	340	1	8	500	95	96		84.6
1110	9	Mi5	E5	336	336	1	8	500	95	96		84.7
1111	9	Mi5	E5	336	336	1	8	500	95	96		84.8
1112	9	Re5	D5	327	327	1	8	500	95	96		84.9
1113	9	Do5	C5	318	318	3	16	750	95	96		85.05
1114	9	Si4	B4	314	314	1	16	250	95	96		85.1
1115	9	Do5	C5	318	318	1	8	500	95	96		85.2
1116	9	Fa5	F5	340	340	1	8	500	95	96		85.3
1117	9	Fa5	F5	340	340	1	8	500	95	96		85.4
1118	9	Mi5	E5	336	336	1	8	500	95	96		85.5
1119	9	Mi5	E5	336	336	1	8	500	95	96		85.6
1120	9	Re5	D5	327	327	1	8	500	95	96		85.7
1121	9	Re5	D5	327	327	1	8	500	95	96		85.8
1122	9	Do5	C5	318	318	1	8	500	95	96		85.9
1123	9	Do5	C5	318	318	1	8	500	95	96		86
1124	9	Si4	B4	314	314	1	8	500	95	96		86.1
1125	9	La4	A4	305	305	3	16	750	95	96		86.25
1126	9	Sol4#4	G4#4	300	300	1	16	250	95	96		86.3
1127	9	La4	A4	305	305	1	8	500	95	96		86.4
1128	9	Si4	B4	314	314	1	8	500	95	96		86.5
1129	9	Do5	C5	318	318	1	8	500	95	96		86.6
1130	9	Re5	D5	327	327	1	8	500	95	96		86.7
1131	9	Mi5	E5	336	336	1	8	500	95	96		86.8
1132	9	Fa5	F5	340	340	1	8	500	95	96		86.9
1133	9	Mi5	E5	336	336	1	8	500	95	96		87
1134	9	Re5#4	D5#4	331	331	1	8	500	95	96		87.1
1135	9	Mi5	E5	336	336	1	8	500	95	96		87.2
1136	9	Do5	C5	318	318	1	8	500	95	96		87.3
1137	9	Si4	B4	314	314	1	8	500	95	96		87.4
1138	9	Do5	C5	318	318	1	8	500	95	96		87.5
1139	9	Re5	D5	327	327	1	8	500	95	96		87.6
1140	9	Si4	B4	314	314	1	8	500	95	96		87.7
1141	9	Do5	C5	318	318	1	8	500	95	96		87.8
1142	9	La4	A4	305	305	1	8	500	95	96		87.9
1143	9	Si4	B4	314	314	1	8	500	95	96		88
1144	9	Sol4#4	G4#4	300	300	1	8	500	95	96		88.1
1145	9	La4	A4	305	305	1	4	1000	95	96		88.3
1146	9			-1	-1	1	4	1000	100	0		88.5
1147	9	Do5	C5	318	318	1	4	1000	95	96		88.7
1148	9	Do5	C5	318	318	1	4	1000	95	96		88.9
1149	9	Do5	C5	318	318	1	8	500	95	96		89
1150	9	Do5	C5	318	318	1	8	500	95	96		89.1
1151	9	Do5	C5	318	318	1	8	500	95	96		89.2
1152	9	Do5	C5	318	318	1	4	1000	95	96		89.4
1153	9	Do5	C5	318	318	1	4	1000	95	96		89.6
1154	9	Do5	C5	318	318	1	8	500	95	96		89.7
1155	9	Do5	C5	318	318	1	8	500	95	96		89.8
1156	9	Do5	C5	318	318	1	8	500	95	96		89.9
1157	9	Sol4	G4	296	296	1	4	1000	95	96		90.1
1158	9	La4	A4	305	305	1	8	500	95	96		90.2
1159	9	Si4	B4	314	314	1	8	500	95	96		90.3
1160	9	Do5	C5	318	318	1	8	500	95	96		90.4
1161	9	Re5	D5	327	327	1	8	500	95	96		90.5
1162	9	Mi5	E5	336	336	1	8	500	95	96		90.6
1163	9	Fa5	F5	340	340	3	16	750	95	96		90.75
1164	9	Mi5	E5	336	336	1	16	250	95	96		90.8
1165	9	Fa5	F5	340	340	1	8	500	95	96		90.9
1166	9	La5	A5	358	358	1	8	500	95	96		91
1167	9	Sol5	G5	349	349	1	4	1000	95	96		91.2
1168	9			-1	-1	1	8	500	100	0		91.3
1169	9	La5	A5	358	358	1	8	500	95	96		91.4
1170	9	Si5	B5	367	367	1	8	500	95	96		91.5
1171	9	Re6	D6	380	380	1	8	500	95	96		91.6
1172	9	Do6	C6	371	371	1	8	500	95	96		91.7
1173	9	Si5b5	B5b5	362	362	1	8	500	95	96		91.8
1174	9	La5	A5	358	358	1	8	500	95	96		91.9
1175	9	Sol5	G5	349	349	1	8	500	95	96		92
1176	9	Fa5	F5	340	340	3	16	750	95	96		92.15
1177	9	Mi5	E5	336	336	1	16	250	95	96		92.2
1178	9	Re5#4	D5#4	331	331	1	8	500	95	96		92.3
1179	9	Fa5	F5	340	340	1	8	500	95	96		92.4
1180	9	Mi5	E5	336	336	1	4	1000	95	96		92.6
1181	9			-1	-1	1	8	500	100	0		92.7
1182	9	Do6	C6	371	371	3	16	750	95	96		92.85
1183	9	Si5	B5	367	367	1	16	250	95	96		92.9
1184	9	La5	A5	358	358	1	8	500	95	96		93
1185	9	Re6	D6	380	380	1	8	500	95	96		93.1
1186	9	Do6	C6	371	371	1	8	500	95	96		93.2
1187	9	Si5b5	B5b5	362	362	1	8	500	95	96		93.3
1188	9	La5	A5	358	358	1	8	500	95	96		93.4
1189	9	Sol5	G5	349	349	3	16	750	95	96		93.55
1190	9	Fa5	F5	340	340	1	16	250	95	96		93.6
1191	9	Sol5	G5	349	349	1	8	500	95	96		93.7
1192	9	La5	A5	358	358	1	8	500	95	96		93.8
1193	9	Sol5	G5	349	349	1	8	500	95	96		93.9
1194	9	Fa5	F5	340	340	1	8	500	95	96		94
1195	9	Mi5	E5	336	336	1	8	500	95	96		94.1
1196	9	Re5	D5	327	327	3	16	750	95	96		94.25
1197	9	Do5	C5	318	318	1	16	250	95	96		94.3
1198	9	Re5	D5	327	327	1	8	500	95	96		94.4
1199	9	Mi5	E5	336	336	1	8	500	95	96		94.5
1200	9	Sol5	G5	349	349	1	8	500	95	96		94.6
1201	9	Fa5	F5	340	340	1	8	500	95	96		94.7
1202	9	Re5	D5	327	327	1	8	500	95	96		94.8
1203	9	Do5	C5	318	318	1	4	1000	95	96		95
1204	9	Do5	C5	318	318	1	4	1000	95	96		95.2
1205	9	Do5	C5	318	318	1	4	1000	95	96		95.4
1206	9			-1	-1	1	8	500	100	0		95.5
1207	9	Sol4	G4	296	296	1	4	1000	95	96		95.7
1208	9	La4	A4	305	305	1	8	500	95	96		95.8
1209	9	Si4	B4	314	314	1	8	500	95	96		95.9
1210	9	Do5	C5	318	318	1	8	500	95	96		96
1211	9	Re5	D5	327	327	1	8	500	95	96		96.1
1212	9	Mi5	E5	336	336	1	8	500	95	96		96.2
1213	9	Fa5	F5	340	340	3	16	750	95	96		96.35
1214	9	Mi5	E5	336	336	1	16	250	95	96		96.4
1215	9	Fa5	F5	340	340	1	8	500	95	96		96.5
1216	9	La5	A5	358	358	1	8	500	95	96		96.6
1217	9	Sol5	G5	349	349	1	4	1000	95	96		96.8
1218	9			-1	-1	1	8	500	100	0		96.9
1219	9	La5	A5	358	358	1	8	500	95	96		97
1220	9	Si5	B5	367	367	1	8	500	95	96		97.1
1221	9	Re6	D6	380	380	1	8	500	95	96		97.2
1222	9	Do6	C6	371	371	1	8	500	95	96		97.3
1223	9	Si5b5	B5b5	362	362	1	8	500	95	96		97.4
1224	9	La5	A5	358	358	1	8	500	95	96		97.5
1225	9	Sol5	G5	349	349	1	8	500	95	96		97.6
1226	9	Fa5	F5	340	340	3	16	750	95	96		97.75
1227	9	Mi5	E5	336	336	1	16	250	95	96		97.8
1228	9	Re5#4	D5#4	331	331	1	8	500	95	96		97.9
1229	9	Fa5	F5	340	340	1	8	500	95	96		98
1230	9	Mi5	E5	336	336	1	4	1000	95	96		98.2
1231	9			-1	-1	1	8	500	100	0		98.3
1232	9	Do6	C6	371	371	3	16	750	95	96		98.45
1233	9	Si5	B5	367	367	1	16	250	95	96		98.5
1234	9	La5	A5	358	358	1	8	500	95	96		98.6
1235	9	Re6	D6	380	380	1	8	500	95	96		98.7
1236	9	Do6	C6	371	371	1	8	500	95	96		98.8
1237	9	Si5b5	B5b5	362	362	1	8	500	95	96		98.9
1238	9	La5	A5	358	358	1	8	500	95	96		99
1239	9	Sol5	G5	349	349	3	16	750	95	96		99.15
1240	9	Fa5	F5	340	340	1	16	250	95	96		99.2
1241	9	Sol5	G5	349	349	1	8	500	95	96		99.3
1242	9	La5	A5	358	358	1	8	500	95	96		99.4
1243	9	Sol5	G5	349	349	1	8	500	95	96		99.5
1244	9	Fa5	F5	340	340	1	8	500	95	96		99.6
1245	9	Mi5	E5	336	336	1	8	500	95	96		99.7
1246	9	Re5	D5	327	327	3	16	750	95	96		99.85
1247	9	Do5	C5	318	318	1	16	250	95	96		99.9
1248	9	Re5	D5	327	327	1	8	500	95	96		100
1249	9	Mi5	E5	336	336	1	8	500	95	96		100.1
1250	9	Sol5	G5	349	349	1	8	500	95	96		100.2
1251	9	Fa5	F5	340	340	1	8	500	95	96		100.3
1252	9	Re5	D5	327	327	1	8	500	95	96		100.4
1253	9	Do5	C5	318	318	1	4	1000	95	96		100.6
1254	9	Do5	C5	318	318	1	4	1000	95	96		100.8
1255	9	Do5	C5	318	318	1	4	1000	95	96		101
1256	9			-1	-1	1	8	500	100	0		101.1
1257	9	Do6	C6	371	371	3	16	750	95	96		101.25
1258	9	Si5	B5	367	367	1	16	250	95	96		101.3
1259	9	Do6	C6	371	371	1	8	500	95	96		101.4
1260	9	Re6	D6	380	380	1	8	500	95	96		101.5
1261	9	Do6	C6	371	371	1	4	1000	95	96		101.7
1262	9			-1	-1	1	8	500	100	0		101.8
1263	9	Sol5	G5	349	349	3	16	750	95	96		101.95
1264	9	Fa5#4	F5#4	344	344	1	16	250	95	96		102
1265	9	Sol5	G5	349	349	1	8	500	95	96		102.1
1266	9	La5	A5	358	358	1	8	500	95	96		102.2
1267	9	Sol5	G5	349	349	1	4	1000	95	96		102.4
1268	9			-1	-1	1	8	500	100	0		102.5
1269	9	La5	A5	358	358	1	16	250	95	96		102.55
1270	9	Si5b5	B5b5	362	362	3	16	750	95	96		102.7
1271	9	Si5b5	B5b5	362	362	1	16	250	95	96		102.75
1272	9	La5	A5	358	358	3	16	750	95	96		102.9
1273	9	Sol5	G5	349	349	3	16	750	95	96		103.05
1274	9	Fa5#4	F5#4	344	344	1	16	250	95	96		103.1
1275	9	Sol5	G5	349	349	1	8	500	95	96		103.2
1276	9	Fa5#4	F5#4	344	344	1	16	250	95	96		103.25
1277	9	Sol5	G5	349	349	3	16	750	95	96		103.4
1278	9	Sol5	G5	349	349	1	16	250	95	96		103.45
1279	9	Fa5#4	F5#4	344	344	3	16	750	95	96		103.6
1280	9	Mi5	E5	336	336	3	16	750	95	96		103.75
1281	9	Re5#4	D5#4	331	331	1	16	250	95	96		103.8
1282	9	Mi5	E5	336	336	1	8	500	95	96		103.9
1283	9	Re6	D6	380	380	1	8	500	95	96		104
1284	9	Do6	C6	371	371	1	8	500	95	96		104.1
1285	9	Do6	C6	371	371	1	8	500	95	96		104.2
1286	9	La5	A5	358	358	1	8	500	95	96		104.3
1287	9	Si5b5	B5b5	362	362	3	16	750	95	96		104.45
1288	9	La5	A5	358	358	1	16	250	95	96		104.5
1289	9	Sol5	G5	349	349	1	8	500	95	96		104.6
1290	9	Fa5#4	F5#4	344	344	1	16	250	95	96		104.65
1291	9	Sol5	G5	349	349	3	16	750	95	96		104.8
1292	9	Sol5	G5	349	349	3	16	750	95	96		104.95
1293	9	Fa5	F5	340	340	1	16	250	95	96		105
1294	9	Mi5	E5	336	336	3	16	750	95	96		105.15
1295	9	Re5#4	D5#4	331	331	1	16	250	95	96		105.2
1296	9	Mi5	E5	336	336	1	8	500	95	96		105.3
1297	9	Si5b5	B5b5	362	362	3	16	750	95	96		105.45
1298	9	La5	A5	358	358	1	16	250	95	96		105.5
1299	9	Sol5	G5	349	349	1	8	500	95	96		105.6
1300	9	Fa5	F5	340	340	1	8	500	95	96		105.7
1301	9	Mi5	E5	336	336	1	8	500	95	96		105.8
1302	9	Re5#4	D5#4	331	331	1	8	500	95	96		105.9
1303	9	Mi5	E5	336	336	1	8	500	95	96		106
1304	9	Do5	C5	318	318	1	4	1000	95	96		106.2
1305	9	Do5	C5	318	318	1	4	1000	95	96		106.4
1306	9	Do5	C5	318	318	1	4	1000	95	96		106.6
1307	9			-1	-1	1	8	500	100	0		106.7
1308	9	Do6	C6	371	371	3	16	750	95	96		106.85
1309	9	Si5	B5	367	367	1	16	250	95	96		106.9
1310	9	Do6	C6	371	371	1	8	500	95	96		107
1311	9	Re6	D6	380	380	1	8	500	95	96		107.1
1312	9	Do6	C6	371	371	1	4	1000	95	96		107.3
1313	9			-1	-1	1	8	500	100	0		107.4
1314	9	Sol5	G5	349	349	3	16	750	95	96		107.55
1315	9	Fa5#4	F5#4	344	344	1	16	250	95	96		107.6
1316	9	Sol5	G5	349	349	1	8	500	95	96		107.7
1317	9	La5	A5	358	358	1	8	500	95	96		107.8
1318	9	Sol5	G5	349	349	1	4	1000	95	96		108
1319	9			-1	-1	1	8	500	100	0		108.1
1320	9	La5	A5	358	358	1	16	250	95	96		108.15
1321	9	Si5b5	B5b5	362	362	3	16	750	95	96		108.3
1322	9	Si5b5	B5b5	362	362	1	16	250	95	96		108.35
1323	9	La5	A5	358	358	3	16	750	95	96		108.5
1324	9	Sol5	G5	349	349	3	16	750	95	96		108.65
1325	9	Fa5#4	F5#4	344	344	1	16	250	95	96		108.7
1326	9	Sol5	G5	349	349	1	8	500	95	96		108.8
1327	9	Fa5#4	F5#4	344	344	1	16	250	95	96		108.85
1328	9	Sol5	G5	349	349	3	16	750	95	96		109
1329	9	Sol5	G5	349	349	1	16	250	95	96		109.05
1330	9	Fa5#4	F5#4	344	344	3	16	750	95	96		109.2
1331	9	Mi5	E5	336	336	3	16	750	95	96		109.35
1332	9	Re5#4	D5#4	331	331	1	16	250	95	96		109.4
1333	9	Mi5	E5	336	336	1	8	500	95	96		109.5
1334	9	Re6	D6	380	380	1	8	500	95	96		109.6
1335	9	Do6	C6	371	371	1	8	500	95	96		109.7
1336	9	Do6	C6	371	371	1	8	500	95	96		109.8
1337	9	La5	A5	358	358	1	8	500	95	96		109.9
1338	9	Si5b5	B5b5	362	362	3	16	750	95	96		110.05
1339	9	La5	A5	358	358	1	16	250	95	96		110.1
1340	9	Sol5	G5	349	349	1	8	500	95	96		110.2
1341	9	Fa5#4	F5#4	344	344	1	16	250	95	96		110.25
1342	9	Sol5	G5	349	349	3	16	750	95	96		110.4
1343	9	Sol5	G5	349	349	3	16	750	95	96		110.55
1344	9	Fa5	F5	340	340	1	16	250	95	96		110.6
1345	9	Mi5	E5	336	336	3	16	750	95	96		110.75
1346	9	Re5#4	D5#4	331	331	1	16	250	95	96		110.8
1347	9	Mi5	E5	336	336	1	8	500	95	96		110.9
1348	9	Si5b5	B5b5	362	362	3	16	750	95	96		111.05
1349	9	La5	A5	358	358	1	16	250	95	96		111.1
1350	9	Sol5	G5	349	349	1	8	500	95	96		111.2
1351	9	Fa5	F5	340	340	1	8	500	95	96		111.3
1352	9	Mi5	E5	336	336	1	8	500	95	96		111.4
1353	9	Re5#4	D5#4	331	331	1	8	500	95	96		111.5
1354	9	Mi5	E5	336	336	1	8	500	95	96		111.6
1355	9	Do5	C5	318	318	1	4	1000	95	96		111.8
1356	9	Do5	C5	318	318	1	4	1000	95	96		112
1357	9	Do5	C5	318	318	1	4	1000	95	96		112.2
1358	9			-1	-1	1	8	500	100	0		112.3
1359	9	Do5	C5	318	318	1	8	500	95	96		112.4
1360	9	Sol5	G5	349	349	1	8	500	95	96	TESLÝM	112.5
1361	8	La5	A5	358	358	0	0	0	95	96		112.5
1362	9	Sol5	G5	349	349	1	16	250	95	96		112.55
1363	9	Fa5	F5	340	340	1	16	250	95	96		112.6
1364	9	Sol5	G5	349	349	3	32	375	95	96		112.675
1365	9	Fa5	F5	340	340	1	32	125	95	96		112.7
1366	9	Sol5	G5	349	349	1	16	250	95	96		112.75
1367	9	La5	A5	358	358	1	16	250	95	96		112.8
1368	9	Si5b5	B5b5	362	362	1	32	125	95	96		112.825
1369	9	La5	A5	358	358	1	32	125	95	96		112.85
1370	9	Si5b5	B5b5	362	362	1	32	125	95	96		112.875
1371	9	Do6	C6	371	371	1	32	125	95	96		112.9
1372	9	La5	A5	358	358	1	16	250	95	96		112.95
1373	9	Sol5	G5	349	349	1	16	250	95	96		113
1374	9	Sol5	G5	349	349	1	4	1000	95	96		113.2
1375	9	Fa5	F5	340	340	1	16	250	95	96		113.25
1376	9	Sol5	G5	349	349	1	16	250	95	96		113.3
1377	9	La5	A5	358	358	1	4	1000	95	96		113.5
1378	9	Sol5	G5	349	349	1	16	250	95	96		113.55
1379	9	Fa5	F5	340	340	1	16	250	95	96		113.6
1380	9	Re6	D6	380	380	1	32	125	95	96		113.625
1381	9	Do6	C6	371	371	3	32	375	95	96		113.7
1382	9	Do6	C6	371	371	1	32	125	95	96		113.725
1383	9	Si5b5	B5b5	362	362	3	32	375	95	96		113.8
1384	9	Si5b5	B5b5	362	362	1	32	125	95	96		113.825
1385	9	La5	A5	358	358	3	32	375	95	96		113.9
1386	9	La5	A5	358	358	1	32	125	95	96		113.925
1387	9	Sol5	G5	349	349	3	32	375	95	96		114
1388	9	La5	A5	358	358	3	32	375	95	96		114.075
1389	9	Sol5	G5	349	349	1	32	125	95	96		114.1
1390	9	Fa5	F5	340	340	1	8	500	95	96		114.2
1391	9	Mi5	E5	336	336	1	16	250	95	96		114.25
1392	9	Fa5	F5	340	340	1	16	250	95	96		114.3
1393	9	Sol5	G5	349	349	3	32	375	95	96		114.375
1394	9	Fa5	F5	340	340	1	32	125	95	96		114.4
1395	9	Mi5	E5	336	336	1	8	500	95	96		114.5
1396	9	Re5	D5	327	327	1	16	250	95	96		114.55
1397	9	Mi5	E5	336	336	1	16	250	95	96		114.6
1398	9	Fa5	F5	340	340	3	32	375	95	96		114.675
1399	9	Mi5	E5	336	336	1	32	125	95	96		114.7
1400	9	Re5	D5	327	327	1	8	500	95	96		114.8
1401	9	Mi5b5	E5b5	331	331	3	32	375	95	96		114.875
1402	9	Re5	D5	327	327	1	32	125	95	96		114.9
1403	9	Do5	C5	318	318	1	8	500	95	96		115
1404	9	Si5b5	B5b5	362	362	3	32	375	95	96		115.075
1405	9	La5	A5	358	358	1	32	125	95	96		115.1
1406	9	Sol5	G5	349	349	1	16	250	95	96		115.15
1407	9	Fa5#4	F5#4	344	344	1	16	250	95	96		115.2
1408	9	Sol5	G5	349	349	1	8	500	95	96		115.3
1409	9	Re5	D5	327	327	1	8	500	95	96		115.4
1410	8	Fa5#4	F5#4	344	344	0	0	0	95	96		115.4
1411	9	Mi5b5	E5b5	331	331	1	8	500	95	96		115.5
1412	9	Re5	D5	327	327	1	16	250	95	96		115.55
1413	9	Do5	C5	318	318	1	16	250	95	96		115.6
1414	9	Si4	B4	314	314	1	8	500	95	96		115.7
1415	9	Do5	C5	318	318	1	8	500	95	96		115.8
1416	9	Re5	D5	327	327	3	32	375	95	96		115.875
1417	9	Mi5b5	E5b5	331	331	1	32	125	95	96		115.9
1418	9	Re5	D5	327	327	1	16	250	95	96		115.95
1419	9	Do5	C5	318	318	1	16	250	95	96		116
1420	9	Do5	C5	318	318	1	4	1000	95	96		116.2
1421	9			-1	-1	1	8	500	100	0		116.3
1422	9	Fa5	F5	340	340	1	4	1000	95	96		116.5
1423	9	Mi5	E5	336	336	1	8	500	95	96		116.6
1424	9	Sol5	G5	349	349	1	8	500	95	96		116.7
1425	9	Fa5	F5	340	340	1	16	250	95	96		116.75
1426	9	Mi5	E5	336	336	1	16	250	95	96		116.8
1427	9	Mi5b5	E5b5	331	331	1	32	125	95	96		116.825
1428	9	Re5	D5	327	327	1	32	125	95	96		116.85
1429	9	Mi5b5	E5b5	331	331	1	32	125	95	96		116.875
1430	9	Fa5	F5	340	340	1	32	125	95	96		116.9
1431	9	Mi5b5	E5b5	331	331	1	16	250	95	96		116.95
1432	9	Re5	D5	327	327	1	16	250	95	96		117
1433	9	Re5	D5	327	327	1	4	1000	95	96		117.2
1434	9	Do5	C5	318	318	1	16	250	95	96		117.25
1435	9	Re5	D5	327	327	1	16	250	95	96		117.3
1436	9	Mi5b5	E5b5	331	331	1	32	125	95	96		117.325
1437	9	Re5	D5	327	327	1	32	125	95	96		117.35
1438	9	Mi5b5	E5b5	331	331	1	32	125	95	96		117.375
1439	9	Fa5	F5	340	340	1	32	125	95	96		117.4
1440	9	Mi5b5	E5b5	331	331	1	16	250	95	96		117.45
1441	9	Re5	D5	327	327	1	16	250	95	96		117.5
1442	9	Do5	C5	318	318	1	8	500	95	96		117.6
1443	9	Fa5	F5	340	340	1	32	125	95	96		117.625
1444	9	Mi5	E5	336	336	1	32	125	95	96		117.65
1445	9	Fa5	F5	340	340	1	32	125	95	96		117.675
1446	9	Sol5	G5	349	349	1	32	125	95	96		117.7
1447	9	Fa5	F5	340	340	1	16	250	95	96		117.75
1448	9	Mi5	E5	336	336	1	16	250	95	96		117.8
1449	9	Re5	D5	327	327	1	8	500	95	96		117.9
1450	9	Sol5	G5	349	349	1	32	125	95	96		117.925
1451	9	Fa5	F5	340	340	1	32	125	95	96		117.95
1452	9	Sol5	G5	349	349	1	32	125	95	96		117.975
1453	9	La5	A5	358	358	1	32	125	95	96		118
1454	9	Sol5	G5	349	349	1	16	250	95	96		118.05
1455	9	Fa5	F5	340	340	1	16	250	95	96		118.1
1456	9	Mi5	E5	336	336	1	8	500	95	96		118.2
1457	9	Do6	C6	371	371	1	8	500	95	96		118.3
1458	9	Si5b5	B5b5	362	362	1	8	500	95	96		118.4
1459	9	La5	A5	358	358	1	8	500	95	96		118.5
1460	9	Sol5	G5	349	349	1	8	500	95	96		118.6
1461	9	Mi6	E6	389	389	1	24	167	95	96		118.6333
1462	9	Re6	D6	380	380	1	24	167	95	96		118.6667
1463	9	Do6	C6	371	371	1	24	167	95	96		118.7
1464	9	Si5b5	B5b5	362	362	1	24	167	95	96		118.7333
1465	9	La5	A5	358	358	1	24	167	95	96		118.7667
1466	9	Sol5	G5	349	349	1	24	167	95	96		118.8
1467	9	Si5b5	B5b5	362	362	1	24	167	95	96		118.8333
1468	9	La5	A5	358	358	1	24	167	95	96		118.8667
1469	9	Sol5	G5	349	349	1	24	167	95	96		118.9
1470	9	Fa5	F5	340	340	1	24	167	95	96		118.9333
1471	9	Mi5	E5	336	336	1	24	167	95	96		118.9667
1472	9	Re5	D5	327	327	1	24	167	95	96		119
1473	9	Fa5	F5	340	340	1	24	167	95	96		119.0333
1474	9	Mi5	E5	336	336	1	24	167	95	96		119.0667
1475	9	Re5	D5	327	327	1	24	167	95	96		119.1
1476	9	Do5	C5	318	318	1	24	167	95	96		119.1333
1477	9	Si4	B4	314	314	1	24	167	95	96		119.1667
1478	9	La4	A4	305	305	1	24	167	95	96		119.2
1479	9	Sol4	G4	296	296	1	8	500	95	96		119.3
1480	8	Sol5	G5	349	349	0	0	0	95	96		119.3
1481	9	Fa5	F5	340	340	1	8	500	95	96		119.4
1482	9	Mi5	E5	336	336	1	8	500	95	96		119.5
1483	9	Re5	D5	327	327	1	8	500	95	96		119.6
1484	9	Do5	C5	318	318	1	32	125	95	96		119.625
1485	9	Si4	B4	314	314	1	32	125	95	96		119.65
1486	9	Do5	C5	318	318	1	32	125	95	96		119.675
1487	9	Re5	D5	327	327	1	32	125	95	96		119.7
1488	9	Do5	C5	318	318	1	16	250	95	96		119.75
1489	9	Si4	B4	314	314	1	16	250	95	96		119.8
1490	9	Si4	B4	314	314	1	16	250	95	96		119.85
1491	10	La4	A4	305	305	1	16	250	95	96		119.9
1492	8	Si4	B4	314	314	0	0	0	95	96		119.9
1493	9	La4	A4	305	305	1	16	250	95	96		119.95
1494	9	Sol4#4	G4#4	300	300	1	16	250	95	96		120
1495	9	La4	A4	305	305	1	4	1000	95	96		120.2
1496	9			-1	-1	1	8	500	100	0		120.3
