Sira	Kod	Nota53	NotaAE	Koma53	KomaAE	Pay	Payda	Ms	LNS	Bas	Soz1	Offset
1	9	Sol4	G4	296	296	1	8	435	95	96	ARANAÐME	5.555556E-02
2	9	La4	A4	305	305	1	4	870	95	96	.	0.1666667
3	9	Fa5	F5	340	340	1	8	435	95	96	.	0.2222222
4	9	Mi5	E5	336	336	1	8	435	95	96	.	0.2777778
5	9	Fa5	F5	340	340	1	16	217	95	96	.	0.3055556
6	9	Mi5	E5	336	336	1	16	217	95	96	.	0.3333333
7	9	Re5	D5	327	327	1	4	870	95	96	.	0.4444444
8	9	Re5	D5	327	327	1	8	435	95	96	.	0.5
9	9	Mi5	E5	336	336	1	16	217	95	96	.	0.5277778
10	9	Re5	D5	327	327	1	16	217	95	96	.	0.5555556
11	9	Do5	C5	318	318	1	8	435	95	96	.	0.6111111
12	9	Si4b2	B4b1	312	313	1	8	435	95	96	.	0.6666667
13	9	Do5	C5	318	318	1	16	217	95	96	.	0.6944444
14	9	Re5	D5	327	327	1	16	217	95	96	.	0.7222222
15	9	Do5	C5	318	318	1	8	435	95	96	.	0.7777778
16	9	Re5	D5	327	327	1	8	435	95	96	.	0.8333333
17	9	Mi5	E5	336	336	1	16	217	95	96	.	0.8611111
18	9	Re5	D5	327	327	1	16	217	95	96	.	0.8888889
19	9	Re5	D5	327	327	1	4	870	95	96	.	1
20	9	Re5	D5	327	327	1	16	217	95	96	.	1.027778
21	9	Mi5	E5	336	336	1	16	217	95	96	.	1.055556
22	9	Re5	D5	327	327	1	16	217	95	96	.	1.083333
23	9	Fa5	F5	340	340	1	16	217	95	96	.	1.111111
24	9	Mi5	E5	336	336	1	8	435	95	96	.	1.166667
25	9	Re5	D5	327	327	1	8	435	95	96	.	1.222222
26	9	Do5	C5	318	318	1	8	435	95	96	.	1.277778
27	9	Si4b2	B4b1	312	313	1	8	435	95	96	.	1.333333
28	9	La4	A4	305	305	1	8	435	95	96	.	1.388889
29	9	Sol4	G4	296	296	1	8	435	95	96	.	1.444444
30	9	La4	A4	305	305	1	16	217	95	96	.	1.472222
31	9	Si4b2	B4b1	312	313	1	16	217	95	96	.	1.5
32	9	Do5	C5	318	318	1	16	217	95	96	.	1.527778
33	9	Re5	D5	327	327	1	16	217	95	96	.	1.555556
34	9	Mi5	E5	336	336	1	16	217	95	96	.	1.583333
35	9	Fa5	F5	340	340	1	16	217	95	96	.	1.611111
36	9	Sol5	G5	349	349	1	16	217	95	96	.	1.638889
37	9	Mi5	E5	336	336	1	16	217	95	96	.	1.666667
38	9	Fa5	F5	340	340	1	4	870	95	96	.	1.777778
39	9	Sol5	G5	349	349	1	16	217	95	96	.	1.805556
40	9	Fa5	F5	340	340	1	16	217	95	96	.	1.833333
41	9	Mi5	E5	336	336	1	16	217	95	96	.	1.861111
42	9	Fa5	F5	340	340	1	16	217	95	96	.	1.888889
43	9	Sol5	G5	349	349	1	4	870	95	96	.	2
44	9	Sol5	G5	349	349	1	16	217	95	96	.	2.027778
45	9	Fa5	F5	340	340	1	16	217	95	96	.	2.055556
46	9	Mi5	E5	336	336	1	16	217	95	96	.	2.083333
47	9	Fa5	F5	340	340	1	16	217	95	96	.	2.111111
48	9	Sol5	G5	349	349	1	16	217	95	96	.	2.138889
49	9	La5	A5	358	358	1	16	217	95	96	.	2.166667
50	9	Sol5	G5	349	349	1	16	217	95	96	.	2.194444
51	9	Si5b5	B5b5	362	362	1	16	217	95	96	.	2.222222
52	9	La5	A5	358	358	1	8	435	95	96	.	2.277778
53	9	Sol5	G5	349	349	1	8	435	95	96	.	2.333333
54	9	Fa5	F5	340	340	1	8	435	95	96	.	2.388889
55	9	Mi5	E5	336	336	1	8	435	95	96	.	2.444444
56	9	Fa5	F5	340	340	1	16	217	95	96	.	2.472222
57	9	Mi5	E5	336	336	1	16	217	95	96	.	2.5
58	9	Fa5	F5	340	340	1	16	217	95	96	.	2.527778
59	9	Sol5	G5	349	349	1	16	217	95	96	.	2.555556
60	9	La5	A5	358	358	1	16	217	95	96	.	2.583333
61	9	Sol5	G5	349	349	1	16	217	95	96	.	2.611111
62	9	Fa5	F5	340	340	1	16	217	95	96	.	2.638889
63	9	Mi5	E5	336	336	1	16	217	95	96	.	2.666667
64	9	Re5	D5	327	327	1	16	217	95	96	.	2.694444
65	9	Do5	C5	318	318	1	16	217	95	96	.	2.722222
66	9	Si4b2	B4b1	312	313	1	16	217	95	96	.	2.75
67	9	Re5	D5	327	327	1	16	217	95	96	.	2.777778
68	9	Do5	C5	318	318	1	8	435	95	96	.	2.833333
69	9	Si4b2	B4b1	312	313	1	8	435	95	96	.	2.888889
70	9	La4	A4	305	305	1	8	435	95	96	.	2.944444
71	9	Sol4	G4	296	296	1	8	435	95	96	.	3
72	9	Mi5	E5	336	336	1	16	217	95	96	.	3.027778
73	9	Sol5	G5	349	349	1	16	217	95	96	.	3.055556
74	9	Fa5	F5	340	340	1	4	870	95	96	.	3.166667
75	9	Fa5	F5	340	340	1	16	217	95	96	.	3.194444
76	9	Mi5	E5	336	336	1	16	217	95	96	.	3.222222
77	9	Mi5b1	E5b1	335	335	3	16	652	95	96	.	3.305556
78	9	Re5	D5	327	327	1	16	217	95	96	.	3.333333
79	9	Sol5	G5	349	349	1	24	145	95	96	.	3.351852
80	9	Fa5#3	F5#4	343	344	1	24	145	95	96	.	3.37037
81	9	Mi5b3	E5b4	333	332	1	24	145	95	96	.	3.388889
82	9	Re5	D5	327	327	1	16	217	95	96	.	3.416667
83	9	Do5	C5	318	318	1	16	217	95	96	.	3.444444
84	9	Do5	C5	318	318	3	16	652	95	96	.	3.527778
85	9	Si4b2	B4b1	312	313	1	16	217	95	96	.	3.555556
86	9	Do5	C5	318	318	1	16	217	95	96	.	3.583333
87	9	Si4b2	B4b1	312	313	1	16	217	95	96	.	3.611111
88	9	Si4b2	B4b1	312	313	1	16	217	95	96	.	3.638889
89	9	La4	A4	305	305	1	16	217	95	96	.	3.666667
90	9	La4	A4	305	305	3	16	652	95	96	.	3.75
91	9	Fa5	F5	340	340	1	16	217	95	96	.	3.777778
92	9	Mi5	E5	336	336	1	16	217	95	96	.	3.805556
93	9	Re5	D5	327	327	1	16	217	95	96	.	3.833333
94	9	Do5	C5	318	318	1	16	217	95	96	.	3.861111
95	9	Si4b2	B4b1	312	313	1	16	217	95	96	.	3.888889
96	9	La4	A4	305	305	1	4	870	95	96	.	4
97	52			0	0	1	4	0	69	0		4.111111
98	9	Sol4	G4	296	296	1	8	435	95	96	ARANAÐME	4.166667
99	9	La4	A4	305	305	1	4	870	95	96	.	4.277778
100	9	Fa5	F5	340	340	1	8	435	95	96	.	4.333333
101	9	Mi5	E5	336	336	1	8	435	95	96	.	4.388889
102	9	Fa5	F5	340	340	1	16	217	95	96	.	4.416667
103	9	Mi5	E5	336	336	1	16	217	95	96	.	4.444445
104	9	Re5	D5	327	327	1	4	870	95	96	.	4.555555
105	9	Re5	D5	327	327	1	8	435	95	96	.	4.611111
106	9	Mi5	E5	336	336	1	16	217	95	96	.	4.638889
107	9	Re5	D5	327	327	1	16	217	95	96	.	4.666667
108	9	Do5	C5	318	318	1	8	435	95	96	.	4.722222
109	9	Si4b2	B4b1	312	313	1	8	435	95	96	.	4.777778
110	9	Do5	C5	318	318	1	16	217	95	96	.	4.805555
111	9	Re5	D5	327	327	1	16	217	95	96	.	4.833333
112	9	Do5	C5	318	318	1	8	435	95	96	.	4.888889
113	9	Re5	D5	327	327	1	8	435	95	96	.	4.944445
114	9	Mi5	E5	336	336	1	16	217	95	96	.	4.972222
115	9	Re5	D5	327	327	1	16	217	95	96	.	5
116	9	Re5	D5	327	327	1	4	870	95	96	.	5.111111
117	9	Re5	D5	327	327	1	16	217	95	96	.	5.138889
118	9	Mi5	E5	336	336	1	16	217	95	96	.	5.166667
119	9	Re5	D5	327	327	1	16	217	95	96	.	5.194445
120	9	Fa5	F5	340	340	1	16	217	95	96	.	5.222222
121	9	Mi5	E5	336	336	1	8	435	95	96	.	5.277778
122	9	Re5	D5	327	327	1	8	435	95	96	.	5.333333
123	9	Do5	C5	318	318	1	8	435	95	96	.	5.388889
124	9	Si4b2	B4b1	312	313	1	8	435	95	96	.	5.444445
125	9	La4	A4	305	305	1	8	435	95	96	.	5.5
126	9	Sol4	G4	296	296	1	8	435	95	96	.	5.555555
127	9	La4	A4	305	305	1	16	217	95	96	.	5.583333
128	9	Si4b2	B4b1	312	313	1	16	217	95	96	.	5.611111
129	9	Do5	C5	318	318	1	16	217	95	96	.	5.638889
130	9	Re5	D5	327	327	1	16	217	95	96	.	5.666667
131	9	Mi5	E5	336	336	1	16	217	95	96	.	5.694445
132	9	Fa5	F5	340	340	1	16	217	95	96	.	5.722222
133	9	Sol5	G5	349	349	1	16	217	95	96	.	5.75
134	9	Mi5	E5	336	336	1	16	217	95	96	.	5.777778
135	9	Fa5	F5	340	340	1	4	870	95	96	.	5.888889
136	9	Sol5	G5	349	349	1	16	217	95	96	.	5.916667
137	9	Fa5	F5	340	340	1	16	217	95	96	.	5.944445
138	9	Mi5	E5	336	336	1	16	217	95	96	.	5.972222
139	9	Fa5	F5	340	340	1	16	217	95	96	.	6
140	9	Sol5	G5	349	349	1	4	870	95	96	.	6.111111
141	9	Sol5	G5	349	349	1	16	217	95	96	.	6.138889
142	9	Fa5	F5	340	340	1	16	217	95	96	.	6.166667
143	9	Mi5	E5	336	336	1	16	217	95	96	.	6.194445
144	9	Fa5	F5	340	340	1	16	217	95	96	.	6.222222
145	9	Sol5	G5	349	349	1	16	217	95	96	.	6.25
146	9	La5	A5	358	358	1	16	217	95	96	.	6.277778
147	9	Sol5	G5	349	349	1	16	217	95	96	.	6.305555
148	9	Si5b5	B5b5	362	362	1	16	217	95	96	.	6.333333
149	9	La5	A5	358	358	1	8	435	95	96	.	6.388889
150	9	Sol5	G5	349	349	1	8	435	95	96	.	6.444445
151	9	Fa5	F5	340	340	1	8	435	95	96	.	6.5
152	9	Mi5	E5	336	336	1	8	435	95	96	.	6.555555
153	9	Fa5	F5	340	340	1	16	217	95	96	.	6.583333
154	9	Mi5	E5	336	336	1	16	217	95	96	.	6.611111
155	9	Fa5	F5	340	340	1	16	217	95	96	.	6.638889
156	9	Sol5	G5	349	349	1	16	217	95	96	.	6.666667
157	9	La5	A5	358	358	1	16	217	95	96	.	6.694445
158	9	Sol5	G5	349	349	1	16	217	95	96	.	6.722222
159	9	Fa5	F5	340	340	1	16	217	95	96	.	6.75
160	9	Mi5	E5	336	336	1	16	217	95	96	.	6.777778
161	9	Re5	D5	327	327	1	16	217	95	96	.	6.805555
162	9	Do5	C5	318	318	1	16	217	95	96	.	6.833333
163	9	Si4b2	B4b1	312	313	1	16	217	95	96	.	6.861111
164	9	Re5	D5	327	327	1	16	217	95	96	.	6.888889
165	9	Do5	C5	318	318	1	8	435	95	96	.	6.944445
166	9	Si4b2	B4b1	312	313	1	8	435	95	96	.	7
167	9	La4	A4	305	305	1	8	435	95	96	.	7.055555
168	9	Sol4	G4	296	296	1	8	435	95	96	.	7.111111
169	9	Mi5	E5	336	336	1	16	217	95	96	.	7.138889
170	9	Sol5	G5	349	349	1	16	217	95	96	.	7.166667
171	9	Fa5	F5	340	340	1	4	870	95	96	.	7.277778
172	9	Fa5	F5	340	340	1	16	217	95	96	.	7.305555
173	9	Mi5	E5	336	336	1	16	217	95	96	.	7.333333
174	9	Mi5b1	E5b1	335	335	3	16	652	95	96	.	7.416667
175	9	Re5	D5	327	327	1	16	217	95	96	.	7.444445
176	9	Sol5	G5	349	349	1	24	145	95	96	.	7.462963
177	9	Fa5#3	F5#4	343	344	1	24	145	95	96	.	7.481482
178	9	Mi5b3	E5b4	333	332	1	24	145	99	96	.	7.5
179	9	Re5	D5	327	327	1	16	217	95	96	.	7.527778
180	9	Do5	C5	318	318	1	16	217	95	96	.	7.555555
181	9	Do5	C5	318	318	3	16	652	95	96	.	7.638889
182	9	Si4b2	B4b1	312	313	1	16	217	95	96	.	7.666667
183	9	Do5	C5	318	318	1	16	217	95	96	.	7.694445
184	9	Si4b2	B4b1	312	313	1	16	217	95	96	.	7.722222
185	9	Si4b2	B4b1	312	313	1	16	217	95	96	.	7.75
186	9	La4	A4	305	305	1	16	217	95	96	.	7.777778
187	9	La4	A4	305	305	1	2	1739	95	96	.	8
188	9			-1	-1	1	4	870	100	0		8.111111
189	9			-1	-1	1	2	1739	100	0		8.333333
190	9			-1	-1	1	8	435	100	0		8.388889
191	9	Do5	C5	318	318	1	4	870	95	96	Bül	8.5
192	9	Re5	D5	327	327	1	8	435	95	96	bül_	8.555555
193	9	Re5	D5	327	327	1	2	1739	95	96	ü 	8.777778
194	9	Re5	D5	327	327	1	8	435	99	96	þey	8.833333
195	9	Mi5	E5	336	336	1	16	217	99	96		8.861111
196	9	Re5	D5	327	327	1	16	217	99	96		8.888889
197	9	Re5	D5	327	327	1	4	870	99	96		9
198	9	Do5	C5	318	318	1	4	870	99	96		9.111111
199	9	Re5	D5	327	327	1	8	435	99	96		9.166667
200	9	Mi5	E5	336	336	1	16	217	99	96		9.194445
201	9	Fa5	F5	340	340	1	16	217	99	96		9.222222
202	9	Sol5	G5	349	349	1	16	217	99	96		9.25
203	9	Fa5	F5	340	340	1	16	217	99	96		9.277778
204	9	Mi5	E5	336	336	1	16	217	99	96		9.305555
205	9	Re5	D5	327	327	1	16	217	99	96		9.333333
206	9	Re5	D5	327	327	1	8	435	95	96		9.388889
207	9	Re5	D5	327	327	1	16	217	99	96	dâ	9.416667
208	9	Mi5	E5	336	336	1	16	217	99	96		9.444445
209	9	Re5	D5	327	327	1	8	435	95	96		9.5
210	9	Mi5	E5	336	336	1	8	435	95	96	ya 	9.555555
211	9	Re5	D5	327	327	1	8	435	99	96	dön	9.611111
212	9	Do5	C5	318	318	1	4	870	99	96		9.722222
213	9	Re5	D5	327	327	1	8	435	95	96		9.777778
214	9	Do5	C5	318	318	1	16	217	99	96	düm 	9.805555
215	9	Si4b2	B4b1	312	313	1	16	217	99	96		9.833333
216	9	La4	A4	305	305	1	8	435	99	96		9.888889
217	9	Si4b2	B4b1	312	313	1	8	435	99	96		9.944445
218	9	Do5	C5	318	318	1	8	435	99	96		10
219	9	Re5	D5	327	327	1	16	217	99	96		10.02778
220	9	Fa5	F5	340	340	1	16	217	99	96		10.05556
221	9	Mi5	E5	336	336	1	16	217	99	96		10.08333
222	9	Re5	D5	327	327	1	16	217	99	96		10.11111
223	9	Re5	D5	327	327	3	16	652	95	96		10.19444
224	9	Mi5	E5	336	336	1	16	217	95	96	SAZ	10.22222
225	9	Do5	C5	318	318	1	16	217	99	96	.	10.25
226	9	Si4b2	B4b1	312	313	1	16	217	99	96	.	10.27778
227	9	Si4b2	B4b1	312	313	1	16	217	99	96	.	10.30556
228	9	La4	A4	305	305	1	16	217	99	96	.	10.33333
229	9	La4	A4	305	305	1	8	435	95	96	.	10.38889
230	9	La4	A4	305	305	1	4	870	95	96	deh	10.5
231	9	Fa5	F5	340	340	1	8	435	95	96	ri 	10.55556
232	9	Fa5	F5	340	340	1	8	435	99	96	gör	10.61111
233	9	Fa5	F5	340	340	1	16	217	99	96		10.63889
234	9	Mi5	E5	336	336	1	16	217	99	96		10.66667
235	9	Fa5	F5	340	340	1	4	870	95	96		10.77778
236	9	Sol5	G5	349	349	1	8	435	99	96	mez 	10.83333
237	9	Mi5	E5	336	336	1	8	435	99	96		10.88889
238	9	Fa5	F5	340	340	1	8	435	99	96		10.94444
239	9	Re5	D5	327	327	1	8	435	99	96		11
240	9	Mi5	E5	336	336	1	8	435	99	96		11.05556
241	9	Do5	C5	318	318	1	8	435	99	96		11.11111
242	9	Re5	D5	327	327	1	8	435	99	96		11.16667
243	9	Mi5	E5	336	336	1	16	217	99	96		11.19444
244	9	Fa5	F5	340	340	1	16	217	99	96		11.22222
245	9	Mi5	E5	336	336	1	16	217	99	96		11.25
246	9	Re5	D5	327	327	1	16	217	99	96		11.27778
247	9	Do5	C5	318	318	1	16	217	99	96		11.30556
248	9	Si4b2	B4b1	312	313	1	16	217	99	96		11.33333
249	9	Re5	D5	327	327	1	8	435	95	96		11.38889
250	9	La4	A4	305	305	3	8	1305	99	96	göz	11.55556
251	9	La4	A4	305	305	3	16	652	99	96		11.63889
252	9	Sol4	G4	296	296	1	16	217	99	96		11.66667
253	9	Si4b2	B4b1	312	313	1	8	435	95	96		11.72222
254	9	Do5	C5	318	318	1	8	435	95	96	le	11.77778
255	9	Re5	D5	327	327	3	8	1304	95	96	rim  	11.94444
256	9	Mi5	E5	336	336	1	16	217	95	96	SAZ	11.97222
257	9	Fa5	F5	340	340	1	16	217	95	96	.	12
258	9	Mi5	E5	336	336	1	16	217	95	96	.	12.02778
259	9	Re5	D5	327	327	1	16	217	95	96	.	12.05556
260	9	Re5	D5	327	327	1	16	217	95	96	.	12.08333
261	9	Do5	C5	318	318	1	16	217	95	96	.	12.11111
262	9	Re5	D5	327	327	3	16	652	95	96	.	12.19444
263	9	Sol5	G5	349	349	1	16	217	95	96	.	12.22222
264	9	Fa5	F5	340	340	1	16	217	95	96	.	12.25
265	9	Mi5	E5	336	336	1	16	217	95	96	.	12.27778
266	9	Re5	D5	327	327	1	16	217	95	96	.	12.30556
267	9	Mi5	E5	336	336	1	16	217	95	96	.	12.33333
268	9	Re5	D5	327	327	1	8	435	95	96	.	12.38889
269	9	Fa5	F5	340	340	1	8	435	99	96	Â	12.44444
270	9	Mi5	E5	336	336	1	8	435	95	96		12.5
271	9	Re5	D5	327	327	1	8	435	95	96	þý	12.55556
272	9	Re5	D5	327	327	1	8	435	99	96	kým 	12.61111
273	9	Mi5	E5	336	336	1	16	217	99	96		12.63889
274	9	Re5	D5	327	327	1	16	217	99	96		12.66667
275	9	Do5	C5	318	318	1	8	435	99	96		12.72222
276	9	Si4b2	B4b1	312	313	1	24	145	99	96		12.74074
277	9	La4	A4	305	305	1	24	145	99	96		12.75926
278	9	Si4b2	B4b1	312	313	1	24	145	95	96		12.77778
279	9	Re5	D5	327	327	1	2	1739	99	96	Ley	13
280	9	Mi5	E5	336	336	1	4	870	99	96		13.11111
281	9	Fa5	F5	340	340	1	16	217	99	96		13.13889
282	9	Mi5	E5	336	336	1	16	217	99	96		13.16667
283	9	Re5	D5	327	327	1	16	217	99	96		13.19444
284	9	Mi5	E5	336	336	1	16	217	99	96		13.22222
285	9	Re5	D5	327	327	1	8	435	99	96		13.27778
286	9	Do5	C5	318	318	1	4	870	95	96		13.38889
287	9	Re5	D5	327	327	1	4	870	95	96	lâ	13.5
288	9	Fa5	F5	340	340	1	8	435	95	96	mý 	13.55556
289	9	Mi5	E5	336	336	1	8	435	99	96	gur	13.61111
290	9	Re5	D5	327	327	1	8	435	99	96		13.66667
291	9	Do5	C5	318	318	1	8	435	99	96		13.72222
292	9	Si4b2	B4b1	312	313	1	8	435	95	96		13.77778
293	9	La4	A4	305	305	3	16	652	99	96	bet 	13.86111
294	9	Si4b2	B4b1	312	313	1	16	217	99	96		13.88889
295	9	Do5	C5	318	318	1	8	435	99	96		13.94444
296	9	Re5	D5	327	327	1	8	435	99	96		14
297	9	Mi5	E5	336	336	1	8	435	99	96		14.05556
298	9	Do5	C5	318	318	1	8	435	99	96		14.11111
299	9	Re5	D5	327	327	1	8	435	99	96		14.16667
300	9	Si4b2	B4b1	312	313	1	8	435	99	96		14.22222
301	9	Do5	C5	318	318	1	16	217	99	96		14.25
302	9	Si4b2	B4b1	312	313	1	16	217	99	96		14.27778
303	9	La4	A4	305	305	1	16	217	99	96		14.30556
304	9	Si4b2	B4b1	312	313	1	16	217	99	96		14.33333
305	9	Sol4	G4	296	296	1	8	435	95	96		14.38889
306	9	Sol4	G4	296	296	1	4	870	95	96	el	14.5
307	9	Sol5	G5	349	349	1	8	435	95	96	de 	14.55556
308	9	Sol5	G5	349	349	3	8	1304	99	96	her 	14.72222
309	9	La5	A5	358	358	1	8	435	95	96		14.77778
310	9	Sol5	G5	349	349	1	16	217	99	96	dem 	14.80556
311	9	Fa5	F5	340	340	1	16	217	99	96		14.83333
312	9	Fa5	F5	340	340	1	8	435	99	96		14.88889
313	9	Fa5	F5	340	340	1	16	217	99	96		14.91667
314	9	Mi5	E5	336	336	1	16	217	99	96		14.94444
315	9	Mi5	E5	336	336	1	8	435	99	96		15
316	9	Mi5	E5	336	336	1	16	217	99	96		15.02778
317	9	Re5	D5	327	327	1	16	217	99	96		15.05556
318	9	Re5	D5	327	327	1	8	435	99	96		15.11111
319	9	Re5	D5	327	327	1	16	217	99	96		15.13889
320	9	Do5	C5	318	318	1	16	217	99	96		15.16667
321	9	Do5	C5	318	318	1	8	435	99	96		15.22222
322	9	Do5	C5	318	318	1	16	217	99	96		15.25
323	9	Si4b2	B4b1	312	313	1	16	217	99	96		15.27778
324	9	Si4b2	B4b1	312	313	1	16	217	99	96		15.30556
325	9	La4	A4	305	305	1	16	217	99	96		15.33333
326	9	La4	A4	305	305	1	8	435	95	96		15.38889
327	9	La4	A4	305	305	1	16	217	99	96	öz	15.41667
328	9	Si4b2	B4b1	312	313	1	16	217	99	96		15.44444
329	9	Do5	C5	318	318	1	16	217	99	96		15.47222
330	9	Re5	D5	327	327	1	16	217	99	96		15.5
331	9	Mi5	E5	336	336	1	16	217	99	96		15.52778
332	9	Fa5	F5	340	340	1	16	217	99	96		15.55556
333	9	Mi5	E5	336	336	1	16	217	99	96		15.58333
334	9	Re5	D5	327	327	1	16	217	99	96		15.61111
335	9	Do5	C5	318	318	1	16	217	99	96		15.63889
336	9	Si4b2	B4b1	312	313	1	16	217	99	96		15.66667
337	9	Re5	D5	327	327	1	8	435	95	96		15.72222
338	9	Si4b2	B4b1	312	313	1	16	217	99	96	le	15.75
339	9	La4	A4	305	305	1	16	217	95	96		15.77778
340	9	La4	A4	305	305	3	8	1304	95	96	rim  	15.94444
341	9	Mi5	E5	336	336	1	16	217	95	96	SAZ	15.97222
342	9	Fa5	F5	340	340	1	16	217	95	96	.	16
343	9	Mi5	E5	336	336	1	16	217	95	96	.	16.02778
344	9	Re5	D5	327	327	1	16	217	95	96	.	16.05556
345	9	Re5	D5	327	327	1	16	217	95	96	.	16.08333
346	9	Do5	C5	318	318	1	16	217	95	96	.	16.11111
347	9	Re5	D5	327	327	3	16	652	95	96	.	16.19444
348	9	Sol5	G5	349	349	1	16	217	95	96	.	16.22222
349	9	Fa5	F5	340	340	1	16	217	95	96	.	16.25
350	9	Mi5	E5	336	336	1	16	217	95	96	.	16.27778
351	9	Re5	D5	327	327	1	16	217	95	96	.	16.30556
352	9	Mi5	E5	336	336	1	16	217	95	96	.	16.33333
353	9	Re5	D5	327	327	1	8	435	95	96	.	16.38889
354	9	Fa5	F5	340	340	1	8	435	99	96	Â	16.44444
355	9	Mi5	E5	336	336	1	8	435	95	96		16.5
356	9	Re5	D5	327	327	1	8	435	95	96	þý	16.55556
357	9	Re5	D5	327	327	1	8	435	99	96	kým 	16.61111
358	9	Mi5	E5	336	336	1	16	217	99	96		16.63889
359	9	Re5	D5	327	327	1	16	217	99	96		16.66667
360	9	Do5	C5	318	318	1	8	435	99	96		16.72222
361	9	Si4b2	B4b1	312	313	1	24	145	99	96		16.74074
362	9	La4	A4	305	305	1	24	145	99	96		16.75926
363	9	Si4b2	B4b1	312	313	1	24	145	95	96		16.77778
364	9	Re5	D5	327	327	1	2	1739	99	96	Ley	17
365	9	Mi5	E5	336	336	1	4	870	99	96		17.11111
366	9	Fa5	F5	340	340	1	16	217	99	96		17.13889
367	9	Mi5	E5	336	336	1	16	217	99	96		17.16667
368	9	Re5	D5	327	327	1	16	217	99	96		17.19444
369	9	Mi5	E5	336	336	1	16	217	99	96		17.22222
370	9	Re5	D5	327	327	1	8	435	99	96		17.27778
371	9	Do5	C5	318	318	1	4	870	95	96		17.38889
372	9	Re5	D5	327	327	1	4	870	95	96	lâ	17.5
373	9	Fa5	F5	340	340	1	8	435	95	96	mý 	17.55556
374	9	Mi5	E5	336	336	1	8	435	99	96	gur	17.61111
375	9	Re5	D5	327	327	1	8	435	99	96		17.66667
376	9	Do5	C5	318	318	1	8	435	99	96		17.72222
377	9	Si4b2	B4b1	312	313	1	8	435	95	96		17.77778
378	9	La4	A4	305	305	3	16	652	99	96	bet 	17.86111
379	9	Si4b2	B4b1	312	313	1	16	217	99	96		17.88889
380	9	Do5	C5	318	318	1	8	435	99	96		17.94444
381	9	Re5	D5	327	327	1	8	435	99	96		18
382	9	Mi5	E5	336	336	1	8	435	99	96		18.05556
383	9	Do5	C5	318	318	1	8	435	99	96		18.11111
384	9	Re5	D5	327	327	1	8	435	99	96		18.16667
385	9	Si4b2	B4b1	312	313	1	8	435	99	96		18.22222
386	9	Do5	C5	318	318	1	16	217	99	96		18.25
387	9	Si4b2	B4b1	312	313	1	16	217	99	96		18.27778
388	9	La4	A4	305	305	1	16	217	99	96		18.30556
389	9	Si4b2	B4b1	312	313	1	16	217	99	96		18.33333
390	9	Sol4	G4	296	296	1	8	435	95	96		18.38889
391	9	Sol4	G4	296	296	1	4	870	95	96	el	18.5
392	9	Sol5	G5	349	349	1	8	435	95	96	de 	18.55556
393	9	Sol5	G5	349	349	3	8	1304	99	96	her 	18.72222
394	9	La5	A5	358	358	1	8	435	95	96		18.77778
395	9	Sol5	G5	349	349	1	16	217	99	96	dem 	18.80556
396	9	Fa5	F5	340	340	1	16	217	99	96		18.83333
397	9	Fa5	F5	340	340	1	8	435	99	96		18.88889
398	9	Fa5	F5	340	340	1	16	217	99	96		18.91667
399	9	Mi5	E5	336	336	1	16	217	99	96		18.94444
400	9	Mi5	E5	336	336	1	8	435	99	96		19
401	9	Mi5	E5	336	336	1	16	217	99	96		19.02778
402	9	Re5	D5	327	327	1	16	217	99	96		19.05556
403	9	Re5	D5	327	327	1	8	435	99	96		19.11111
404	9	Re5	D5	327	327	1	16	217	99	96		19.13889
405	9	Do5	C5	318	318	1	16	217	99	96		19.16667
406	9	Do5	C5	318	318	1	8	435	99	96		19.22222
407	9	Do5	C5	318	318	1	16	217	99	96		19.25
408	9	Si4b2	B4b1	312	313	1	16	217	99	96		19.27778
409	9	Si4b2	B4b1	312	313	1	16	217	99	96		19.30556
410	9	La4	A4	305	305	1	16	217	99	96		19.33333
411	9	La4	A4	305	305	1	8	435	95	96		19.38889
412	9	La4	A4	305	305	1	16	217	99	96	öz	19.41667
413	9	Si4b2	B4b1	312	313	1	16	217	99	96		19.44444
414	9	Do5	C5	318	318	1	16	217	99	96		19.47222
415	9	Re5	D5	327	327	1	16	217	99	96		19.5
416	9	Mi5	E5	336	336	1	16	217	99	96		19.52778
417	9	Fa5	F5	340	340	1	16	217	99	96		19.55556
418	9	Mi5	E5	336	336	1	16	217	99	96		19.58333
419	9	Re5	D5	327	327	1	16	217	99	96		19.61111
420	9	Do5	C5	318	318	1	16	217	99	96		19.63889
421	9	Si4b2	B4b1	312	313	1	16	217	99	96		19.66667
422	9	Re5	D5	327	327	1	8	435	95	96		19.72222
423	9	Si4b2	B4b1	312	313	1	16	217	99	96	le	19.75
424	9	La4	A4	305	305	1	16	217	95	96		19.77778
425	9	La4	A4	305	305	3	8	1304	95	96	rim  	19.94444
426	9	Sol5	G5	349	349	1	8	435	95	96	SAZ	20
427	9	Fa5#3	F5#4	343	344	1	8	435	95	96	.	20.05556
428	9	Sol5	G5	349	349	1	8	435	95	96	.	20.11111
429	9	La5	A5	358	358	1	2	1739	95	96	.	20.33333
430	9			-1	-1	1	8	435	100	0		20.38889
431	9	Sol5	G5	349	349	1	4	870	95	96	Fec	20.5
432	9	La5	A5	358	358	1	8	435	95	96	ri 	20.55556
433	9	La5	A5	358	358	1	2	1739	95	96	yok 	20.77778
434	9	Sol5	G5	349	349	1	16	217	99	96	meh	20.80556
435	9	Fa5	F5	340	340	1	16	217	99	96		20.83333
436	9	Mi5	E5	336	336	1	16	217	99	96		20.86111
437	9	Re5	D5	327	327	1	16	217	99	96		20.88889
438	9	Do5	C5	318	318	1	16	217	99	96		20.91667
439	9	Si4b2	B4b1	312	313	1	16	217	99	96		20.94444
440	9	La4	A4	305	305	1	16	217	99	96		20.97222
441	9	Si4b2	B4b1	312	313	1	16	217	99	96		21
442	9	Do5	C5	318	318	1	8	435	99	96		21.05556
443	9	Re5	D5	327	327	1	8	435	99	96		21.11111
444	9	Do5	C5	318	318	1	16	217	99	96		21.13889
445	9	Si4b2	B4b1	312	313	1	16	217	99	96		21.16667
446	9	Si4b2	B4b1	312	313	1	16	217	99	96		21.19444
447	9	La4	A4	305	305	1	16	217	99	96		21.22222
448	9	La4	A4	305	305	1	4	870	99	96		21.33333
449	9	La4	A4	305	305	1	8	435	95	96		21.38889
450	9	Si5b5	B5b5	362	362	1	4	870	95	96	tâ	21.5
451	9	Si5b5	B5b5	362	362	1	8	435	95	96	bý 	21.55556
452	9	Si5b5	B5b5	362	362	3	16	652	99	96	yok 	21.63889
453	9	La5	A5	358	358	1	16	217	99	96		21.66667
454	9	Sol5	G5	349	349	1	8	435	99	96		21.72222
455	9	La5	A5	358	358	1	8	435	95	96		21.77778
456	9	Fa5#3	F5#4	343	344	1	4	870	99	96	son	21.88889
457	9	Sol5	G5	349	349	1	4	870	99	96		22
458	9	Sol5	G5	349	349	1	8	435	99	96		22.05556
459	9	Si5b5	B5b5	362	362	1	8	435	99	96		22.11111
460	9	La5	A5	358	358	1	8	435	99	96		22.16667
461	9	Sol5	G5	349	349	1	8	435	99	96		22.22222
462	9	Fa5#3	F5#4	343	344	1	8	435	99	96		22.27778
463	9	Mi5b3	E5b4	333	332	1	8	435	99	96		22.33333
464	9	Re5	D5	327	327	1	8	435	95	96		22.38889
465	9	Re5	D5	327	327	1	4	870	95	96	suz 	22.5
466	9	Mi5b3	E5b4	333	332	1	16	217	99	96	þeb_	22.52778
467	9	Re5	D5	327	327	1	16	217	95	96		22.55556
468	9	Do5	C5	318	318	1	8	435	99	96	i 	22.61111
469	9	Do5	C5	318	318	1	16	217	99	96		22.63889
470	9	Si4b2	B4b1	312	313	1	16	217	99	96		22.66667
471	9	Do5	C5	318	318	1	4	870	95	96		22.77778
472	9	Sol5	G5	349	349	1	8	435	99	96	yel	22.83333
473	9	Mi5	E5	336	336	1	8	435	99	96		22.88889
474	9	Fa5	F5	340	340	1	8	435	99	96		22.94444
475	9	Re5	D5	327	327	1	8	435	99	96		23
476	9	Mi5	E5	336	336	1	8	435	99	96		23.05556
477	9	Do5	C5	318	318	1	8	435	99	96		23.11111
478	9	Re5	D5	327	327	1	8	435	99	96		23.16667
479	9	Mi5	E5	336	336	1	16	217	99	96		23.19444
480	9	Fa5	F5	340	340	1	16	217	99	96		23.22222
481	9	Mi5	E5	336	336	1	16	217	99	96		23.25
482	9	Re5	D5	327	327	1	16	217	99	96		23.27778
483	9	Do5	C5	318	318	1	16	217	99	96		23.30556
484	9	Si4b2	B4b1	312	313	1	16	217	99	96		23.33333
485	9	Re5	D5	327	327	1	8	435	95	96		23.38889
486	9	La4	A4	305	305	3	8	1305	99	96	dâ	23.55556
487	9	La4	A4	305	305	3	16	652	99	96		23.63889
488	9	Sol4	G4	296	296	1	16	217	99	96		23.66667
489	9	Si4b2	B4b1	312	313	1	8	435	95	96		23.72222
490	9	Do5	C5	318	318	1	8	435	95	96	da	23.77778
491	9	Re5	D5	327	327	3	8	1304	95	96	yým  	23.94444
492	9	Mi5	E5	336	336	1	16	217	95	96	SAZ	23.97222
493	9	Fa5	F5	340	340	1	16	217	95	96	.	24
494	9	Mi5	E5	336	336	1	16	217	95	96	.	24.02778
495	9	Re5	D5	327	327	1	16	217	95	96	.	24.05556
496	9	Re5	D5	327	327	1	16	217	95	96	.	24.08333
497	9	Do5	C5	318	318	1	16	217	95	96	.	24.11111
498	9	Re5	D5	327	327	3	16	652	95	96	.	24.19444
499	9	Sol5	G5	349	349	1	16	217	95	96	.	24.22222
500	9	Fa5	F5	340	340	1	16	217	95	96	.	24.25
501	9	Mi5	E5	336	336	1	16	217	95	96	.	24.27778
502	9	Re5	D5	327	327	1	16	217	95	96	.	24.30556
503	9	Mi5	E5	336	336	1	16	217	95	96	.	24.33333
504	9	Re5	D5	327	327	1	8	435	95	96	.	24.38889
505	9	Fa5	F5	340	340	1	8	435	99	96	Â	24.44444
506	9	Mi5	E5	336	336	1	8	435	95	96		24.5
507	9	Re5	D5	327	327	1	8	435	95	96	þý	24.55556
508	9	Re5	D5	327	327	1	8	435	99	96	kým 	24.61111
509	9	Mi5	E5	336	336	1	16	217	99	96		24.63889
510	9	Re5	D5	327	327	1	16	217	99	96		24.66667
511	9	Do5	C5	318	318	1	8	435	99	96		24.72222
512	9	Si4b2	B4b1	312	313	1	24	145	99	96		24.74074
513	9	La4	A4	305	305	1	24	145	99	96		24.75926
514	9	Si4b2	B4b1	312	313	1	24	145	95	96		24.77778
515	9	Re5	D5	327	327	1	2	1739	99	96	Ley	25
516	9	Mi5	E5	336	336	1	4	870	99	96		25.11111
517	9	Fa5	F5	340	340	1	16	217	99	96		25.13889
518	9	Mi5	E5	336	336	1	16	217	99	96		25.16667
519	9	Re5	D5	327	327	1	16	217	99	96		25.19444
520	9	Mi5	E5	336	336	1	16	217	99	96		25.22222
521	9	Re5	D5	327	327	1	8	435	99	96		25.27778
522	9	Do5	C5	318	318	1	4	870	95	96		25.38889
523	9	Re5	D5	327	327	1	4	870	95	96	lâ	25.5
524	9	Fa5	F5	340	340	1	8	435	95	96	mý 	25.55556
525	9	Mi5	E5	336	336	1	8	435	99	96	gur	25.61111
526	9	Re5	D5	327	327	1	8	435	99	96		25.66667
527	9	Do5	C5	318	318	1	8	435	99	96		25.72222
528	9	Si4b2	B4b1	312	313	1	8	435	95	96		25.77778
529	9	La4	A4	305	305	3	16	652	99	96	bet 	25.86111
530	9	Si4b2	B4b1	312	313	1	16	217	99	96		25.88889
531	9	Do5	C5	318	318	1	8	435	99	96		25.94444
532	9	Re5	D5	327	327	1	8	435	99	96		26
533	9	Mi5	E5	336	336	1	8	435	99	96		26.05556
534	9	Do5	C5	318	318	1	8	435	99	96		26.11111
535	9	Re5	D5	327	327	1	8	435	99	96		26.16667
536	9	Si4b2	B4b1	312	313	1	8	435	99	96		26.22222
537	9	Do5	C5	318	318	1	16	217	99	96		26.25
538	9	Si4b2	B4b1	312	313	1	16	217	99	96		26.27778
539	9	La4	A4	305	305	1	16	217	99	96		26.30556
540	9	Si4b2	B4b1	312	313	1	16	217	99	96		26.33333
541	9	Sol4	G4	296	296	1	8	435	95	96		26.38889
542	9	Sol4	G4	296	296	1	4	870	95	96	el	26.5
543	9	Sol5	G5	349	349	1	8	435	95	96	de 	26.55556
544	9	Sol5	G5	349	349	3	8	1304	99	96	her 	26.72222
545	9	La5	A5	358	358	1	8	435	95	96		26.77778
546	9	Sol5	G5	349	349	1	16	217	99	96	dem 	26.80556
547	9	Fa5	F5	340	340	1	16	217	99	96		26.83333
548	9	Fa5	F5	340	340	1	8	435	99	96		26.88889
549	9	Fa5	F5	340	340	1	16	217	99	96		26.91667
550	9	Mi5	E5	336	336	1	16	217	99	96		26.94444
551	9	Mi5	E5	336	336	1	8	435	99	96		27
552	9	Mi5	E5	336	336	1	16	217	99	96		27.02778
553	9	Re5	D5	327	327	1	16	217	99	96		27.05556
554	9	Re5	D5	327	327	1	8	435	99	96		27.11111
555	9	Re5	D5	327	327	1	16	217	99	96		27.13889
556	9	Do5	C5	318	318	1	16	217	99	96		27.16667
557	9	Do5	C5	318	318	1	8	435	99	96		27.22222
558	9	Do5	C5	318	318	1	16	217	99	96		27.25
559	9	Si4b2	B4b1	312	313	1	16	217	99	96		27.27778
560	9	Si4b2	B4b1	312	313	1	16	217	99	96		27.30556
561	9	La4	A4	305	305	1	16	217	99	96		27.33333
562	9	La4	A4	305	305	1	8	435	95	96		27.38889
563	9	La4	A4	305	305	1	16	217	99	96	öz	27.41667
564	9	Si4b2	B4b1	312	313	1	16	217	99	96		27.44444
565	9	Do5	C5	318	318	1	16	217	99	96		27.47222
566	9	Re5	D5	327	327	1	16	217	99	96		27.5
567	9	Mi5	E5	336	336	1	16	217	99	96		27.52778
568	9	Fa5	F5	340	340	1	16	217	99	96		27.55556
569	9	Mi5	E5	336	336	1	16	217	99	96		27.58333
570	9	Re5	D5	327	327	1	16	217	99	96		27.61111
571	9	Do5	C5	318	318	1	16	217	99	96		27.63889
572	9	Si4b2	B4b1	312	313	1	16	217	99	96		27.66667
573	9	Re5	D5	327	327	1	8	435	95	96		27.72222
574	9	Si4b2	B4b1	312	313	1	16	217	99	96	le	27.75
575	9	La4	A4	305	305	1	16	217	95	96		27.77778
576	9	La4	A4	305	305	3	8	1304	95	96	rim  	27.94444
577	9	Mi5	E5	336	336	1	16	217	95	96	SAZ	27.97222
578	9	Fa5	F5	340	340	1	16	217	95	96	.	28
579	9	Mi5	E5	336	336	1	16	217	95	96	.	28.02778
580	9	Re5	D5	327	327	1	16	217	95	96	.	28.05556
581	9	Re5	D5	327	327	1	16	217	95	96	.	28.08333
582	9	Do5	C5	318	318	1	16	217	95	96	.	28.11111
583	9	Re5	D5	327	327	3	16	652	95	96	.	28.19444
584	9	Sol5	G5	349	349	1	16	217	95	96	.	28.22222
585	9	Fa5	F5	340	340	1	16	217	95	96	.	28.25
586	9	Mi5	E5	336	336	1	16	217	95	96	.	28.27778
587	9	Re5	D5	327	327	1	16	217	95	96	.	28.30556
588	9	Mi5	E5	336	336	1	16	217	95	96	.	28.33333
589	9	Re5	D5	327	327	1	8	435	95	96	.	28.38889
590	9	Fa5	F5	340	340	1	8	435	99	96	Â	28.44444
591	9	Mi5	E5	336	336	1	8	435	95	96		28.5
592	9	Re5	D5	327	327	1	8	435	95	96	þý	28.55556
593	9	Re5	D5	327	327	1	8	435	99	96	kým 	28.61111
594	9	Mi5	E5	336	336	1	16	217	99	96		28.63889
595	9	Re5	D5	327	327	1	16	217	99	96		28.66667
596	9	Do5	C5	318	318	1	8	435	99	96		28.72222
597	9	Si4b2	B4b1	312	313	1	24	145	99	96		28.74074
598	9	La4	A4	305	305	1	24	145	99	96		28.75926
599	9	Si4b2	B4b1	312	313	1	24	145	95	96		28.77778
600	9	Re5	D5	327	327	1	2	1739	99	96	Ley	29
601	9	Mi5	E5	336	336	1	4	870	99	96		29.11111
602	9	Fa5	F5	340	340	1	16	217	99	96		29.13889
603	9	Mi5	E5	336	336	1	16	217	99	96		29.16667
604	9	Re5	D5	327	327	1	16	217	99	96		29.19444
605	9	Mi5	E5	336	336	1	16	217	99	96		29.22222
606	9	Re5	D5	327	327	1	8	435	99	96		29.27778
607	9	Do5	C5	318	318	1	4	870	95	96		29.38889
608	9	Re5	D5	327	327	1	4	870	95	96	lâ	29.5
609	9	Fa5	F5	340	340	1	8	435	95	96	mý 	29.55556
610	9	Mi5	E5	336	336	1	8	435	99	96	gur	29.61111
611	9	Re5	D5	327	327	1	8	435	99	96		29.66667
612	9	Do5	C5	318	318	1	8	435	99	96		29.72222
613	9	Si4b2	B4b1	312	313	1	8	435	95	96		29.77778
614	9	La4	A4	305	305	3	16	652	99	96	bet 	29.86111
615	9	Si4b2	B4b1	312	313	1	16	217	99	96		29.88889
616	9	Do5	C5	318	318	1	8	435	99	96		29.94444
617	9	Re5	D5	327	327	1	8	435	99	96		30
618	9	Mi5	E5	336	336	1	8	435	99	96		30.05556
619	9	Do5	C5	318	318	1	8	435	99	96		30.11111
620	9	Re5	D5	327	327	1	8	435	99	96		30.16667
621	9	Si4b2	B4b1	312	313	1	8	435	99	96		30.22222
622	9	Do5	C5	318	318	1	16	217	99	96		30.25
623	9	Si4b2	B4b1	312	313	1	16	217	99	96		30.27778
624	9	La4	A4	305	305	1	16	217	99	96		30.30556
625	9	Si4b2	B4b1	312	313	1	16	217	99	96		30.33333
626	9	Sol4	G4	296	296	1	8	435	95	96		30.38889
627	9	Sol4	G4	296	296	1	4	870	95	96	el	30.5
628	9	Sol5	G5	349	349	1	8	435	95	96	de 	30.55556
629	9	Sol5	G5	349	349	3	8	1304	99	96	her 	30.72222
630	9	La5	A5	358	358	1	8	435	95	96		30.77778
631	9	Sol5	G5	349	349	1	16	217	99	96	dem 	30.80556
632	9	Fa5	F5	340	340	1	16	217	99	96		30.83333
633	9	Fa5	F5	340	340	1	8	435	99	96		30.88889
634	9	Fa5	F5	340	340	1	16	217	99	96		30.91667
635	9	Mi5	E5	336	336	1	16	217	99	96		30.94444
636	9	Mi5	E5	336	336	1	8	435	99	96		31
637	9	Mi5	E5	336	336	1	16	217	99	96		31.02778
638	9	Re5	D5	327	327	1	16	217	99	96		31.05556
639	9	Re5	D5	327	327	1	8	435	99	96		31.11111
640	9	Re5	D5	327	327	1	16	217	99	96		31.13889
641	9	Do5	C5	318	318	1	16	217	99	96		31.16667
642	9	Do5	C5	318	318	1	8	435	99	96		31.22222
643	9	Do5	C5	318	318	1	16	217	99	96		31.25
644	9	Si4b2	B4b1	312	313	1	16	217	99	96		31.27778
645	9	Si4b2	B4b1	312	313	1	16	217	99	96		31.30556
646	9	La4	A4	305	305	1	16	217	99	96		31.33333
647	9	La4	A4	305	305	1	8	435	95	96		31.38889
648	9	La4	A4	305	305	1	16	217	99	96	öz	31.41667
649	9	Si4b2	B4b1	312	313	1	16	217	99	96		31.44444
650	9	Do5	C5	318	318	1	16	217	99	96		31.47222
651	9	Re5	D5	327	327	1	16	217	99	96		31.5
652	9	Mi5	E5	336	336	1	16	217	99	96		31.52778
653	9	Fa5	F5	340	340	1	16	217	99	96		31.55556
654	9	Mi5	E5	336	336	1	16	217	99	96		31.58333
655	9	Re5	D5	327	327	1	16	217	99	96		31.61111
656	9	Do5	C5	318	318	1	16	217	99	96		31.63889
657	9	Si4b2	B4b1	312	313	1	16	217	99	96		31.66667
658	9	Re5	D5	327	327	1	8	435	95	96		31.72222
659	9	Si4b2	B4b1	312	313	1	16	217	99	96	le	31.75
660	9	La4	A4	305	305	1	16	217	95	96		31.77778
661	9	La4	A4	305	305	3	8	1304	95	96	rim  	31.94444
