Sira	Kod	Nota53	NotaAE	Koma53	KomaAE	Pay	Payda	Ms	LNS	Bas	Soz1	Offset
1	9	Do5#4	C5#4	322	322	1	16	208	95	96	ARANAÐME	0.0625
2	7	Re5	D5	327	327	3	16	625	95	96	.	0.25
3	9	Re5	D5	327	327	1	16	208	95	96	.	0.3125
4	9	La4	A4	305	305	1	16	208	95	96	.	0.375
5	9	Re5	D5	327	327	1	16	208	95	96	.	0.4375
6	9	La4	A4	305	305	1	16	208	95	96	.	0.5
7	9	Re5	D5	327	327	3	32	312	95	96	.	0.59375
8	9	Do5#4	C5#4	322	322	1	32	104	95	96	.	0.625
9	9	Re5	D5	327	327	1	16	208	95	96	.	0.6875
10	9	Mi5	E5	336	336	1	16	208	95	96	.	0.75
11	12	Do5#4	C5#4	322	322	1	8	417	95	96	.	0.875
12	9	Si4b1	B4b1	313	313	1	16	208	95	96	.	0.9375
13	9	La4	A4	305	305	1	16	208	95	96	.	1
14	9	Re5	D5	327	327	3	32	312	95	96	.	1.09375
15	9	Do5#4	C5#4	322	322	1	32	104	95	96	.	1.125
16	9	Re5	D5	327	327	1	16	208	95	96	.	1.1875
17	9	Mi5	E5	336	336	1	16	208	95	96	.	1.25
18	12	Do5#4	C5#4	322	322	2	16	417	95	96	.	1.375
19	9	Si4b1	B4b1	313	313	1	16	208	95	96	.	1.4375
20	9	La4	A4	305	305	1	16	208	95	96	.	1.5
21	9	Re5	D5	327	327	1	16	208	95	96	.	1.5625
22	9	La4	A4	305	305	1	16	208	95	96	.	1.625
23	9	Re5	D5	327	327	1	16	208	95	96	.	1.6875
24	9	La4	A4	305	305	1	16	208	95	96	.	1.75
25	12	Do5#4	C5#4	322	322	2	16	417	95	96	.	1.875
26	9	Si4b1	B4b1	313	313	1	16	208	95	96	.	1.9375
27	9	La4	A4	305	305	1	16	208	95	96	.	2
28	9	La4	A4	305	305	1	8	417	95	96	.	2.125
29	9	Si4b1	B4b1	313	313	1	16	208	95	96	.	2.1875
30	9	Re5	D5	327	327	1	16	208	95	96	.	2.25
31	12	Do5#4	C5#4	322	322	1	8	417	95	96	.	2.375
32	9	Si4b1	B4b1	313	313	1	16	208	95	96	.	2.4375
33	9	La4	A4	305	305	1	16	208	95	96	.	2.5
34	9	La4	A4	305	305	1	8	417	95	96	.	2.625
35	9	Si4b1	B4b1	313	313	1	16	208	95	96	.	2.6875
36	9	Re5	D5	327	327	1	16	208	95	96	.	2.75
37	12	Do5#4	C5#4	322	322	2	16	417	95	96	.	2.875
38	9	Si4b1	B4b1	313	313	1	16	208	95	96	.	2.9375
39	9	La4	A4	305	305	1	16	208	95	96	.	3
40	9	Si4b1	B4b1	313	313	1	16	208	95	96	.	3.0625
41	7	La4	A4	305	305	4	32	417	95	96	.	3.1875
42	9	La4	A4	305	305	1	16	208	95	96	.	3.25
43	10	Si4b1	B4b1	313	313	1	8	417	95	96	.	3.375
44	8	La4	A4	305	305	0	0	0	95	96	.	3.375
45	9	Sol4	G4	296	296	1	8	417	95	96	.	3.5
46	9	Si4b1	B4b1	313	313	1	16	208	95	96	.	3.5625
47	7	La4	A4	305	305	4	32	417	95	96	.	3.6875
48	9	La4	A4	305	305	1	16	208	95	96	.	3.75
49	10	Si4b1	B4b1	313	313	1	8	417	95	96	.	3.875
50	8	La4	A4	305	305	0	0	0	95	96	.	3.875
51	9	Sol4	G4	296	296	1	8	417	95	96	.	4
52	9	Si4b1	B4b1	313	313	1	16	208	95	96	.	4.0625
53	7	La4	A4	305	305	4	32	417	95	96	.	4.1875
54	9	La4	A4	305	305	1	16	208	95	96	.	4.25
55	9	Si4b1	B4b1	313	313	1	16	208	95	96	.	4.3125
56	9	La4	A4	305	305	1	16	208	95	96	.	4.375
57	9	Sol4	G4	296	296	1	16	208	95	96	.	4.4375
58	9	Fa4#4	F4#4	291	291	1	16	208	95	96	.	4.5
59	9	Fa4#4	F4#4	291	291	1	4	833	95	96	.	4.75
60	1	Mi4#4	E4#4	287	287	1	32	104	95	96	.	4.78125
61	1	Fa4#4	F4#4	291	291	1	32	104	95	96	.	4.8125
62	1	Sol4	G4	296	296	1	32	104	95	96	.	4.84375
63	1	La4	A4	305	305	1	32	104	95	96	.	4.875
64	1	Si4b1	B4b1	313	313	1	32	104	95	96	.	4.90625
65	1	Do5#4	C5#4	322	322	1	32	104	95	96	.	4.9375
66	1	Re5	D5	327	327	1	32	104	95	96	.	4.96875
67	1	Mi5#4	E5#4	340	340	1	32	104	95	96	.	5
68	9	Fa5#4	F5#4	344	344	1	16	208	95	96	.	5.0625
69	9	Sol5	G5	349	349	1	16	208	95	96	.	5.125
70	9	La5	A5	358	358	1	8	417	95	96	.	5.25
71	9	La5	A5	358	358	3	32	312	95	96	.	5.34375
72	9	Sol5	G5	349	349	1	32	104	95	96	.	5.375
73	9	La5	A5	358	358	1	16	208	95	96	.	5.4375
74	9	Si5	B5	367	367	1	16	208	95	96	.	5.5
75	9	La5	A5	358	358	1	16	208	95	96	.	5.5625
76	24	Sol5	G5	349	349	1	8	417	95	96	.	5.6875
77	9	Fa5#4	F5#4	344	344	1	16	208	95	96	.	5.75
78	9	Fa5#4	F5#4	344	344	1	8	417	95	96	.	5.875
79	9	Re5	D5	327	327	1	16	208	95	96	.	5.9375
80	9	Re5	D5	327	327	1	16	208	95	96	.	6
81	9	Fa5#4	F5#4	344	344	1	8	417	95	96	.	6.125
82	9			-1	-1	1	8	417	100	0		6.25
83	9	Fa5#4	F5#4	344	344	1	16	208	95	96	Gü	6.3125
84	9	Sol5	G5	349	349	1	16	208	99	96	ver	6.375
85	9	La5	A5	358	358	1	8	417	95	96		6.5
86	9	La5	A5	358	358	1	8	417	95	96	cin 	6.625
87	9	La5	A5	358	358	1	16	208	99	96	u	6.6875
88	9	Si5	B5	367	367	1	16	208	95	96		6.75
89	9	La5	A5	358	358	1	16	208	99	96	çu	6.8125
90	10	Sol5	G5	349	349	1	16	208	95	96		6.875
91	8	La5	A5	358	358	0	0	0	95	96		6.875
92	9	Sol5	G5	349	349	1	16	208	99	96	ver	6.9375
93	9	Fa5#4	F5#4	344	344	1	16	208	95	96		7
94	9	Fa5#4	F5#4	344	344	5	8	2084	95	96	di  	7.625
95	9			-1	-1	1	8	417	100	0		7.75
96	9	Fa5#4	F5#4	344	344	1	8	417	95	96	SAZ	7.875
97	9	Fa5#4	F5#4	344	344	1	16	208	95	96	.	7.9375
98	9	Fa5#4	F5#4	344	344	1	16	208	95	96	.	8
99	9	Mi5#4	E5#4	340	340	1	8	417	95	96	Ka	8.125
100	9	Fa5#4	F5#4	344	344	1	8	417	95	96	na	8.25
101	7	Sol5	G5	349	349	3	16	625	99	96	dýn_	8.4375
102	9	Fa5#4	F5#4	344	344	1	16	208	95	96		8.5
103	7	Fa5#4	F5#4	344	344	3	16	625	99	96	a	8.6875
104	9	Mi5#4	E5#4	340	340	1	16	208	95	96		8.75
105	12	Mi5#4	E5#4	340	340	3	16	625	99	96	çý	8.9375
106	9	Sol5	G5	349	349	1	16	208	99	96		9
107	9	Fa5#4	F5#4	344	344	1	8	417	99	96		9.125
108	9	Mi5#3	E5#4	339	340	1	8	417	95	96		9.25
109	12	Re5	D5	327	327	1	8	417	99	96	ver	9.375
110	9	Re5	D5	327	327	1	16	208	99	96		9.4375
111	9	Do5#4	C5#4	322	322	1	16	208	95	96		9.5
112	9	Do5#4	C5#4	322	322	1	2	1667	95	96	di  	10
113	9	Mi5	E5	336	336	1	8	417	95	96	Ben 	10.125
114	9	Mi5	E5	336	336	1	16	208	99	96	yan	10.1875
115	9	Re5	D5	327	327	1	16	208	95	96		10.25
116	9	Re5	D5	327	327	1	8	417	95	96	dým_	10.375
117	9	Re5	D5	327	327	1	16	208	99	96	a	10.4375
118	9	Do5#4	C5#4	322	322	1	16	208	95	96		10.5
119	9	Do5#4	C5#4	322	322	1	2	1667	95	96	man  	11
120	1	Do5#4	C5#4	322	322	1	32	104	95	96	SAZ	11.03125
121	1	Re5	D5	327	327	1	32	104	95	96	.	11.0625
122	1	Mi5#4	E5#4	340	340	1	32	104	95	96	.	11.09375
123	1	Fa5#4	F5#4	344	344	1	32	104	95	96	.	11.125
124	9	Sol5	G5	349	349	1	8	417	95	96	.	11.25
125	9	Sol5	G5	349	349	1	8	417	95	96	El_	11.375
126	9	Sol5	G5	349	349	1	16	208	99	96	oð	11.4375
127	9	Fa5#4	F5#4	344	344	1	16	208	95	96		11.5
128	9	Fa5#4	F5#4	344	344	1	8	417	95	96	lu 	11.625
129	9	Mi5#4	E5#4	340	340	1	8	417	95	96	de	11.75
130	10	Fa5#4	F5#4	344	344	1	8	417	95	96	ðil 	11.875
131	8	La5	A5	358	358	0	0	0	95	96		11.875
132	9	Sol5	G5	349	349	1	8	417	95	96	mi	12
133	12	Fa5#4	F5#4	344	344	2	16	417	99	96	dir 	12.125
134	12	Mi5#2	E5	338	336	2	16	417	99	96		12.25
135	9	Re5	D5	327	327	1	8	417	95	96		12.375
136	9	Do5#4	C5#4	322	322	1	16	208	99	96	a	12.4375
137	9	Re5	D5	327	327	1	16	208	95	96		12.5
138	9	Mi5	E5	336	336	1	8	417	95	96	man 	12.625
139	24	Re5	D5	327	327	1	8	417	95	96	a	12.75
140	9	Mi5	E5	336	336	1	8	417	95	96	man  	12.875
141	9			-1	-1	1	8	417	100	0		13
142	9	Do5#4	C5#4	322	322	1	8	417	95	96	Sev	13.125
143	9	Re5	D5	327	327	1	16	208	99	96	di 	13.1875
144	9	Si4b1	B4b1	313	313	1	16	208	95	96		13.25
145	9	Si4b1	B4b1	313	313	1	8	417	99	96	de 	13.375
146	9	La4	A4	305	305	1	8	417	95	96		13.5
147	9	Do5#4	C5#4	322	322	3	32	312	99	96	ka	13.59375
148	9	Re5	D5	327	327	1	32	104	99	96		13.625
149	10	Do5#4	C5#4	322	322	1	16	208	99	96		13.6875
150	8	Re5	D5	327	327	0	0	0	95	96		13.6875
151	9	Si4b1	B4b1	313	313	1	16	208	95	96		13.75
152	9	La4	A4	305	305	3	32	312	99	96	çý	13.84375
153	9	Si4b1	B4b1	313	313	1	32	104	99	96		13.875
154	9	La4	A4	305	305	1	16	208	99	96		13.9375
155	9	Si4b1	B4b1	313	313	1	16	208	95	96		14
156	9	La4	A4	305	305	1	16	208	99	96	ver	14.0625
157	24	Sol4	G4	296	296	1	8	417	99	96		14.1875
158	9	Fa4#4	F4#4	291	291	1	16	208	95	96		14.25
159	9	Fa4#4	F4#4	291	291	1	2	1667	95	96	di  	14.75
160	1	Fa4#4	F4#4	291	291	1	16	208	95	96	.	14.8125
161	1	Sol4	G4	296	296	1	16	208	95	96	.	14.875
162	1	La4	A4	305	305	1	16	208	95	96	.	14.9375
163	1	Si4b1	B4b1	313	313	1	16	208	95	96	.	15
164	52			0	0	1	4	0	72	0		15.25
165	1	Do5#4	C5#4	322	322	1	32	104	95	96	SAZ	15.28125
166	1	Re5	D5	327	327	1	32	104	95	96	.	15.3125
167	1	Mi5#4	E5#4	340	340	1	32	104	95	96	.	15.34375
168	1	Fa5#4	F5#4	344	344	1	32	104	95	96	.	15.375
169	9	Sol5	G5	349	349	1	8	417	95	96	.	15.5
170	9	Sol5	G5	349	349	1	8	417	95	96	El_	15.625
171	9	Sol5	G5	349	349	1	16	208	99	96	oð	15.6875
172	9	Fa5#4	F5#4	344	344	1	16	208	95	96		15.75
173	9	Fa5#4	F5#4	344	344	1	8	417	95	96	lu 	15.875
174	9	Mi5#4	E5#4	340	340	1	8	417	95	96	de	16
175	10	Fa5#4	F5#4	344	344	1	8	417	95	96	ðil 	16.125
176	8	La5	A5	358	358	0	0	0	95	96		16.125
177	9	Sol5	G5	349	349	1	8	417	95	96	mi	16.25
178	12	Fa5#4	F5#4	344	344	2	16	417	99	96	dir 	16.375
179	12	Mi5#2	E5	338	336	2	16	417	99	96		16.5
180	9	Re5	D5	327	327	1	8	417	95	96		16.625
181	9	Do5#4	C5#4	322	322	1	16	208	99	96	a	16.6875
182	9	Re5	D5	327	327	1	16	208	95	96		16.75
183	9	Mi5	E5	336	336	1	8	417	95	96	man 	16.875
184	24	Re5	D5	327	327	1	8	417	95	96	a	17
185	9	Mi5	E5	336	336	1	8	417	95	96	man  	17.125
186	9			-1	-1	1	8	417	100	0		17.25
187	9	Do5#4	C5#4	322	322	1	8	417	95	96	Sev	17.375
188	9	Re5	D5	327	327	1	16	208	99	96	di 	17.4375
189	9	Si4b1	B4b1	313	313	1	16	208	95	96		17.5
190	9	Si4b1	B4b1	313	313	1	8	417	99	96	de 	17.625
191	9	La4	A4	305	305	1	8	417	95	96		17.75
192	9	Do5#4	C5#4	322	322	3	32	312	99	96	ka	17.84375
193	9	Re5	D5	327	327	1	32	104	99	96		17.875
194	10	Do5#4	C5#4	322	322	1	16	208	99	96		17.9375
195	8	Re5	D5	327	327	0	0	0	95	96		17.9375
196	9	Si4b1	B4b1	313	313	1	16	208	95	96		18
197	9	La4	A4	305	305	3	32	312	99	96	çý	18.09375
198	9	Si4b1	B4b1	313	313	1	32	104	99	96		18.125
199	9	La4	A4	305	305	1	16	208	99	96		18.1875
200	9	Si4b1	B4b1	313	313	1	16	208	95	96		18.25
201	9	La4	A4	305	305	1	16	208	99	96	ver	18.3125
202	24	Sol4	G4	296	296	1	8	417	99	96		18.4375
203	9	Fa4#4	F4#4	291	291	1	16	208	95	96		18.5
204	9	Fa4#4	F4#4	291	291	1	4	833	95	96	di  	18.75
205	1	Fa4#4	F4#4	291	291	1	32	104	95	96	SAZ	18.78125
206	1	Sol4	G4	296	296	1	32	104	95	96	.	18.8125
207	1	La4	A4	305	305	1	32	104	95	96	.	18.84375
208	1	Si4b1	B4b1	313	313	1	32	104	95	96	.	18.875
209	1	Do5#4	C5#4	322	322	1	32	104	95	96	.	18.90625
210	1	Re5	D5	327	327	1	32	104	95	96	.	18.9375
211	1	Mi5#4	E5#4	340	340	1	32	104	95	96	.	18.96875
212	1	Fa5#4	F5#4	344	344	1	32	104	95	96	.	19
213	1	Sol5	G5	349	349	1	32	104	95	96	.	19.03125
214	1	La5	A5	358	358	1	32	104	95	96	.	19.0625
215	1	Si5b1	B5b1	366	366	1	32	104	95	96	.	19.09375
216	1	Do6#4	C6#4	375	375	1	32	104	95	96	.	19.125
217	1	Re6	D6	380	380	1	8	417	95	96	.	19.25
218	9	Do5#4	C5#4	322	322	1	16	208	99	96	A 	19.3125
219	9	Re5	D5	327	327	1	16	208	95	96		19.375
220	9	Re5	D5	327	327	1	8	417	95	96	be	19.5
221	9	Re5	D5	327	327	1	8	417	95	96	nim 	19.625
222	9	Re5	D5	327	327	1	8	417	95	96	ha	19.75
223	9	Re5	D5	327	327	1	16	208	99	96	cý 	19.8125
224	9	Do5#4	C5#4	322	322	1	16	208	95	96		19.875
225	9	Si4b1	B4b1	313	313	1	16	208	99	96	yâ	19.9375
226	9	Re5	D5	327	327	1	16	208	95	96		20
227	12	Do5#4	C5#4	322	322	2	16	417	99	96	rim  	20.125
228	10	Si4b1	B4b1	313	313	1	16	208	99	96		20.1875
229	8	Do5#4	C5#4	322	322	0	0	0	95	96		20.1875
230	9	La4	A4	305	305	1	16	208	95	96		20.25
231	9	La4	A4	305	305	1	8	417	95	96	Ba	20.375
232	9	Si4b1	B4b1	313	313	1	16	208	99	96	þý	20.4375
233	9	Re5	D5	327	327	1	16	208	95	96		20.5
234	9	Do5#4	C5#4	322	322	1	8	417	95	96	mýn 	20.625
235	9	Si4b1	B4b1	313	313	1	16	208	99	96	ta	20.6875
236	9	La4	A4	305	305	1	16	208	95	96		20.75
237	9	La4	A4	305	305	1	16	208	99	96	cý 	20.8125
238	9	Sol4	G4	296	296	1	16	208	95	96		20.875
239	9	Sol4	G4	296	296	1	16	208	99	96	yâ	20.9375
240	9	Fa4#4	F4#4	291	291	1	16	208	95	96		21
241	9	Fa4#4	F4#4	291	291	1	8	417	95	96	rim  	21.125
242	24	Re5	D5	327	327	1	8	417	95	96	SAZ	21.25
243	9	Do5#4	C5#4	322	322	1	16	208	99	96	El	21.3125
244	9	Re5	D5	327	327	1	16	208	95	96		21.375
245	9	Re5	D5	327	327	1	8	417	95	96	ler 	21.5
246	9	Re5	D5	327	327	1	8	417	95	96	ba	21.625
247	9	Re5	D5	327	327	1	8	417	95	96	na 	21.75
248	9	Re5	D5	327	327	1	16	208	99	96	a	21.8125
249	9	Do5#4	C5#4	322	322	1	16	208	95	96		21.875
250	9	Si4b1	B4b1	313	313	1	16	208	99	96	cý	21.9375
251	9	Re5	D5	327	327	1	16	208	95	96		22
252	12	Do5#4	C5#4	322	322	2	16	417	99	96	maz  	22.125
253	10	Si4b1	B4b1	313	313	1	16	208	99	96		22.1875
254	8	Do5#4	C5#4	322	322	0	0	0	99	96		22.1875
255	9	La4	A4	305	305	1	16	208	95	96		22.25
256	9	La4	A4	305	305	1	8	417	95	96	Sen 	22.375
257	9	Si4b1	B4b1	313	313	1	16	208	99	96	ba	22.4375
258	9	Re5	D5	327	327	1	16	208	95	96		22.5
259	12	Do5#4	C5#4	322	322	2	16	417	95	96	ri 	22.625
260	9	Si4b1	B4b1	313	313	1	16	208	99	96	a	22.6875
261	9	La4	A4	305	305	1	16	208	95	96		22.75
262	9	La4	A4	305	305	1	16	208	99	96	cý 	22.8125
263	9	Sol4	G4	296	296	1	16	208	95	96		22.875
264	9	Sol4	G4	296	296	1	16	208	99	96	yâ	22.9375
265	9	Fa4#4	F4#4	291	291	1	16	208	95	96		23
266	9	Fa4#4	F4#4	291	291	1	4	833	95	96	rim  	23.25
267	9	Do5#4	C5#4	322	322	1	16	208	95	96	ARANAÐME	23.3125
268	7	Re5	D5	327	327	3	16	625	95	96	.	23.5
269	9	Re5	D5	327	327	1	16	208	95	96	.	23.5625
270	9	La4	A4	305	305	1	16	208	95	96	.	23.625
271	9	Re5	D5	327	327	1	16	208	95	96	.	23.6875
272	9	La4	A4	305	305	1	16	208	95	96	.	23.75
273	9	Re5	D5	327	327	3	32	312	95	96	.	23.84375
274	9	Do5#4	C5#4	322	322	1	32	104	95	96	.	23.875
275	9	Re5	D5	327	327	1	16	208	95	96	.	23.9375
276	9	Mi5	E5	336	336	1	16	208	95	96	.	24
277	12	Do5#4	C5#4	322	322	1	8	417	95	96	.	24.125
278	9	Si4b1	B4b1	313	313	1	16	208	95	96	.	24.1875
279	9	La4	A4	305	305	1	16	208	95	96	.	24.25
280	9	Re5	D5	327	327	3	32	312	95	96	.	24.34375
281	9	Do5#4	C5#4	322	322	1	32	104	95	96	.	24.375
282	9	Re5	D5	327	327	1	16	208	95	96	.	24.4375
283	9	Mi5	E5	336	336	1	16	208	95	96	.	24.5
284	12	Do5#4	C5#4	322	322	2	16	417	95	96	.	24.625
285	9	Si4b1	B4b1	313	313	1	16	208	95	96	.	24.6875
286	9	La4	A4	305	305	1	16	208	95	96	.	24.75
287	9	Re5	D5	327	327	1	16	208	95	96	.	24.8125
288	9	La4	A4	305	305	1	16	208	95	96	.	24.875
289	9	Re5	D5	327	327	1	16	208	95	96	.	24.9375
290	9	La4	A4	305	305	1	16	208	95	96	.	25
291	12	Do5#4	C5#4	322	322	2	16	417	95	96	.	25.125
292	9	Si4b1	B4b1	313	313	1	16	208	95	96	.	25.1875
293	9	La4	A4	305	305	1	16	208	95	96	.	25.25
294	9	La4	A4	305	305	1	8	417	95	96	.	25.375
295	9	Si4b1	B4b1	313	313	1	16	208	95	96	.	25.4375
296	9	Re5	D5	327	327	1	16	208	95	96	.	25.5
297	12	Do5#4	C5#4	322	322	1	8	417	95	96	.	25.625
298	9	Si4b1	B4b1	313	313	1	16	208	95	96	.	25.6875
299	9	La4	A4	305	305	1	16	208	95	96	.	25.75
300	9	La4	A4	305	305	1	8	417	95	96	.	25.875
301	9	Si4b1	B4b1	313	313	1	16	208	95	96	.	25.9375
302	9	Re5	D5	327	327	1	16	208	95	96	.	26
303	12	Do5#4	C5#4	322	322	2	16	417	95	96	.	26.125
304	9	Si4b1	B4b1	313	313	1	16	208	95	96	.	26.1875
305	9	La4	A4	305	305	1	16	208	95	96	.	26.25
306	9	Si4b1	B4b1	313	313	1	16	208	95	96	.	26.3125
307	7	La4	A4	305	305	4	32	417	95	96	.	26.4375
308	9	La4	A4	305	305	1	16	208	95	96	.	26.5
309	10	Si4b1	B4b1	313	313	1	8	417	95	96	.	26.625
310	8	La4	A4	305	305	0	0	0	95	96	.	26.625
311	9	Sol4	G4	296	296	1	8	417	95	96	.	26.75
312	9	Si4b1	B4b1	313	313	1	16	208	95	96	.	26.8125
313	7	La4	A4	305	305	4	32	417	95	96	.	26.9375
314	9	La4	A4	305	305	1	16	208	95	96	.	27
315	10	Si4b1	B4b1	313	313	1	8	417	95	96	.	27.125
316	8	La4	A4	305	305	0	0	0	95	96	.	27.125
317	9	Sol4	G4	296	296	1	8	417	95	96	.	27.25
318	9	Si4b1	B4b1	313	313	1	16	208	95	96	.	27.3125
319	7	La4	A4	305	305	4	32	417	95	96	.	27.4375
320	9	La4	A4	305	305	1	16	208	95	96	.	27.5
321	9	Si4b1	B4b1	313	313	1	16	208	95	96	.	27.5625
322	9	La4	A4	305	305	1	16	208	95	96	.	27.625
323	9	Sol4	G4	296	296	1	16	208	95	96	.	27.6875
324	9	Fa4#4	F4#4	291	291	1	16	208	95	96	.	27.75
325	9	Fa4#4	F4#4	291	291	1	4	833	95	96	.	28
326	1	Mi4#4	E4#4	287	287	1	32	104	95	96	.	28.03125
327	1	Fa4#4	F4#4	291	291	1	32	104	95	96	.	28.0625
328	1	Sol4	G4	296	296	1	32	104	95	96	.	28.09375
329	1	La4	A4	305	305	1	32	104	95	96	.	28.125
330	1	Si4b1	B4b1	313	313	1	32	104	95	96	.	28.15625
331	1	Do5#4	C5#4	322	322	1	32	104	95	96	.	28.1875
332	1	Re5	D5	327	327	1	32	104	95	96	.	28.21875
333	1	Mi5#4	E5#4	340	340	1	32	104	95	96	.	28.25
334	9	Fa5#4	F5#4	344	344	1	16	208	95	96	.	28.3125
335	9	Sol5	G5	349	349	1	16	208	95	96	.	28.375
336	9	La5	A5	358	358	1	8	417	95	96	.	28.5
337	9	La5	A5	358	358	3	32	312	95	96	.	28.59375
338	9	Sol5	G5	349	349	1	32	104	95	96	.	28.625
339	9	La5	A5	358	358	1	16	208	95	96	.	28.6875
340	9	Si5	B5	367	367	1	16	208	95	96	.	28.75
341	9	La5	A5	358	358	1	16	208	95	96	.	28.8125
342	24	Sol5	G5	349	349	1	8	417	95	96	.	28.9375
343	9	Fa5#4	F5#4	344	344	1	16	208	95	96	.	29
344	9	Fa5#4	F5#4	344	344	1	8	417	95	96	.	29.125
345	9	Re5	D5	327	327	1	16	208	95	96	.	29.1875
346	9	Re5	D5	327	327	1	16	208	95	96	.	29.25
347	9	Fa5#4	F5#4	344	344	1	8	417	95	96	.	29.375
348	9			-1	-1	1	8	417	100	0		29.5
349	9	Fa5#4	F5#4	344	344	1	16	208	95	96	Gü	29.5625
350	9	Sol5	G5	349	349	1	16	208	99	96	ver	29.625
351	9	La5	A5	358	358	1	8	417	95	96		29.75
352	9	La5	A5	358	358	1	8	417	95	96	cin 	29.875
353	9	La5	A5	358	358	1	16	208	99	96	u	29.9375
354	9	Si5	B5	367	367	1	16	208	95	96		30
355	9	La5	A5	358	358	1	16	208	99	96	çu	30.0625
356	10	Sol5	G5	349	349	1	16	208	95	96		30.125
357	8	La5	A5	358	358	0	0	0	95	96		30.125
358	9	Sol5	G5	349	349	1	16	208	99	96	ver	30.1875
359	9	Fa5#4	F5#4	344	344	1	16	208	95	96		30.25
360	9	Fa5#4	F5#4	344	344	5	8	2084	95	96	di  	30.875
361	9			-1	-1	1	8	417	100	0		31
362	9	Fa5#4	F5#4	344	344	1	8	417	95	96	SAZ	31.125
363	9	Fa5#4	F5#4	344	344	1	16	208	95	96	.	31.1875
364	9	Fa5#4	F5#4	344	344	1	16	208	95	96	.	31.25
365	9	Mi5#4	E5#4	340	340	1	8	417	95	96	Ka	31.375
366	9	Fa5#4	F5#4	344	344	1	8	417	95	96	na	31.5
367	7	Sol5	G5	349	349	3	16	625	99	96	dýn_	31.6875
368	9	Fa5#4	F5#4	344	344	1	16	208	95	96		31.75
369	7	Fa5#4	F5#4	344	344	3	16	625	99	96	a	31.9375
370	9	Mi5#4	E5#4	340	340	1	16	208	95	96		32
371	12	Mi5#4	E5#4	340	340	3	16	625	99	96	çý	32.1875
372	9	Sol5	G5	349	349	1	16	208	99	96		32.25
373	9	Fa5#4	F5#4	344	344	1	8	417	99	96		32.375
374	9	Mi5#3	E5#4	339	340	1	8	417	95	96		32.5
375	12	Re5	D5	327	327	1	8	417	99	96	ver	32.625
376	9	Re5	D5	327	327	1	16	208	99	96		32.6875
377	9	Do5#4	C5#4	322	322	1	16	208	95	96		32.75
378	9	Do5#4	C5#4	322	322	1	2	1667	95	96	di  	33.25
379	9	Mi5	E5	336	336	1	8	417	95	96	Ben 	33.375
380	9	Mi5	E5	336	336	1	16	208	99	96	yan	33.4375
381	9	Re5	D5	327	327	1	16	208	95	96		33.5
382	9	Re5	D5	327	327	1	8	417	95	96	dým_	33.625
383	9	Re5	D5	327	327	1	16	208	99	96	a	33.6875
384	9	Do5#4	C5#4	322	322	1	16	208	95	96		33.75
385	9	Do5#4	C5#4	322	322	1	2	1667	95	96	man  	34.25
386	1	Do5#4	C5#4	322	322	1	32	104	95	96	SAZ	34.28125
387	1	Re5	D5	327	327	1	32	104	95	96	.	34.3125
388	1	Mi5#4	E5#4	340	340	1	32	104	95	96	.	34.34375
389	1	Fa5#4	F5#4	344	344	1	32	104	95	96	.	34.375
390	9	Sol5	G5	349	349	1	8	417	95	96	.	34.5
391	9	Sol5	G5	349	349	1	8	417	95	96	El_	34.625
392	9	Sol5	G5	349	349	1	16	208	99	96	oð	34.6875
393	9	Fa5#4	F5#4	344	344	1	16	208	95	96		34.75
394	9	Fa5#4	F5#4	344	344	1	8	417	95	96	lu 	34.875
395	9	Mi5#4	E5#4	340	340	1	8	417	95	96	de	35
396	10	Fa5#4	F5#4	344	344	1	8	417	95	96	ðil 	35.125
397	8	La5	A5	358	358	0	0	0	95	96		35.125
398	9	Sol5	G5	349	349	1	8	417	95	96	mi	35.25
399	12	Fa5#4	F5#4	344	344	2	16	417	99	96	dir 	35.375
400	12	Mi5#2	E5	338	336	2	16	417	99	96		35.5
401	9	Re5	D5	327	327	1	8	417	95	96		35.625
402	9	Do5#4	C5#4	322	322	1	16	208	99	96	a	35.6875
403	9	Re5	D5	327	327	1	16	208	95	96		35.75
404	9	Mi5	E5	336	336	1	8	417	95	96	man 	35.875
405	24	Re5	D5	327	327	1	8	417	95	96	a	36
406	9	Mi5	E5	336	336	1	8	417	95	96	man  	36.125
407	9			-1	-1	1	8	417	100	0		36.25
408	9	Do5#4	C5#4	322	322	1	8	417	95	96	Sev	36.375
409	9	Re5	D5	327	327	1	16	208	99	96	di 	36.4375
410	9	Si4b1	B4b1	313	313	1	16	208	95	96		36.5
411	9	Si4b1	B4b1	313	313	1	8	417	99	96	de 	36.625
412	9	La4	A4	305	305	1	8	417	95	96		36.75
413	9	Do5#4	C5#4	322	322	3	32	312	99	96	ka	36.84375
414	9	Re5	D5	327	327	1	32	104	99	96		36.875
415	10	Do5#4	C5#4	322	322	1	16	208	99	96		36.9375
416	8	Re5	D5	327	327	0	0	0	95	96		36.9375
417	9	Si4b1	B4b1	313	313	1	16	208	95	96		37
418	9	La4	A4	305	305	3	32	312	99	96	çý	37.09375
419	9	Si4b1	B4b1	313	313	1	32	104	99	96		37.125
420	9	La4	A4	305	305	1	16	208	99	96		37.1875
421	9	Si4b1	B4b1	313	313	1	16	208	95	96		37.25
422	9	La4	A4	305	305	1	16	208	99	96	ver	37.3125
423	24	Sol4	G4	296	296	1	8	417	99	96		37.4375
424	9	Fa4#4	F4#4	291	291	1	16	208	95	96		37.5
425	9	Fa4#4	F4#4	291	291	1	2	1667	95	96	di  	38
426	1	Fa4#4	F4#4	291	291	1	16	208	95	96	.	38.0625
427	1	Sol4	G4	296	296	1	16	208	95	96	.	38.125
428	1	La4	A4	305	305	1	16	208	95	96	.	38.1875
429	1	Si4b1	B4b1	313	313	1	16	208	95	96	.	38.25
430	1	Do5#4	C5#4	322	322	1	32	104	95	96	SAZ	38.28125
431	1	Re5	D5	327	327	1	32	104	95	96	.	38.3125
432	1	Mi5#4	E5#4	340	340	1	32	104	95	96	.	38.34375
433	1	Fa5#4	F5#4	344	344	1	32	104	95	96	.	38.375
434	9	Sol5	G5	349	349	1	8	417	95	96	.	38.5
435	9	Sol5	G5	349	349	1	8	417	95	96	El_	38.625
436	9	Sol5	G5	349	349	1	16	208	99	96	oð	38.6875
437	9	Fa5#4	F5#4	344	344	1	16	208	95	96		38.75
438	9	Fa5#4	F5#4	344	344	1	8	417	95	96	lu 	38.875
439	9	Mi5#4	E5#4	340	340	1	8	417	95	96	de	39
440	10	Fa5#4	F5#4	344	344	1	8	417	95	96	ðil 	39.125
441	8	La5	A5	358	358	0	0	0	95	96		39.125
442	9	Sol5	G5	349	349	1	8	417	95	96	mi	39.25
443	12	Fa5#4	F5#4	344	344	2	16	417	99	96	dir 	39.375
444	12	Mi5#2	E5	338	336	2	16	417	99	96		39.5
445	9	Re5	D5	327	327	1	8	417	95	96		39.625
446	9	Do5#4	C5#4	322	322	1	16	208	99	96	a	39.6875
447	9	Re5	D5	327	327	1	16	208	95	96		39.75
448	9	Mi5	E5	336	336	1	8	417	95	96	man 	39.875
449	24	Re5	D5	327	327	1	8	417	95	96	a	40
450	9	Mi5	E5	336	336	1	8	417	95	96	man  	40.125
451	9			-1	-1	1	8	417	100	0		40.25
452	9	Do5#4	C5#4	322	322	1	8	417	95	96	Sev	40.375
453	9	Re5	D5	327	327	1	16	208	99	96	di 	40.4375
454	9	Si4b1	B4b1	313	313	1	16	208	95	96		40.5
455	9	Si4b1	B4b1	313	313	1	8	417	99	96	de 	40.625
456	9	La4	A4	305	305	1	8	417	95	96		40.75
457	9	Do5#4	C5#4	322	322	3	32	312	99	96	ka	40.84375
458	9	Re5	D5	327	327	1	32	104	99	96		40.875
459	10	Do5#4	C5#4	322	322	1	16	208	99	96		40.9375
460	8	Re5	D5	327	327	0	0	0	95	96		40.9375
461	9	Si4b1	B4b1	313	313	1	16	208	95	96		41
462	9	La4	A4	305	305	3	32	312	99	96	çý	41.09375
463	9	Si4b1	B4b1	313	313	1	32	104	99	96		41.125
464	9	La4	A4	305	305	1	16	208	99	96		41.1875
465	9	Si4b1	B4b1	313	313	1	16	208	95	96		41.25
466	9	La4	A4	305	305	1	16	208	99	96	ver	41.3125
467	24	Sol4	G4	296	296	1	8	417	99	96		41.4375
468	9	Fa4#4	F4#4	291	291	1	16	208	95	96		41.5
469	9	Fa4#4	F4#4	291	291	1	4	833	95	96	di  	41.75
470	1	Fa4#4	F4#4	291	291	1	32	104	95	96	SAZ	41.78125
471	1	Sol4	G4	296	296	1	32	104	95	96	.	41.8125
472	1	La4	A4	305	305	1	32	104	95	96	.	41.84375
473	1	Si4b1	B4b1	313	313	1	32	104	95	96	.	41.875
474	1	Do5#4	C5#4	322	322	1	32	104	95	96	.	41.90625
475	1	Re5	D5	327	327	1	32	104	95	96	.	41.9375
476	1	Mi5#4	E5#4	340	340	1	32	104	95	96	.	41.96875
477	1	Fa5#4	F5#4	344	344	1	32	104	95	96	.	42
478	1	Sol5	G5	349	349	1	32	104	95	96	.	42.03125
479	1	La5	A5	358	358	1	32	104	95	96	.	42.0625
480	1	Si5b1	B5b1	366	366	1	32	104	95	96	.	42.09375
481	1	Do6#4	C6#4	375	375	1	32	104	95	96	.	42.125
482	1	Re6	D6	380	380	1	8	417	95	96	.	42.25
483	9	Do5#4	C5#4	322	322	1	16	208	99	96	A 	42.3125
484	9	Re5	D5	327	327	1	16	208	95	96		42.375
485	9	Re5	D5	327	327	1	8	417	95	96	be	42.5
486	9	Re5	D5	327	327	1	8	417	95	96	nim 	42.625
487	9	Re5	D5	327	327	1	8	417	95	96	ha	42.75
488	9	Re5	D5	327	327	1	16	208	99	96	cý 	42.8125
489	9	Do5#4	C5#4	322	322	1	16	208	95	96		42.875
490	9	Si4b1	B4b1	313	313	1	16	208	99	96	yâ	42.9375
491	9	Re5	D5	327	327	1	16	208	95	96		43
492	12	Do5#4	C5#4	322	322	2	16	417	99	96	rim  	43.125
493	10	Si4b1	B4b1	313	313	1	16	208	99	96		43.1875
494	8	Do5#4	C5#4	322	322	0	0	0	95	96		43.1875
495	9	La4	A4	305	305	1	16	208	95	96		43.25
496	9	La4	A4	305	305	1	8	417	95	96	Ba	43.375
497	9	Si4b1	B4b1	313	313	1	16	208	99	96	þý	43.4375
498	9	Re5	D5	327	327	1	16	208	95	96		43.5
499	9	Do5#4	C5#4	322	322	1	8	417	95	96	mýn 	43.625
500	9	Si4b1	B4b1	313	313	1	16	208	99	96	ta	43.6875
501	9	La4	A4	305	305	1	16	208	95	96		43.75
502	9	La4	A4	305	305	1	16	208	99	96	cý 	43.8125
503	9	Sol4	G4	296	296	1	16	208	95	96		43.875
504	9	Sol4	G4	296	296	1	16	208	99	96	yâ	43.9375
505	9	Fa4#4	F4#4	291	291	1	16	208	95	96		44
506	9	Fa4#4	F4#4	291	291	1	8	417	95	96	rim  	44.125
507	24	Re5	D5	327	327	1	8	417	95	96	SAZ	44.25
508	9	Do5#4	C5#4	322	322	1	16	208	99	96	El	44.3125
509	9	Re5	D5	327	327	1	16	208	95	96		44.375
510	9	Re5	D5	327	327	1	8	417	95	96	ler 	44.5
511	9	Re5	D5	327	327	1	8	417	95	96	ba	44.625
512	9	Re5	D5	327	327	1	8	417	95	96	na 	44.75
513	9	Re5	D5	327	327	1	16	208	99	96	a	44.8125
514	9	Do5#4	C5#4	322	322	1	16	208	95	96		44.875
515	9	Si4b1	B4b1	313	313	1	16	208	99	96	cý	44.9375
516	9	Re5	D5	327	327	1	16	208	95	96		45
517	12	Do5#4	C5#4	322	322	2	16	417	99	96	maz  	45.125
518	10	Si4b1	B4b1	313	313	1	16	208	99	96		45.1875
519	8	Do5#4	C5#4	322	322	0	0	0	99	96		45.1875
520	9	La4	A4	305	305	1	16	208	95	96		45.25
521	9	La4	A4	305	305	1	8	417	95	96	Sen 	45.375
522	9	Si4b1	B4b1	313	313	1	16	208	99	96	ba	45.4375
523	9	Re5	D5	327	327	1	16	208	95	96		45.5
524	12	Do5#4	C5#4	322	322	2	16	417	95	96	ri 	45.625
525	9	Si4b1	B4b1	313	313	1	16	208	99	96	a	45.6875
526	9	La4	A4	305	305	1	16	208	95	96		45.75
527	9	La4	A4	305	305	1	16	208	99	96	cý 	45.8125
528	9	Sol4	G4	296	296	1	16	208	95	96		45.875
529	9	Sol4	G4	296	296	1	16	208	99	96	yâ	45.9375
530	9	Fa4#4	F4#4	291	291	1	16	208	95	96		46
531	9	Fa4#4	F4#4	291	291	1	4	833	95	96	rim  	46.25
532	9	Do5#4	C5#4	322	322	1	16	208	95	96	SAZ	46.3125
533	9	Re5	D5	327	327	1	16	208	95	96	.	46.375
534	9	Re5	D5	327	327	1	16	208	95	96	.	46.4375
535	9	Re5	D5	327	327	1	16	208	95	96	.	46.5
536	9	Re5	D5	327	327	1	16	208	95	96	.	46.5625
537	9	La4	A4	305	305	1	16	208	95	96	.	46.625
538	9	Re5	D5	327	327	1	16	208	95	96	.	46.6875
539	9	La4	A4	305	305	1	16	208	95	96	.	46.75
540	9	Re5	D5	327	327	3	32	312	95	96	.	46.84375
541	9	Do5#4	C5#4	322	322	1	32	104	95	96	.	46.875
542	9	Re5	D5	327	327	1	16	208	95	96	.	46.9375
543	9	Mi5	E5	336	336	1	16	208	95	96	.	47
544	12	Do5#4	C5#4	322	322	1	8	417	95	96	.	47.125
545	9	Si4b1	B4b1	313	313	1	16	208	95	96	.	47.1875
546	9	La4	A4	305	305	1	16	208	95	96	.	47.25
547	9	Re5	D5	327	327	3	32	312	95	96	.	47.34375
548	9	Do5#4	C5#4	322	322	1	32	104	95	96	.	47.375
549	9	Re5	D5	327	327	1	16	208	95	96	.	47.4375
550	9	Mi5	E5	336	336	1	16	208	95	96	.	47.5
551	9	Do5#4	C5#4	322	322	1	8	417	95	96	.	47.625
552	9	Si4b1	B4b1	313	313	1	16	208	95	96	.	47.6875
553	9	La4	A4	305	305	1	16	208	95	96	.	47.75
554	9	Re5	D5	327	327	1	16	208	95	96	.	47.8125
555	9	La4	A4	305	305	1	16	208	95	96	.	47.875
556	9	Re5	D5	327	327	1	16	208	95	96	.	47.9375
557	9	La4	A4	305	305	1	16	208	95	96	.	48
558	9	Do5#4	C5#4	322	322	1	8	417	95	96	.	48.125
559	9	Si4b1	B4b1	313	313	1	16	208	95	96	.	48.1875
560	9	La4	A4	305	305	1	16	208	95	96	.	48.25
561	9	Do5#4	C5#4	322	322	1	16	208	95	96	OYUN 	48.3125
562	9	Re5	D5	327	327	1	16	208	95	96	KISMI	48.375
563	9	Mi5	E5	336	336	1	16	208	95	96	.	48.4375
564	9	Re5	D5	327	327	1	16	208	95	96	.	48.5
565	12	Mi5	E5	336	336	2	16	417	95	96	.	48.625
566	9	Re5	D5	327	327	1	8	417	95	96	.	48.75
567	9			-1	-1	1	16	208	100	0	.	48.8125
568	8	Sol5	G5	349	349	0	0	0	95	96	.	48.8125
569	9	Fa5	F5	340	340	1	16	208	95	96	.	48.875
570	9	Mi5	E5	336	336	1	16	208	95	96	.	48.9375
571	8	Fa5	F5	340	340	0	0	0	95	96	.	48.9375
572	9	Re5	D5	327	327	1	16	208	95	96	.	49
573	12	Mi5	E5	336	336	2	16	417	95	96	.	49.125
574	9	Re5	D5	327	327	1	8	417	95	96	.	49.25
575	9	Do5#4	C5#4	322	322	1	16	208	95	96	.	49.3125
576	9	Re5	D5	327	327	1	16	208	95	96	.	49.375
577	9	Mi5	E5	336	336	1	16	208	95	96	.	49.4375
578	9	Re5	D5	327	327	1	16	208	95	96	.	49.5
579	12	Mi5	E5	336	336	2	16	417	95	96	.	49.625
580	9	Re5	D5	327	327	1	8	417	95	96	.	49.75
581	9			-1	-1	1	16	208	100	0	.	49.8125
582	9	Fa5	F5	340	340	1	16	208	95	96	.	49.875
583	8	Sol5	G5	349	349	0	0	0	95	96	.	49.875
584	9	Mi5	E5	336	336	1	16	208	95	96	.	49.9375
585	8	Fa5	F5	340	340	0	0	0	95	96	.	49.9375
586	9	Re5	D5	327	327	1	16	208	95	96	.	50
587	12	Mi5	E5	336	336	1	8	417	95	96	.	50.125
588	9	Re5	D5	327	327	1	8	417	95	96	.	50.25
589	9	Do5#4	C5#4	322	322	1	16	208	95	96	.	50.3125
590	9	Re5	D5	327	327	1	16	208	95	96	.	50.375
591	9	Mi5	E5	336	336	1	16	208	95	96	.	50.4375
592	9	Re5	D5	327	327	1	16	208	95	96	.	50.5
593	12	Mi5	E5	336	336	1	8	417	95	96	.	50.625
594	9	Re5	D5	327	327	3	32	312	95	96	.	50.71875
595	9	La5	A5	358	358	1	32	104	95	96	.	50.75
596	10	Sol5	G5	349	349	1	16	208	95	96	.	50.8125
597	8	La5	A5	358	358	0	0	0	95	96	.	50.8125
598	10	Fa5	F5	340	340	1	16	208	95	96	.	50.875
599	8	Sol5	G5	349	349	0	0	0	95	96	.	50.875
600	10	Mi5	E5	336	336	1	16	208	95	96	.	50.9375
601	8	Fa5	F5	340	340	0	0	0	95	96	.	50.9375
602	9	Re5	D5	327	327	1	16	208	95	96	.	51
603	12	Mi5	E5	336	336	1	8	417	95	96	.	51.125
604	9	Re5	D5	327	327	1	8	417	95	96	.	51.25
605	9	Do5#4	C5#4	322	322	1	16	208	95	96	.	51.3125
606	9	Re5	D5	327	327	1	16	208	95	96	.	51.375
607	9	Mi5	E5	336	336	1	16	208	95	96	.	51.4375
608	9	Re5	D5	327	327	1	16	208	95	96	.	51.5
609	9	Mi5	E5	336	336	1	8	417	95	96	.	51.625
610	9	Re5	D5	327	327	3	32	312	95	96	.	51.71875
611	9	La5	A5	358	358	1	32	104	95	96	.	51.75
612	10	Sol5	G5	349	349	1	16	208	95	96	.	51.8125
613	8	La5	A5	358	358	0	0	0	95	96	.	51.8125
614	10	Fa5	F5	340	340	1	16	208	95	96	.	51.875
615	8	Sol5	G5	349	349	0	0	0	95	96	.	51.875
616	10	Mi5	E5	336	336	1	16	208	95	96	.	51.9375
617	8	Fa5	F5	340	340	0	0	0	95	96	.	51.9375
618	9	Re5	D5	327	327	1	16	208	95	96	.	52
619	12	Mi5	E5	336	336	1	8	417	95	96	.	52.125
620	9	Re5	D5	327	327	1	8	417	95	96	.	52.25
621	9	Re5	D5	327	327	1	16	208	95	96	.	52.3125
622	9	La4	A4	305	305	1	16	208	95	96	.	52.375
623	9	Re5	D5	327	327	1	16	208	95	96	.	52.4375
624	9	La4	A4	305	305	1	16	208	95	96	.	52.5
625	9	Do5#4	C5#4	322	322	1	8	417	95	96	.	52.625
626	9	Si4b1	B4b1	313	313	1	16	208	95	96	.	52.6875
627	9	La4	A4	305	305	1	16	208	95	96	.	52.75
628	9	Re5	D5	327	327	1	16	208	95	96	.	52.8125
629	9	La4	A4	305	305	1	16	208	95	96	.	52.875
630	9	Re5	D5	327	327	1	16	208	95	96	.	52.9375
631	9	La4	A4	305	305	1	16	208	95	96	.	53
632	9	Do5#4	C5#4	322	322	1	8	417	95	96	.	53.125
633	9	Si4b1	B4b1	313	313	1	16	208	95	96	.	53.1875
634	9	La4	A4	305	305	1	16	208	95	96	.	53.25
635	9	Re5	D5	327	327	1	16	208	95	96	.	53.3125
636	9	La4	A4	305	305	1	16	208	95	96	.	53.375
637	9	Re5	D5	327	327	1	16	208	95	96	.	53.4375
638	9	La4	A4	305	305	1	16	208	95	96	.	53.5
639	9	Do5#4	C5#4	322	322	1	8	417	95	96	.	53.625
640	9	Si4b1	B4b1	313	313	1	16	208	95	96	.	53.6875
641	9	La4	A4	305	305	1	16	208	95	96	.	53.75
642	9	Re5	D5	327	327	1	16	208	95	96	.	53.8125
643	9	La4	A4	305	305	1	16	208	95	96	.	53.875
644	9	Re5	D5	327	327	1	16	208	95	96	.	53.9375
645	9	La4	A4	305	305	1	16	208	95	96	.	54
646	9	Do5#4	C5#4	322	322	1	8	417	95	96	.	54.125
647	9	Si4b1	B4b1	313	313	1	16	208	95	96	.	54.1875
648	9	La4	A4	305	305	1	16	208	95	96	.	54.25
649	9	La4	A4	305	305	1	8	417	95	96	.	54.375
650	9	Si4b1	B4b1	313	313	1	16	208	95	96	.	54.4375
651	9	Re5	D5	327	327	1	16	208	95	96	.	54.5
652	12	Do5#4	C5#4	322	322	2	16	417	95	96	.	54.625
653	9	Si4b1	B4b1	313	313	1	16	208	95	96	.	54.6875
654	9	La4	A4	305	305	1	16	208	95	96	.	54.75
655	9	La4	A4	305	305	1	8	417	95	96	.	54.875
656	9	Si4b1	B4b1	313	313	1	16	208	95	96	.	54.9375
657	9	Re5	D5	327	327	1	16	208	95	96	.	55
658	12	Do5#4	C5#4	322	322	2	16	417	95	96	.	55.125
659	9	Si4b1	B4b1	313	313	1	16	208	95	96	.	55.1875
660	9	La4	A4	305	305	1	16	208	95	96	.	55.25
661	9	Si4b1	B4b1	313	313	1	16	208	95	96	.	55.3125
662	7	La4	A4	305	305	4	32	417	95	96	.	55.4375
663	7	La4	A4	305	305	4	64	208	95	96	.	55.5
664	9	Si4b1	B4b1	313	313	1	8	417	95	96	.	55.625
665	9	Sol4	G4	296	296	1	8	417	95	96	.	55.75
666	9	Si4b1	B4b1	313	313	1	16	208	95	96	.	55.8125
667	7	La4	A4	305	305	4	32	417	95	96	.	55.9375
668	7	La4	A4	305	305	4	64	208	95	96	.	56
669	9	Si4b1	B4b1	313	313	1	8	417	95	96	.	56.125
670	9	Sol4	G4	296	296	1	8	417	95	96	.	56.25
671	9	Si4b1	B4b1	313	313	1	16	208	95	96	.	56.3125
672	7	La4	A4	305	305	4	32	417	95	96	.	56.4375
673	7	La4	A4	305	305	4	64	208	95	96	.	56.5
674	9	Si4b1	B4b1	313	313	1	16	208	95	96	.	56.5625
675	9	La4	A4	305	305	1	16	208	95	96	.	56.625
676	9	Sol4	G4	296	296	1	16	208	95	96	.	56.6875
677	9	Fa4#4	F4#4	291	291	1	16	208	95	96	.	56.75
678	9	Fa4#4	F4#4	291	291	1	2	1667	95	96	.	57.25
679	9	Re4	D4	274	274	1	16	208	95	96	.	57.3125
680	9	Mi4	E4	283	283	1	16	208	95	96	.	57.375
681	9	Re4	D4	274	274	1	16	208	95	96	.	57.4375
682	9	Mi4	E4	283	283	1	16	208	95	96	.	57.5
683	9	Re4	D4	274	274	1	8	417	95	96	.	57.625
684	9	Sol4	G4	296	296	1	8	417	95	96	.	57.75
685	9	Fa4#4	F4#4	291	291	1	8	417	95	96	.	57.875
686	9	Mi4	E4	283	283	1	16	208	95	96	.	57.9375
687	9	Sol4	G4	296	296	1	16	208	95	96	.	58
688	9	Fa4#4	F4#4	291	291	1	8	417	95	96	.	58.125
689	9	Fa4#4	F4#4	291	291	1	16	208	95	96	.	58.1875
690	9	Fa4#4	F4#4	291	291	1	16	208	95	96	.	58.25
691	9	Re4	D4	274	274	1	16	208	95	96	.	58.3125
692	9	Mi4	E4	283	283	1	16	208	95	96	.	58.375
693	9	Re4	D4	274	274	1	16	208	95	96	.	58.4375
694	9	Mi4	E4	283	283	1	16	208	95	96	.	58.5
695	9	Re4	D4	274	274	1	8	417	95	96	.	58.625
696	9	Sol4	G4	296	296	1	8	417	95	96	.	58.75
697	9	Fa4#4	F4#4	291	291	1	8	417	95	96	.	58.875
698	9	Mi4	E4	283	283	1	16	208	95	96	.	58.9375
699	9	Sol4	G4	296	296	1	16	208	95	96	.	59
700	9	Fa4#4	F4#4	291	291	1	4	833	95	96	.	59.25
