Sira	Kod	Nota53	NotaAE	Koma53	KomaAE	Pay	Payda	Ms	LNS	Bas	Soz1	Offset
1	9	Mi5	E5	336	336	1	2	833	95	96	ARANAÐME	0.4444444
2	9	Mi5	E5	336	336	1	16	104	95	96	.	0.5
3	9	Re5#4	D5#4	331	331	1	16	104	95	96	.	0.5555556
4	9	Mi5	E5	336	336	1	16	104	95	96	.	0.6111111
5	9	Fa5	F5	340	340	1	16	104	95	96	.	0.6666667
6	9	Mi5	E5	336	336	1	4	417	50	96	.	0.8888889
7	9			-1	-1	1	8	208	100	0	.	1
8	9	Mi5	E5	336	336	1	16	104	95	96	.	1.055556
9	9	Re5#4	D5#4	331	331	1	16	104	95	66	.	1.111111
10	9	Mi5	E5	336	336	1	16	104	95	69	.	1.166667
11	9	Fa5	F5	340	340	1	16	104	95	71	.	1.222222
12	9	Mi5	E5	336	336	1	16	104	95	74	.	1.277778
13	9	Fa5	F5	340	340	1	16	104	95	76	.	1.333333
14	9	Mi5	E5	336	336	1	16	104	95	79	.	1.388889
15	9	Re5#4	D5#4	331	331	1	16	104	95	81	.	1.444444
16	9	Do5	C5	318	318	1	16	104	95	84	.	1.5
17	9	Re5#4	D5#4	331	331	1	16	104	95	96	.	1.555556
18	9	Do5	C5	318	318	1	16	104	95	96	.	1.611111
19	9	Si4	B4	314	314	1	16	104	95	96	.	1.666667
20	9	Do5	C5	318	318	1	16	104	95	96	.	1.722222
21	9	Si4	B4	314	314	1	16	104	95	96	.	1.777778
22	9	La4	A4	305	305	1	16	104	95	96	.	1.833333
23	9	Sol4#4	G4#4	300	300	1	16	104	95	96	.	1.888889
24	9	La4	A4	305	305	1	8	208	95	96	.	2
25	9	Mi5	E5	336	336	1	2	833	95	96	.	2.444444
26	9	Mi5	E5	336	336	1	16	104	95	96	.	2.5
27	9	Re5#4	D5#4	331	331	1	16	104	95	96	.	2.555556
28	9	Mi5	E5	336	336	1	16	104	95	96	.	2.611111
29	9	Fa5	F5	340	340	1	16	104	95	96	.	2.666667
30	9	Mi5	E5	336	336	1	4	417	50	96	.	2.888889
31	9			-1	-1	1	8	208	100	0	.	3
32	9	Mi5	E5	336	336	1	8	208	95	96	.	3.111111
33	9	Fa5	F5	340	340	1	8	208	95	96	.	3.222222
34	9	Sol5#4	G5#4	353	353	1	8	208	95	96	.	3.333333
35	10	La5	A5	358	358	1	8	208	95	96	.	3.444444
36	8	Si5	B5	367	367	0	0	0	95	96	.	3.444444
37	9	Sol5#4	G5#4	353	353	1	8	208	95	96	.	3.555556
38	9	Si5	B5	367	367	1	8	208	95	96	.	3.666667
39	9	La5	A5	358	358	1	4	417	95	96	.	3.888889
40	9			-1	-1	1	8	208	100	0	.	4
41	9	Do6	C6	371	371	1	2	833	95	96	.	4.444445
42	9	Do6	C6	371	371	1	8	208	95	96	.	4.555555
43	9	Si5	B5	367	367	1	8	208	95	96	.	4.666667
44	9	Si5	B5	367	367	1	4	417	95	96	.	4.888889
45	9	La5	A5	358	358	1	8	208	95	96	.	5
46	9	Si5	B5	367	367	1	8	208	95	96	.	5.111111
47	9	La5	A5	358	358	1	4	417	95	96	.	5.333333
48	9	Do6	C6	371	371	1	8	208	95	96	.	5.444445
49	11	Si5	B5	367	367	1	8	208	95	96	.	5.555555
50	11	La5	A5	358	358	1	8	208	95	96	.	5.666667
51	9	Sol5#4	G5#4	353	353	1	4	417	95	96	.	5.888889
52	9			-1	-1	1	8	208	100	0	.	6
53	9	Fa5	F5	340	340	1	2	833	50	96	.	6.444445
54	9	Mi5	E5	336	336	1	4	417	95	96	.	6.666667
55	9	Re5#4	D5#4	331	331	1	4	417	95	96	.	6.888889
56	9	Mi5	E5	336	336	1	8	208	95	96	.	7
57	9	Fa5	F5	340	340	1	8	208	95	96	.	7.111111
58	9	Sol5#4	G5#4	353	353	1	16	104	95	96	.	7.166667
59	9	La5	A5	358	358	1	16	104	95	96	.	7.222222
60	9	Si5	B5	367	367	1	16	104	95	96	.	7.277778
61	9	Do6	C6	371	371	1	16	104	95	96	.	7.333333
62	9	Si5	B5	367	367	1	16	104	95	96	.	7.388889
63	9	La5	A5	358	358	1	16	104	95	96	.	7.444445
64	9	Sol5#4	G5#4	353	353	1	16	104	95	96	.	7.5
65	9	La5	A5	358	358	1	16	104	95	96	.	7.555555
66	9	Sol5#4	G5#4	353	353	1	16	104	95	96	.	7.611111
67	9	Fa5	F5	340	340	1	16	104	95	96	.	7.666667
68	9	Mi5	E5	336	336	1	4	417	95	96	.	7.888889
69	9			-1	-1	1	8	208	100	0	.	8
70	9	Sol5	G5	349	349	1	2	833	50	96	.	8.444445
71	9	La5	A5	358	358	1	8	208	95	96	.	8.555555
72	9	Sol5	G5	349	349	1	8	208	95	96	.	8.666667
73	7	Fa5	F5	340	340	2	8	417	95	96	.	8.888889
74	9	Mi5	E5	336	336	1	8	208	95	96	.	9
75	9	Mi5	E5	336	336	1	8	208	95	96	.	9.111111
76	9	Re5	D5	327	327	1	4	417	95	96	.	9.333333
77	9	Fa5	F5	340	340	1	8	208	95	96	.	9.444445
78	9	Mi5	E5	336	336	1	8	208	95	96	.	9.555555
79	9	Re5	D5	327	327	1	8	208	95	96	.	9.666667
80	9	Do5	C5	318	318	1	4	417	95	96	.	9.888889
81	9			-1	-1	1	8	208	100	0	.	10
82	9	Re5	D5	327	327	1	8	208	95	96	.	10.11111
83	9	Do5	C5	318	318	1	8	208	95	96	.	10.22222
84	9	Re5	D5	327	327	1	8	208	95	96	.	10.33333
85	9	Fa5	F5	340	340	1	8	208	95	96	.	10.44444
86	9	Mi5	E5	336	336	1	8	208	95	96	.	10.55556
87	9	Re5	D5	327	327	1	8	208	95	96	.	10.66667
88	9	Do5	C5	318	318	1	8	208	95	96	.	10.77778
89	9	Si4	B4	314	314	1	8	208	95	96	.	10.88889
90	9	La4	A4	305	305	1	8	208	95	96	.	11
91	11	Si4	B4	314	314	1	8	208	95	96	.	11.11111
92	10	La4	A4	305	305	1	8	208	95	96	.	11.22222
93	8	Si4	B4	314	314	0	0	0	95	96	.	11.22222
94	9	Sol4#4	G4#4	300	300	1	8	208	95	96	.	11.33333
95	9	La4	A4	305	305	1	8	208	95	96	.	11.44444
96	9	Si4	B4	314	314	1	4	417	95	96	.	11.66667
97	9	Si4	B4	314	314	1	16	104	95	96	.	11.72222
98	9	La4	A4	305	305	1	16	104	95	96	.	11.77778
99	9	Si4	B4	314	314	1	16	104	95	96	.	11.83333
100	9	Do5	C5	318	318	1	16	104	95	96	.	11.88889
101	9	Re5	D5	327	327	1	16	104	95	96	.	11.94444
102	9	Re5#4	D5#4	331	331	1	16	104	95	96	.	12
103	9	Mi5	E5	336	336	1	4	417	50	96	.	12.22222
104	9			-1	-1	1	4	417	100	0	.	12.44444
105	9	Mi5	E5	336	336	1	16	104	95	96	.	12.5
106	9	Fa5	F5	340	340	1	16	104	95	96	.	12.55556
107	9	Mi5	E5	336	336	1	8	208	95	96	.	12.66667
108	9	Re5	D5	327	327	1	4	417	95	96	.	12.88889
109	9	Do5	C5	318	318	1	8	208	95	96	.	13
110	9	Sol5	G5	349	349	1	8	208	95	96	.	13.11111
111	9	Sol5	G5	349	349	1	4	417	95	96	.	13.33333
112	11	La5	A5	358	358	1	8	208	95	96	.	13.44444
113	11	La5	A5	358	358	1	8	208	95	96	.	13.55556
114	11	Sol5	G5	349	349	1	8	208	95	96	.	13.66667
115	11	Fa5	F5	340	340	1	8	208	95	96	.	13.77778
116	11	Mi5	E5	336	336	1	8	208	95	96	.	13.88889
117	9	Re5	D5	327	327	1	8	208	95	96	.	14
118	9	Do5	C5	318	318	1	8	208	95	96	.	14.11111
119	9	Mi5	E5	336	336	1	8	208	95	96	.	14.22222
120	9	Re5	D5	327	327	1	8	208	95	96	.	14.33333
121	9	Mi5	E5	336	336	1	8	208	95	96	.	14.44444
122	9	Do5	C5	318	318	1	8	208	95	96	.	14.55556
123	9	Re5	D5	327	327	1	8	208	95	96	.	14.66667
124	9	Do5	C5	318	318	1	8	208	95	96	.	14.77778
125	9	Si4	B4	314	314	1	8	208	95	96	.	14.88889
126	9	La4	A4	305	305	1	8	208	95	96	.	15
127	9	Do5	C5	318	318	1	8	208	95	96	.	15.11111
128	9	Si4	B4	314	314	1	8	208	95	66	.	15.22222
129	9	La4	A4	305	305	1	8	208	95	68	.	15.33333
130	9	Sol4#4	G4#4	300	300	1	8	208	95	71	.	15.44444
131	9	La4	A4	305	305	1	4	417	95	73	.	15.66667
132	9			-1	-1	3	8	625	100	76		16
133	7	Mi5	E5	336	336	4	8	833	95	78	Yan	16.44444
134	11	Do6	C6	371	371	1	8	208	99	96	dým 	16.55556
135	11	Si5	B5	367	367	1	8	208	99	96		16.66667
136	11	La5	A5	358	358	1	8	208	99	96		16.77778
137	11	Sol5#4	G5#4	353	353	1	8	208	99	96		16.88889
138	9	Fa5	F5	340	340	1	8	208	95	96		17
139	11	Sol5#4	G5#4	353	353	1	8	208	95	96	de	17.11111
140	10	Fa5	F5	340	340	1	8	208	95	96		17.22222
141	8	Sol5#4	G5#4	353	353	0	0	0	95	96		17.22222
142	9	Fa5	F5	340	340	1	8	208	99	96	min	17.33333
143	9	Mi5	E5	336	336	1	8	208	95	96		17.44444
144	8	Fa5	F5	340	340	0	0	0	95	96		17.44444
145	9	Mi5	E5	336	336	1	8	208	99	96	den 	17.55556
146	11	Re5#4	D5#4	331	331	1	8	208	99	96		17.66667
147	9	Do5	C5	318	318	1	8	208	99	96		17.77778
148	10	Si4	B4	314	314	1	8	208	99	96		17.88889
149	8	Do5	C5	318	318	0	0	0	99	96		17.88889
150	9	La4	A4	305	305	1	8	208	95	96		18
151	7	Mi5	E5	336	336	4	8	833	95	96	að	18.44444
152	11	Do6	C6	371	371	1	8	208	99	96	yâr 	18.55556
153	11	Si5	B5	367	367	1	8	208	99	96		18.66667
154	11	La5	A5	358	358	1	8	208	99	96		18.77778
155	11	Sol5#4	G5#4	353	353	1	8	208	99	96		18.88889
156	9	Fa5	F5	340	340	1	8	208	95	96		19
157	9	Sol5#4	G5#4	353	353	1	8	208	99	96	e	19.11111
158	9	La5	A5	358	358	1	8	208	95	96		19.22222
159	23	Si5	B5	367	367	1	8	208	99	96	lin	19.33333
160	9	Sol5#4	G5#4	353	353	1	8	208	95	66		19.44444
161	9	La5	A5	358	358	1	4	417	95	76	den  	19.66667
162	8	Si5	B5	367	367	0	0	0	95	66		19.66667
163	9	La5	A5	358	358	1	8	208	95	68	SAZ	19.77778
164	9	Sol5#4	G5#4	353	353	1	8	208	95	71	.	19.88889
165	9	Fa5	F5	340	340	1	8	208	95	73	.	20
166	52			0	0	1	8	0	127	76		20.11111
167	7	Mi5	E5	336	336	4	8	833	95	78	Yan	20.55556
168	11	Do6	C6	371	371	1	8	208	99	96	dým 	20.66667
169	11	Si5	B5	367	367	1	8	208	99	96		20.77778
170	11	La5	A5	358	358	1	8	208	99	96		20.88889
171	11	Sol5#4	G5#4	353	353	1	8	208	99	96		21
172	9	Fa5	F5	340	340	1	8	208	95	96		21.11111
173	11	Sol5#4	G5#4	353	353	1	8	208	95	96	de	21.22222
174	10	Fa5	F5	340	340	1	8	208	95	96		21.33333
175	8	Sol5#4	G5#4	353	353	0	0	0	95	96		21.33333
176	9	Fa5	F5	340	340	1	8	208	99	96	min	21.44444
177	9	Mi5	E5	336	336	1	8	208	95	96		21.55556
178	8	Fa5	F5	340	340	0	0	0	95	96		21.55556
179	9	Mi5	E5	336	336	1	8	208	99	96	den 	21.66667
180	11	Re5#4	D5#4	331	331	1	8	208	99	96		21.77778
181	9	Do5	C5	318	318	1	8	208	99	96		21.88889
182	10	Si4	B4	314	314	1	8	208	99	96		22
183	8	Do5	C5	318	318	0	0	0	99	96		22
184	9	La4	A4	305	305	1	8	208	95	96		22.11111
185	7	Mi5	E5	336	336	4	8	833	95	96	að	22.55556
186	11	Do6	C6	371	371	1	8	208	99	96	yâr 	22.66667
187	11	Si5	B5	367	367	1	8	208	99	96		22.77778
188	11	La5	A5	358	358	1	8	208	99	96		22.88889
189	11	Sol5#4	G5#4	353	353	1	8	208	99	96		23
190	9	Fa5	F5	340	340	1	8	208	95	96		23.11111
191	9	Sol5#4	G5#4	353	353	1	8	208	99	66	e	23.22222
192	9	La5	A5	358	358	1	8	208	95	68		23.33333
193	23	Si5	B5	367	367	1	8	208	99	71	lin	23.44444
194	9	Sol5#4	G5#4	353	353	1	8	208	95	73		23.55556
195	9	La5	A5	358	358	1	4	417	95	76	den  	23.77778
196	9	La5	A5	358	358	1	16	104	95	78	SAZ	23.83333
197	9	Sol5#4	G5#4	353	353	1	16	104	95	66	.	23.88889
198	9	Fa5	F5	340	340	1	16	104	95	71	.	23.94444
199	9	Mi5	E5	336	336	1	16	104	95	75	.	24
200	9	Re5#4	D5#4	331	331	1	16	104	95	80	.	24.05556
201	9	Fa5	F5	340	340	1	16	104	95	85	.	24.11111
202	9	Mi5	E5	336	336	1	2	833	95	89	Dil	24.55556
203	23	Mi5	E5	336	336	1	4	417	99	94	ber 	24.77778
204	9	Re5	D5	327	327	2	8	417	99	99		25
205	9	Do5	C5	318	318	1	8	208	95	103		25.11111
206	9	Sol5	G5	349	349	1	8	208	95	108	di	25.22222
207	9	Sol5	G5	349	349	1	4	417	99	96	lin	25.44444
208	11	La5	A5	358	358	1	8	208	95	96		25.55556
209	11	La5	A5	358	358	1	8	208	99	96	den 	25.66667
210	11	Sol5	G5	349	349	1	8	208	99	96		25.77778
211	10	Fa5	F5	340	340	1	8	208	99	96		25.88889
212	8	Sol5	G5	349	349	0	0	0	99	96		25.88889
213	10	Mi5	E5	336	336	1	8	208	99	96		26
214	8	Fa5	F5	340	340	0	0	0	99	96		26
215	9	Re5	D5	327	327	1	8	208	95	96		26.11111
216	9	Do5	C5	318	318	1	8	208	99	96	að	26.22222
217	9	Mi5	E5	336	336	1	8	208	99	96		26.33333
218	9	Re5	D5	327	327	1	8	208	99	96		26.44444
219	9	Mi5	E5	336	336	1	8	208	95	96		26.55556
220	9	Do5	C5	318	318	1	8	208	99	96	yâr 	26.66667
221	11	Re5	D5	327	327	1	8	208	99	96		26.77778
222	11	Do5	C5	318	318	1	8	208	99	96		26.88889
223	11	Si4	B4	314	314	1	8	208	99	96		27
224	9	La4	A4	305	305	1	8	208	95	96		27.11111
225	9	Do5	C5	318	318	2	16	208	99	96	e	27.22222
226	9	Si4	B4	314	314	1	8	208	95	66		27.33333
227	10	La4	A4	305	305	1	8	208	99	69	lin	27.44444
228	8	Si4	B4	314	314	0	0	0	99	72		27.44444
229	9	Sol4#4	G4#4	300	300	1	8	208	95	75		27.55556
230	9	La4	A4	305	305	1	8	208	99	66	den  	27.66667
231	9	Si4	B4	314	314	1	8	208	99	71		27.77778
232	9	Do5	C5	318	318	1	8	208	99	75		27.88889
233	9	Re5	D5	327	327	1	8	208	99	80		28
234	9	Mi5	E5	336	336	1	8	208	95	85		28.11111
235	9	Mi5	E5	336	336	1	2	833	95	89	Dil	28.55556
236	23	Mi5	E5	336	336	1	4	417	99	94	ber 	28.77778
237	9	Re5	D5	327	327	2	8	417	99	99		29
238	9	Do5	C5	318	318	1	8	208	95	103		29.11111
239	9	Sol5	G5	349	349	1	8	208	95	108	di	29.22222
240	9	Sol5	G5	349	349	1	4	417	99	96	lin	29.44444
241	11	La5	A5	358	358	1	8	208	95	96		29.55556
242	11	La5	A5	358	358	1	8	208	99	96	den 	29.66667
243	11	Sol5	G5	349	349	1	8	208	99	96		29.77778
244	10	Fa5	F5	340	340	1	8	208	99	96		29.88889
245	8	Sol5	G5	349	349	0	0	0	99	96		29.88889
246	10	Mi5	E5	336	336	1	8	208	99	96		30
247	8	Fa5	F5	340	340	0	0	0	99	96		30
248	9	Re5	D5	327	327	1	8	208	95	96		30.11111
249	9	Do5	C5	318	318	1	8	208	99	96	að	30.22222
250	9	Mi5	E5	336	336	1	8	208	99	96		30.33333
251	9	Re5	D5	327	327	1	8	208	99	96		30.44444
252	9	Mi5	E5	336	336	1	8	208	95	96		30.55556
253	9	Do5	C5	318	318	1	8	208	99	96	yâr 	30.66667
254	11	Re5	D5	327	327	1	8	208	99	96		30.77778
255	11	Do5	C5	318	318	1	8	208	99	96		30.88889
256	11	Si4	B4	314	314	1	8	208	99	96		31
257	9	La4	A4	305	305	1	8	208	95	96		31.11111
258	9	Do5	C5	318	318	2	16	208	99	96	e	31.22222
259	9	Si4	B4	314	314	1	8	208	95	96		31.33333
260	10	La4	A4	305	305	1	8	208	99	96	lin	31.44444
261	8	Si4	B4	314	314	0	0	0	99	96		31.44444
262	9	Sol4#4	G4#4	300	300	1	8	208	95	96		31.55556
263	9	La4	A4	305	305	1	2	833	95	96	den  	32
264	9			-1	-1	1	8	208	100	0		32.11111
265	7	Mi5	E5	336	336	4	8	833	95	96	O 	32.55556
266	11	Do6	C6	371	371	1	8	208	99	84	yâr	32.66667
267	11	Si5	B5	367	367	1	8	208	99	84		32.77778
268	11	La5	A5	358	358	1	8	208	99	84		32.88889
269	11	Sol5#4	G5#4	353	353	1	8	208	99	84		33
270	9	Fa5	F5	340	340	1	8	208	95	84		33.11111
271	11	Sol5#4	G5#4	353	353	1	8	208	95	84	la 	33.22222
272	10	Fa5	F5	340	340	1	8	208	95	84		33.33333
273	8	Sol5#4	G5#4	353	353	0	0	0	95	96		33.33333
274	9	Fa5	F5	340	340	1	8	208	99	96	soh	33.44444
275	9	Mi5	E5	336	336	1	8	208	95	96		33.55556
276	8	Fa5	F5	340	340	0	0	0	95	96		33.55556
277	9	Mi5	E5	336	336	1	8	208	99	96	bet 	33.66667
278	11	Re5#4	D5#4	331	331	1	8	208	99	96		33.77778
279	9	Do5	C5	318	318	1	8	208	99	96		33.88889
280	10	Si4	B4	314	314	1	8	208	99	96		34
281	8	Do5	C5	318	318	0	0	0	99	96		34
282	9	La4	A4	305	305	1	8	208	95	96		34.11111
283	7	Mi5	E5	336	336	4	8	833	95	96	câ	34.55556
284	11	Do6	C6	371	371	1	8	208	99	96	ný	34.66667
285	11	Si5	B5	367	367	1	8	208	99	96		34.77778
286	11	La5	A5	358	358	1	8	208	99	96		34.88889
287	11	Sol5#4	G5#4	353	353	1	8	208	99	96		35
288	9	Fa5	F5	340	340	1	8	208	95	96		35.11111
289	9	Sol5#4	G5#4	353	353	1	8	208	99	96	ma 	35.22222
290	9	La5	A5	358	358	1	8	208	95	96		35.33333
291	23	Si5	B5	367	367	1	8	208	99	96	min	35.44444
292	9	Sol5#4	G5#4	353	353	1	8	208	95	96		35.55556
293	9	La5	A5	358	358	1	4	417	95	66	net  	35.77778
294	8	Si5	B5	367	367	0	0	0	95	87		35.77778
295	9	La5	A5	358	358	1	8	208	95	108	SAZ	35.88889
296	9	Sol5#4	G5#4	353	353	1	8	208	95	96	.	36
297	9	Fa5	F5	340	340	1	8	208	95	96	.	36.11111
298	7	Mi5	E5	336	336	4	8	833	95	96	O 	36.55556
299	11	Do6	C6	371	371	1	8	208	99	84	yâr	36.66667
300	11	Si5	B5	367	367	1	8	208	99	84		36.77778
301	11	La5	A5	358	358	1	8	208	99	84		36.88889
302	11	Sol5#4	G5#4	353	353	1	8	208	99	84		37
303	9	Fa5	F5	340	340	1	8	208	95	84		37.11111
304	11	Sol5#4	G5#4	353	353	1	8	208	95	84	la 	37.22222
305	10	Fa5	F5	340	340	1	8	208	95	84		37.33333
306	8	Sol5#4	G5#4	353	353	0	0	0	95	96		37.33333
307	9	Fa5	F5	340	340	1	8	208	99	96	soh	37.44444
308	9	Mi5	E5	336	336	1	8	208	95	96		37.55556
309	8	Fa5	F5	340	340	0	0	0	95	96		37.55556
310	9	Mi5	E5	336	336	1	8	208	99	96	bet 	37.66667
311	11	Re5#4	D5#4	331	331	1	8	208	99	96		37.77778
312	9	Do5	C5	318	318	1	8	208	99	96		37.88889
313	10	Si4	B4	314	314	1	8	208	99	96		38
314	8	Do5	C5	318	318	0	0	0	99	96		38
315	9	La4	A4	305	305	1	8	208	95	96		38.11111
316	7	Mi5	E5	336	336	4	8	833	95	96	câ	38.55556
317	11	Do6	C6	371	371	1	8	208	99	96	ný	38.66667
318	11	Si5	B5	367	367	1	8	208	99	96		38.77778
319	11	La5	A5	358	358	1	8	208	99	96		38.88889
320	11	Sol5#4	G5#4	353	353	1	8	208	99	96		39
321	9	Fa5	F5	340	340	1	8	208	95	96		39.11111
322	9	Sol5#4	G5#4	353	353	1	8	208	99	66	ma 	39.22222
323	9	La5	A5	358	358	1	8	208	95	68		39.33333
324	23	Si5	B5	367	367	1	8	208	99	71	min	39.44444
325	9	Sol5#4	G5#4	353	353	1	8	208	95	73		39.55556
326	9	La5	A5	358	358	1	4	417	95	76	net  	39.77778
327	9	La5	A5	358	358	1	16	104	95	78	SAZ	39.83333
328	9	Sol5#4	G5#4	353	353	1	16	104	95	96	.	39.88889
329	9	Fa5	F5	340	340	1	16	104	95	66	.	39.94444
330	9	Mi5	E5	336	336	1	16	104	95	76	.	40
331	9	Re5#4	D5#4	331	331	1	16	104	95	87	.	40.05556
332	9	Fa5	F5	340	340	1	16	104	95	98	.	40.11111
333	9	Mi5	E5	336	336	1	2	833	95	108	Dü	40.55556
334	23	Mi5	E5	336	336	1	4	417	99	96	þer 	40.77778
335	9	Re5	D5	327	327	2	8	417	99	96		41
336	9	Do5	C5	318	318	1	8	208	95	96		41.11111
337	9	Sol5	G5	349	349	1	8	208	95	96	mi 	41.22222
338	9	Sol5	G5	349	349	1	4	417	99	96	fýr	41.44444
339	11	La5	A5	358	358	1	8	208	95	96		41.55556
340	11	La5	A5	358	358	1	8	208	99	96	sat 	41.66667
341	11	Sol5	G5	349	349	1	8	208	99	96		41.77778
342	10	Fa5	F5	340	340	1	8	208	99	96		41.88889
343	8	Sol5	G5	349	349	0	0	0	99	96		41.88889
344	10	Mi5	E5	336	336	1	8	208	99	96		42
345	8	Fa5	F5	340	340	0	0	0	99	96		42
346	9	Re5	D5	327	327	1	8	208	95	96		42.11111
347	9	Do5	C5	318	318	1	8	208	99	96	að	42.22222
348	9	Mi5	E5	336	336	1	8	208	99	96		42.33333
349	9	Re5	D5	327	327	1	8	208	99	96		42.44444
350	9	Mi5	E5	336	336	1	8	208	95	96		42.55556
351	9	Do5	C5	318	318	1	8	208	99	96	yâr 	42.66667
352	11	Re5	D5	327	327	1	8	208	99	96		42.77778
353	11	Do5	C5	318	318	1	8	208	99	96		42.88889
354	11	Si4	B4	314	314	1	8	208	99	96		43
355	9	La4	A4	305	305	1	8	208	95	96		43.11111
356	9	Do5	C5	318	318	2	16	208	99	96	e	43.22222
357	9	Si4	B4	314	314	1	8	208	95	66		43.33333
358	10	La4	A4	305	305	1	8	208	99	69	lin	43.44444
359	8	Si4	B4	314	314	0	0	0	99	72		43.44444
360	9	Sol4#4	G4#4	300	300	1	8	208	95	75		43.55556
361	9	La4	A4	305	305	1	8	208	99	78	den  	43.66667
362	9	Si4	B4	314	314	1	8	208	99	66		43.77778
363	9	Do5	C5	318	318	1	8	208	99	76		43.88889
364	9	Re5	D5	327	327	1	8	208	99	87		44
365	9	Mi5	E5	336	336	1	8	208	95	98		44.11111
366	9	Mi5	E5	336	336	1	2	833	95	108	Dü	44.55556
367	23	Mi5	E5	336	336	1	4	417	99	96	þer 	44.77778
368	9	Re5	D5	327	327	2	8	417	99	96		45
369	9	Do5	C5	318	318	1	8	208	95	96		45.11111
370	9	Sol5	G5	349	349	1	8	208	95	96	mi 	45.22222
371	9	Sol5	G5	349	349	1	4	417	99	96	fýr	45.44444
372	11	La5	A5	358	358	1	8	208	95	96		45.55556
373	11	La5	A5	358	358	1	8	208	99	96	sat 	45.66667
374	11	Sol5	G5	349	349	1	8	208	99	96		45.77778
375	10	Fa5	F5	340	340	1	8	208	99	96		45.88889
376	8	Sol5	G5	349	349	0	0	0	99	96		45.88889
377	10	Mi5	E5	336	336	1	8	208	99	96		46
378	8	Fa5	F5	340	340	0	0	0	99	96		46
379	9	Re5	D5	327	327	1	8	208	95	96		46.11111
380	9	Do5	C5	318	318	1	8	208	99	96	að	46.22222
381	9	Mi5	E5	336	336	1	8	208	99	96		46.33333
382	9	Re5	D5	327	327	1	8	208	99	96		46.44444
383	9	Mi5	E5	336	336	1	8	208	95	96		46.55556
384	9	Do5	C5	318	318	1	8	208	99	96	yâr 	46.66667
385	11	Re5	D5	327	327	1	8	208	99	96		46.77778
386	11	Do5	C5	318	318	1	8	208	99	96		46.88889
387	11	Si4	B4	314	314	1	8	208	99	96		47
388	9	La4	A4	305	305	1	8	208	95	96		47.11111
389	9	Do5	C5	318	318	2	16	208	99	96	e	47.22222
390	9	Si4	B4	314	314	1	8	208	95	96		47.33333
391	10	La4	A4	305	305	1	8	208	99	96	lin	47.44444
392	8	Si4	B4	314	314	0	0	0	99	96		47.44444
393	9	Sol4#4	G4#4	300	300	1	8	208	95	96		47.55556
394	9	La4	A4	305	305	1	2	833	95	96	den  	48
395	9			-1	-1	1	8	208	100	0		48.11111
396	9	Mi5	E5	336	336	1	2	833	95	96	ARANAÐME	48.55556
397	9	Mi5	E5	336	336	1	16	104	95	96	.	48.61111
398	9	Re5#4	D5#4	331	331	1	16	104	95	96	.	48.66667
399	9	Mi5	E5	336	336	1	16	104	95	96	.	48.72222
400	9	Fa5	F5	340	340	1	16	104	95	96	.	48.77778
401	9	Mi5	E5	336	336	1	4	417	50	96	.	49
402	9			-1	-1	1	8	208	100	0	.	49.11111
403	9	Mi5	E5	336	336	1	16	104	95	96	.	49.16667
404	9	Re5#4	D5#4	331	331	1	16	104	95	66	.	49.22222
405	9	Mi5	E5	336	336	1	16	104	95	69	.	49.27778
406	9	Fa5	F5	340	340	1	16	104	95	71	.	49.33333
407	9	Mi5	E5	336	336	1	16	104	95	74	.	49.38889
408	9	Fa5	F5	340	340	1	16	104	95	76	.	49.44444
409	9	Mi5	E5	336	336	1	16	104	95	79	.	49.5
410	9	Re5#4	D5#4	331	331	1	16	104	95	81	.	49.55556
411	9	Do5	C5	318	318	1	16	104	95	84	.	49.61111
412	9	Re5#4	D5#4	331	331	1	16	104	95	96	.	49.66667
413	9	Do5	C5	318	318	1	16	104	95	96	.	49.72222
414	9	Si4	B4	314	314	1	16	104	95	96	.	49.77778
415	9	Do5	C5	318	318	1	16	104	95	96	.	49.83333
416	9	Si4	B4	314	314	1	16	104	95	96	.	49.88889
417	9	La4	A4	305	305	1	16	104	95	96	.	49.94444
418	9	Sol4#4	G4#4	300	300	1	16	104	95	96	.	50
419	9	La4	A4	305	305	1	8	208	95	96	.	50.11111
420	9	Mi5	E5	336	336	1	2	833	95	96	.	50.55556
421	9	Mi5	E5	336	336	1	16	104	95	96	.	50.61111
422	9	Re5#4	D5#4	331	331	1	16	104	95	96	.	50.66667
423	9	Mi5	E5	336	336	1	16	104	95	96	.	50.72222
424	9	Fa5	F5	340	340	1	16	104	95	96	.	50.77778
425	9	Mi5	E5	336	336	1	4	417	50	96	.	51
426	9			-1	-1	1	8	208	100	0	.	51.11111
427	9	Mi5	E5	336	336	1	8	208	95	96	.	51.22222
428	9	Fa5	F5	340	340	1	8	208	95	96	.	51.33333
429	9	Sol5#4	G5#4	353	353	1	8	208	95	96	.	51.44444
430	10	La5	A5	358	358	1	8	208	95	96	.	51.55556
431	8	Si5	B5	367	367	0	0	0	95	96	.	51.55556
432	9	Sol5#4	G5#4	353	353	1	8	208	95	96	.	51.66667
433	9	Si5	B5	367	367	1	8	208	95	96	.	51.77778
434	9	La5	A5	358	358	1	4	417	95	96	.	52
435	9			-1	-1	1	8	208	100	0	.	52.11111
436	9	Do6	C6	371	371	1	2	833	95	96	.	52.55556
437	9	Do6	C6	371	371	1	8	208	95	96	.	52.66667
438	9	Si5	B5	367	367	1	8	208	95	96	.	52.77778
439	9	Si5	B5	367	367	1	4	417	95	96	.	53
440	9	La5	A5	358	358	1	8	208	95	96	.	53.11111
441	9	Si5	B5	367	367	1	8	208	95	96	.	53.22222
442	9	La5	A5	358	358	1	4	417	95	96	.	53.44444
443	9	Do6	C6	371	371	1	8	208	95	96	.	53.55556
444	11	Si5	B5	367	367	1	8	208	95	96	.	53.66667
445	11	La5	A5	358	358	1	8	208	95	96	.	53.77778
446	9	Sol5#4	G5#4	353	353	1	4	417	95	96	.	54
447	9			-1	-1	1	8	208	100	0	.	54.11111
448	9	Fa5	F5	340	340	1	2	833	50	96	.	54.55556
449	9	Mi5	E5	336	336	1	4	417	95	96	.	54.77778
450	9	Re5#4	D5#4	331	331	1	4	417	95	96	.	55
451	9	Mi5	E5	336	336	1	8	208	95	96	.	55.11111
452	9	Fa5	F5	340	340	1	8	208	95	96	.	55.22222
453	9	Sol5#4	G5#4	353	353	1	16	104	95	96	.	55.27778
454	9	La5	A5	358	358	1	16	104	95	96	.	55.33333
455	9	Si5	B5	367	367	1	16	104	95	96	.	55.38889
456	9	Do6	C6	371	371	1	16	104	95	96	.	55.44444
457	9	Si5	B5	367	367	1	16	104	95	96	.	55.5
458	9	La5	A5	358	358	1	16	104	95	96	.	55.55556
459	9	Sol5#4	G5#4	353	353	1	16	104	95	96	.	55.61111
460	9	La5	A5	358	358	1	16	104	95	96	.	55.66667
461	9	Sol5#4	G5#4	353	353	1	16	104	95	96	.	55.72222
462	9	Fa5	F5	340	340	1	16	104	95	96	.	55.77778
463	9	Mi5	E5	336	336	1	4	417	95	96	.	56
464	9			-1	-1	1	8	208	100	0	.	56.11111
465	9	Sol5	G5	349	349	1	2	833	50	96	.	56.55556
466	9	La5	A5	358	358	1	8	208	95	96	.	56.66667
467	9	Sol5	G5	349	349	1	8	208	95	96	.	56.77778
468	7	Fa5	F5	340	340	2	8	417	95	96	.	57
469	9	Mi5	E5	336	336	1	8	208	95	96	.	57.11111
470	9	Mi5	E5	336	336	1	8	208	95	96	.	57.22222
471	9	Re5	D5	327	327	1	4	417	95	96	.	57.44444
472	9	Fa5	F5	340	340	1	8	208	95	96	.	57.55556
473	9	Mi5	E5	336	336	1	8	208	95	96	.	57.66667
474	9	Re5	D5	327	327	1	8	208	95	96	.	57.77778
475	9	Do5	C5	318	318	1	4	417	95	96	.	58
476	9			-1	-1	1	8	208	100	0	.	58.11111
477	9	Re5	D5	327	327	1	8	208	95	96	.	58.22222
478	9	Do5	C5	318	318	1	8	208	95	96	.	58.33333
479	9	Re5	D5	327	327	1	8	208	95	96	.	58.44444
480	9	Fa5	F5	340	340	1	8	208	95	96	.	58.55556
481	9	Mi5	E5	336	336	1	8	208	95	96	.	58.66667
482	9	Re5	D5	327	327	1	8	208	95	96	.	58.77778
483	9	Do5	C5	318	318	1	8	208	95	96	.	58.88889
484	9	Si4	B4	314	314	1	8	208	95	96	.	59
485	9	La4	A4	305	305	1	8	208	95	96	.	59.11111
486	11	Si4	B4	314	314	1	8	208	95	96	.	59.22222
487	10	La4	A4	305	305	1	8	208	95	96	.	59.33333
488	8	Si4	B4	314	314	0	0	0	95	96	.	59.33333
489	9	Sol4#4	G4#4	300	300	1	8	208	95	96	.	59.44444
490	9	La4	A4	305	305	1	8	208	95	96	.	59.55556
491	9	Si4	B4	314	314	1	4	417	95	96	.	59.77778
492	9	Si4	B4	314	314	1	16	104	95	96	.	59.83333
493	9	La4	A4	305	305	1	16	104	95	96	.	59.88889
494	9	Si4	B4	314	314	1	16	104	95	96	.	59.94444
495	9	Do5	C5	318	318	1	16	104	95	96	.	60
496	9	Re5	D5	327	327	1	16	104	95	96	.	60.05556
497	9	Re5#4	D5#4	331	331	1	16	104	95	96	.	60.11111
498	9	Mi5	E5	336	336	1	4	417	50	96	.	60.33333
499	9			-1	-1	1	4	417	100	0	.	60.55556
500	9	Mi5	E5	336	336	1	16	104	95	96	.	60.61111
501	9	Fa5	F5	340	340	1	16	104	95	96	.	60.66667
502	9	Mi5	E5	336	336	1	8	208	95	96	.	60.77778
503	9	Re5	D5	327	327	1	4	417	95	96	.	61
504	9	Do5	C5	318	318	1	8	208	95	96	.	61.11111
505	9	Sol5	G5	349	349	1	8	208	95	96	.	61.22222
506	9	Sol5	G5	349	349	1	4	417	95	96	.	61.44444
507	11	La5	A5	358	358	1	8	208	95	96	.	61.55556
508	11	La5	A5	358	358	1	8	208	95	96	.	61.66667
509	11	Sol5	G5	349	349	1	8	208	95	96	.	61.77778
510	11	Fa5	F5	340	340	1	8	208	95	96	.	61.88889
511	11	Mi5	E5	336	336	1	8	208	95	96	.	62
512	9	Re5	D5	327	327	1	8	208	95	96	.	62.11111
513	9	Do5	C5	318	318	1	8	208	95	96	.	62.22222
514	9	Mi5	E5	336	336	1	8	208	95	96	.	62.33333
515	9	Re5	D5	327	327	1	8	208	95	96	.	62.44444
516	9	Mi5	E5	336	336	1	8	208	95	96	.	62.55556
517	9	Do5	C5	318	318	1	8	208	95	96	.	62.66667
518	9	Re5	D5	327	327	1	8	208	95	96	.	62.77778
519	9	Do5	C5	318	318	1	8	208	95	96	.	62.88889
520	9	Si4	B4	314	314	1	8	208	95	96	.	63
521	9	La4	A4	305	305	1	8	208	95	96	.	63.11111
522	9	Do5	C5	318	318	1	8	208	95	96	.	63.22222
523	9	Si4	B4	314	314	1	8	208	95	66	.	63.33333
524	9	La4	A4	305	305	1	8	208	95	68	.	63.44444
525	9	Sol4#4	G4#4	300	300	1	8	208	95	71	.	63.55556
526	9	La4	A4	305	305	1	4	417	95	73	.	63.77778
527	9			-1	-1	3	8	625	100	76		64.11111
528	7	Mi5	E5	336	336	4	8	833	95	78	Yan	64.55556
529	11	Do6	C6	371	371	1	8	208	99	96	dým 	64.66666
530	11	Si5	B5	367	367	1	8	208	99	96		64.77778
531	11	La5	A5	358	358	1	8	208	99	96		64.88889
532	11	Sol5#4	G5#4	353	353	1	8	208	99	96		65
533	9	Fa5	F5	340	340	1	8	208	95	96		65.11111
534	11	Sol5#4	G5#4	353	353	1	8	208	95	96	de	65.22222
535	10	Fa5	F5	340	340	1	8	208	95	96		65.33334
536	8	Sol5#4	G5#4	353	353	0	0	0	95	96		65.33334
537	9	Fa5	F5	340	340	1	8	208	99	96	min	65.44444
538	9	Mi5	E5	336	336	1	8	208	95	96		65.55556
539	8	Fa5	F5	340	340	0	0	0	95	96		65.55556
540	9	Mi5	E5	336	336	1	8	208	99	96	den 	65.66666
541	11	Re5#4	D5#4	331	331	1	8	208	99	96		65.77778
542	9	Do5	C5	318	318	1	8	208	99	96		65.88889
543	10	Si4	B4	314	314	1	8	208	99	96		66
544	8	Do5	C5	318	318	0	0	0	99	96		66
545	9	La4	A4	305	305	1	8	208	95	96		66.11111
546	7	Mi5	E5	336	336	4	8	833	95	96	að	66.55556
547	11	Do6	C6	371	371	1	8	208	99	96	yâr 	66.66666
548	11	Si5	B5	367	367	1	8	208	99	96		66.77778
549	11	La5	A5	358	358	1	8	208	99	96		66.88889
550	11	Sol5#4	G5#4	353	353	1	8	208	99	96		67
551	9	Fa5	F5	340	340	1	8	208	95	96		67.11111
552	9	Sol5#4	G5#4	353	353	1	8	208	99	96	e	67.22222
553	9	La5	A5	358	358	1	8	208	95	96		67.33334
554	23	Si5	B5	367	367	1	8	208	99	96	lin	67.44444
555	9	Sol5#4	G5#4	353	353	1	8	208	95	96		67.55556
556	9	La5	A5	358	358	1	4	417	95	66	den  	67.77778
557	8	Si5	B5	367	367	0	0	0	95	68		67.77778
558	9	La5	A5	358	358	1	8	208	95	71	SAZ	67.88889
559	9	Sol5#4	G5#4	353	353	1	8	208	95	73	.	68
560	9	Fa5	F5	340	340	1	8	208	95	76	.	68.11111
561	7	Mi5	E5	336	336	4	8	833	95	78	Yan	68.55556
562	11	Do6	C6	371	371	1	8	208	99	96	dým 	68.66666
563	11	Si5	B5	367	367	1	8	208	99	96		68.77778
564	11	La5	A5	358	358	1	8	208	99	96		68.88889
565	11	Sol5#4	G5#4	353	353	1	8	208	99	96		69
566	9	Fa5	F5	340	340	1	8	208	95	96		69.11111
567	11	Sol5#4	G5#4	353	353	1	8	208	95	96	de	69.22222
568	10	Fa5	F5	340	340	1	8	208	95	96		69.33334
569	8	Sol5#4	G5#4	353	353	0	0	0	95	96		69.33334
570	9	Fa5	F5	340	340	1	8	208	99	96	min	69.44444
571	9	Mi5	E5	336	336	1	8	208	95	96		69.55556
572	8	Fa5	F5	340	340	0	0	0	95	96		69.55556
573	9	Mi5	E5	336	336	1	8	208	99	96	den 	69.66666
574	11	Re5#4	D5#4	331	331	1	8	208	99	96		69.77778
575	9	Do5	C5	318	318	1	8	208	99	96		69.88889
576	10	Si4	B4	314	314	1	8	208	99	96		70
577	8	Do5	C5	318	318	0	0	0	99	96		70
578	9	La4	A4	305	305	1	8	208	95	96		70.11111
579	7	Mi5	E5	336	336	4	8	833	95	96	að	70.55556
580	11	Do6	C6	371	371	1	8	208	99	96	yâr 	70.66666
581	11	Si5	B5	367	367	1	8	208	99	96		70.77778
582	11	La5	A5	358	358	1	8	208	99	96		70.88889
583	11	Sol5#4	G5#4	353	353	1	8	208	99	96		71
584	9	Fa5	F5	340	340	1	8	208	95	96		71.11111
585	9	Sol5#4	G5#4	353	353	1	8	208	99	66	e	71.22222
586	9	La5	A5	358	358	1	8	208	95	68		71.33334
587	23	Si5	B5	367	367	1	8	208	99	71	lin	71.44444
588	9	Sol5#4	G5#4	353	353	1	8	208	95	73		71.55556
589	9	La5	A5	358	358	1	4	417	95	76	den  	71.77778
590	9	La5	A5	358	358	1	16	104	95	78	SAZ	71.83334
591	9	Sol5#4	G5#4	353	353	1	16	104	95	66	.	71.88889
592	9	Fa5	F5	340	340	1	16	104	95	71	.	71.94444
593	9	Mi5	E5	336	336	1	16	104	95	75	.	72
594	9	Re5#4	D5#4	331	331	1	16	104	95	80	.	72.05556
595	9	Fa5	F5	340	340	1	16	104	95	85	.	72.11111
596	9	Mi5	E5	336	336	1	2	833	95	89	Dil	72.55556
597	23	Mi5	E5	336	336	1	4	417	99	94	ber 	72.77778
598	9	Re5	D5	327	327	2	8	417	99	99		73
599	9	Do5	C5	318	318	1	8	208	95	103		73.11111
600	9	Sol5	G5	349	349	1	8	208	95	108	di	73.22222
601	9	Sol5	G5	349	349	1	4	417	99	96	lin	73.44444
602	11	La5	A5	358	358	1	8	208	95	96		73.55556
603	11	La5	A5	358	358	1	8	208	99	96	den 	73.66666
604	11	Sol5	G5	349	349	1	8	208	99	96		73.77778
605	10	Fa5	F5	340	340	1	8	208	99	96		73.88889
606	8	Sol5	G5	349	349	0	0	0	99	96		73.88889
607	10	Mi5	E5	336	336	1	8	208	99	96		74
608	8	Fa5	F5	340	340	0	0	0	99	96		74
609	9	Re5	D5	327	327	1	8	208	95	96		74.11111
610	9	Do5	C5	318	318	1	8	208	99	96	að	74.22222
611	9	Mi5	E5	336	336	1	8	208	99	96		74.33334
612	9	Re5	D5	327	327	1	8	208	99	96		74.44444
613	9	Mi5	E5	336	336	1	8	208	95	96		74.55556
614	9	Do5	C5	318	318	1	8	208	99	96	yâr 	74.66666
615	11	Re5	D5	327	327	1	8	208	99	96		74.77778
616	11	Do5	C5	318	318	1	8	208	99	96		74.88889
617	11	Si4	B4	314	314	1	8	208	99	96		75
618	9	La4	A4	305	305	1	8	208	95	96		75.11111
619	9	Do5	C5	318	318	2	16	208	99	96	e	75.22222
620	9	Si4	B4	314	314	1	8	208	95	66		75.33334
621	10	La4	A4	305	305	1	8	208	99	69	lin	75.44444
622	8	Si4	B4	314	314	0	0	0	99	72		75.44444
623	9	Sol4#4	G4#4	300	300	1	8	208	95	75		75.55556
624	9	La4	A4	305	305	1	8	208	99	66	den  	75.66666
625	9	Si4	B4	314	314	1	8	208	99	71		75.77778
626	9	Do5	C5	318	318	1	8	208	99	75		75.88889
627	9	Re5	D5	327	327	1	8	208	99	80		76
628	9	Mi5	E5	336	336	1	8	208	95	85		76.11111
629	9	Mi5	E5	336	336	1	2	833	95	89	Dil	76.55556
630	23	Mi5	E5	336	336	1	4	417	99	94	ber 	76.77778
631	9	Re5	D5	327	327	2	8	417	99	99		77
632	9	Do5	C5	318	318	1	8	208	95	103		77.11111
633	9	Sol5	G5	349	349	1	8	208	95	108	di	77.22222
634	9	Sol5	G5	349	349	1	4	417	99	96	lin	77.44444
635	11	La5	A5	358	358	1	8	208	95	96		77.55556
636	11	La5	A5	358	358	1	8	208	99	96	den 	77.66666
637	11	Sol5	G5	349	349	1	8	208	99	96		77.77778
638	10	Fa5	F5	340	340	1	8	208	99	96		77.88889
639	8	Sol5	G5	349	349	0	0	0	99	96		77.88889
640	10	Mi5	E5	336	336	1	8	208	99	96		78
641	8	Fa5	F5	340	340	0	0	0	99	96		78
642	9	Re5	D5	327	327	1	8	208	95	96		78.11111
643	9	Do5	C5	318	318	1	8	208	99	96	að	78.22222
644	9	Mi5	E5	336	336	1	8	208	99	96		78.33334
645	9	Re5	D5	327	327	1	8	208	99	96		78.44444
646	9	Mi5	E5	336	336	1	8	208	95	96		78.55556
647	9	Do5	C5	318	318	1	8	208	99	96	yâr 	78.66666
648	11	Re5	D5	327	327	1	8	208	99	96		78.77778
649	11	Do5	C5	318	318	1	8	208	99	96		78.88889
650	11	Si4	B4	314	314	1	8	208	99	96		79
651	9	La4	A4	305	305	1	8	208	95	96		79.11111
652	9	Do5	C5	318	318	2	16	208	99	96	e	79.22222
653	9	Si4	B4	314	314	1	8	208	95	96		79.33334
654	10	La4	A4	305	305	1	8	208	99	96	lin	79.44444
655	8	Si4	B4	314	314	0	0	0	99	96		79.44444
656	9	Sol4#4	G4#4	300	300	1	8	208	95	96		79.55556
657	9	La4	A4	305	305	1	2	833	95	96	den  	80
658	9			-1	-1	1	8	208	100	0		80.11111
659	7	Mi5	E5	336	336	4	8	833	95	96	O 	80.55556
660	11	Do6	C6	371	371	1	8	208	99	84	yâr	80.66666
661	11	Si5	B5	367	367	1	8	208	99	84		80.77778
662	11	La5	A5	358	358	1	8	208	99	84		80.88889
663	11	Sol5#4	G5#4	353	353	1	8	208	99	84		81
664	9	Fa5	F5	340	340	1	8	208	95	84		81.11111
665	11	Sol5#4	G5#4	353	353	1	8	208	95	84	la 	81.22222
666	10	Fa5	F5	340	340	1	8	208	95	84		81.33334
667	8	Sol5#4	G5#4	353	353	0	0	0	95	96		81.33334
668	9	Fa5	F5	340	340	1	8	208	99	96	soh	81.44444
669	9	Mi5	E5	336	336	1	8	208	95	96		81.55556
670	8	Fa5	F5	340	340	0	0	0	95	96		81.55556
671	9	Mi5	E5	336	336	1	8	208	99	96	bet 	81.66666
672	11	Re5#4	D5#4	331	331	1	8	208	99	96		81.77778
673	9	Do5	C5	318	318	1	8	208	99	96		81.88889
674	10	Si4	B4	314	314	1	8	208	99	96		82
675	8	Do5	C5	318	318	0	0	0	99	96		82
676	9	La4	A4	305	305	1	8	208	95	96		82.11111
677	7	Mi5	E5	336	336	4	8	833	95	96	câ	82.55556
678	11	Do6	C6	371	371	1	8	208	99	96	ný	82.66666
679	11	Si5	B5	367	367	1	8	208	99	96		82.77778
680	11	La5	A5	358	358	1	8	208	99	96		82.88889
681	11	Sol5#4	G5#4	353	353	1	8	208	99	96		83
682	9	Fa5	F5	340	340	1	8	208	95	96		83.11111
683	9	Sol5#4	G5#4	353	353	1	8	208	99	96	ma 	83.22222
684	9	La5	A5	358	358	1	8	208	95	96		83.33334
685	23	Si5	B5	367	367	1	8	208	99	96	min	83.44444
686	9	Sol5#4	G5#4	353	353	1	8	208	95	96		83.55556
687	9	La5	A5	358	358	1	4	417	95	66	net  	83.77778
688	8	Si5	B5	367	367	0	0	0	95	87		83.77778
689	9	La5	A5	358	358	1	8	208	95	108	SAZ	83.88889
690	9	Sol5#4	G5#4	353	353	1	8	208	95	96	.	84
691	9	Fa5	F5	340	340	1	8	208	95	96	.	84.11111
692	7	Mi5	E5	336	336	4	8	833	95	96	O 	84.55556
693	11	Do6	C6	371	371	1	8	208	99	84	yâr	84.66666
694	11	Si5	B5	367	367	1	8	208	99	84		84.77778
695	11	La5	A5	358	358	1	8	208	99	84		84.88889
696	11	Sol5#4	G5#4	353	353	1	8	208	99	84		85
697	9	Fa5	F5	340	340	1	8	208	95	84		85.11111
698	11	Sol5#4	G5#4	353	353	1	8	208	95	84	la 	85.22222
699	10	Fa5	F5	340	340	1	8	208	95	84		85.33334
700	8	Sol5#4	G5#4	353	353	0	0	0	95	96		85.33334
701	9	Fa5	F5	340	340	1	8	208	99	96	soh	85.44444
702	9	Mi5	E5	336	336	1	8	208	95	96		85.55556
703	8	Fa5	F5	340	340	0	0	0	95	96		85.55556
704	9	Mi5	E5	336	336	1	8	208	99	96	bet 	85.66666
705	11	Re5#4	D5#4	331	331	1	8	208	99	96		85.77778
706	9	Do5	C5	318	318	1	8	208	99	96		85.88889
707	10	Si4	B4	314	314	1	8	208	99	96		86
708	8	Do5	C5	318	318	0	0	0	99	96		86
709	9	La4	A4	305	305	1	8	208	95	96		86.11111
710	7	Mi5	E5	336	336	4	8	833	95	96	câ	86.55556
711	11	Do6	C6	371	371	1	8	208	99	96	ný	86.66666
712	11	Si5	B5	367	367	1	8	208	99	96		86.77778
713	11	La5	A5	358	358	1	8	208	99	96		86.88889
714	11	Sol5#4	G5#4	353	353	1	8	208	99	96		87
715	9	Fa5	F5	340	340	1	8	208	95	96		87.11111
716	9	Sol5#4	G5#4	353	353	1	8	208	99	66	ma 	87.22222
717	9	La5	A5	358	358	1	8	208	95	68		87.33334
718	23	Si5	B5	367	367	1	8	208	99	71	min	87.44444
719	9	Sol5#4	G5#4	353	353	1	8	208	95	73		87.55556
720	9	La5	A5	358	358	1	4	417	95	76	net  	87.77778
721	9	La5	A5	358	358	1	16	104	95	78	SAZ	87.83334
722	9	Sol5#4	G5#4	353	353	1	16	104	95	96	.	87.88889
723	9	Fa5	F5	340	340	1	16	104	95	66	.	87.94444
724	9	Mi5	E5	336	336	1	16	104	95	76	.	88
725	9	Re5#4	D5#4	331	331	1	16	104	95	87	.	88.05556
726	9	Fa5	F5	340	340	1	16	104	95	98	.	88.11111
727	9	Mi5	E5	336	336	1	2	833	95	108	Dü	88.55556
728	23	Mi5	E5	336	336	1	4	417	99	96	þer 	88.77778
729	9	Re5	D5	327	327	2	8	417	99	96		89
730	9	Do5	C5	318	318	1	8	208	95	96		89.11111
731	9	Sol5	G5	349	349	1	8	208	95	96	mi 	89.22222
732	9	Sol5	G5	349	349	1	4	417	99	96	fýr	89.44444
733	11	La5	A5	358	358	1	8	208	95	96		89.55556
734	11	La5	A5	358	358	1	8	208	99	96	sat 	89.66666
735	11	Sol5	G5	349	349	1	8	208	99	96		89.77778
736	10	Fa5	F5	340	340	1	8	208	99	96		89.88889
737	8	Sol5	G5	349	349	0	0	0	99	96		89.88889
738	10	Mi5	E5	336	336	1	8	208	99	96		90
739	8	Fa5	F5	340	340	0	0	0	99	96		90
740	9	Re5	D5	327	327	1	8	208	95	96		90.11111
741	9	Do5	C5	318	318	1	8	208	99	96	að	90.22222
742	9	Mi5	E5	336	336	1	8	208	99	96		90.33334
743	9	Re5	D5	327	327	1	8	208	99	96		90.44444
744	9	Mi5	E5	336	336	1	8	208	95	96		90.55556
745	9	Do5	C5	318	318	1	8	208	99	96	yâr 	90.66666
746	11	Re5	D5	327	327	1	8	208	99	96		90.77778
747	11	Do5	C5	318	318	1	8	208	99	96		90.88889
748	11	Si4	B4	314	314	1	8	208	99	96		91
749	9	La4	A4	305	305	1	8	208	95	96		91.11111
750	9	Do5	C5	318	318	2	16	208	99	96	e	91.22222
751	9	Si4	B4	314	314	1	8	208	95	66		91.33334
752	10	La4	A4	305	305	1	8	208	99	69	lin	91.44444
753	8	Si4	B4	314	314	0	0	0	99	72		91.44444
754	9	Sol4#4	G4#4	300	300	1	8	208	95	75		91.55556
755	9	La4	A4	305	305	1	8	208	99	78	den  	91.66666
756	9	Si4	B4	314	314	1	8	208	99	66		91.77778
757	9	Do5	C5	318	318	1	8	208	99	76		91.88889
758	9	Re5	D5	327	327	1	8	208	99	87		92
759	9	Mi5	E5	336	336	1	8	208	95	98		92.11111
760	9	Mi5	E5	336	336	1	2	833	95	108	Dü	92.55556
761	23	Mi5	E5	336	336	1	4	417	99	96	þer 	92.77778
762	9	Re5	D5	327	327	2	8	417	99	96		93
763	9	Do5	C5	318	318	1	8	208	95	96		93.11111
764	9	Sol5	G5	349	349	1	8	208	95	96	mi 	93.22222
765	9	Sol5	G5	349	349	1	4	417	99	96	fýr	93.44444
766	11	La5	A5	358	358	1	8	208	95	96		93.55556
767	11	La5	A5	358	358	1	8	208	99	96	sat 	93.66666
768	11	Sol5	G5	349	349	1	8	208	99	96		93.77778
769	10	Fa5	F5	340	340	1	8	208	99	96		93.88889
770	8	Sol5	G5	349	349	0	0	0	99	96		93.88889
771	10	Mi5	E5	336	336	1	8	208	99	96		94
772	8	Fa5	F5	340	340	0	0	0	99	96		94
773	9	Re5	D5	327	327	1	8	208	95	96		94.11111
774	9	Do5	C5	318	318	1	8	208	99	96	að	94.22222
775	9	Mi5	E5	336	336	1	8	208	99	96		94.33334
776	9	Re5	D5	327	327	1	8	208	99	96		94.44444
777	9	Mi5	E5	336	336	1	8	208	95	96		94.55556
778	9	Do5	C5	318	318	1	8	208	99	96	yâr 	94.66666
779	11	Re5	D5	327	327	1	8	208	99	96		94.77778
780	11	Do5	C5	318	318	1	8	208	99	96		94.88889
781	11	Si4	B4	314	314	1	8	208	99	96		95
782	9	La4	A4	305	305	1	8	208	95	96		95.11111
783	9	Do5	C5	318	318	2	16	208	99	96	e	95.22222
784	9	Si4	B4	314	314	1	8	208	95	96		95.33334
785	10	La4	A4	305	305	1	8	208	99	96	lin	95.44444
786	8	Si4	B4	314	314	0	0	0	99	96		95.44444
787	9	Sol4#4	G4#4	300	300	1	8	208	95	96		95.55556
788	9	La4	A4	305	305	1	2	833	95	96	den  	96
789	9			-1	-1	1	8	208	100	0		96.11111
