Sira	Kod	Nota53	NotaAE	Koma53	KomaAE	Pay	Payda	Ms	LNS	Bas	Soz1	Offset
1	9	La4	A4	305	305	1	4	1000	95	96		0.25
2	9	Mi5	E5	336	336	1	8	500	95	96		0.375
3	9	Re5	D5	327	327	1	8	500	95	96		0.5
4	9	Mi5	E5	336	336	1	4	1000	95	96		0.75
5	9	Fa5	F5	340	340	1	4	1000	95	96		1
6	9	Mi5	E5	336	336	1	2	2000	95	96		1.5
7	9	Re5	D5	327	327	1	16	250	95	96		1.5625
8	9	Fa5	F5	340	340	1	16	250	95	96		1.625
9	9	Mi5	E5	336	336	1	16	250	95	96		1.6875
10	9	Re5	D5	327	327	1	16	250	95	96		1.75
11	9	Re5	D5	327	327	1	4	1000	95	96		2
12	9	Do5	C5	318	318	1	8	500	95	96		2.125
13	9	Re5	D5	327	327	1	8	500	95	96		2.25
14	9	Do5	C5	318	318	1	8	500	95	96		2.375
15	9	Si4b2	B4b1	312	313	1	8	500	95	96		2.5
16	9	Do5	C5	318	318	1	4	1000	95	96		2.75
17	9	Re5	D5	327	327	1	4	1000	95	96		3
18	9	Mi5	E5	336	336	1	2	2000	95	96		3.5
19	9	Do5	C5	318	318	1	8	500	95	96		3.625
20	9	Si4b2	B4b1	312	313	1	8	500	95	96		3.75
21	9	La4	A4	305	305	1	4	1000	95	96		4
22	9	La4	A4	305	305	1	8	500	95	96		4.125
23	9			-1	-1	1	8	500	100	0		4.25
24	9	Do5	C5	318	318	1	8	500	95	96		4.375
25	9	Re5	D5	327	327	1	8	500	95	96		4.5
26	9	Mi5	E5	336	336	1	4	1000	95	96		4.75
27	9	Fa5	F5	340	340	1	4	1000	95	96		5
28	9	Mi5	E5	336	336	1	2	2000	95	96		5.5
29	9	Re5	D5	327	327	1	8	500	95	96		5.625
30	9	Fa5	F5	340	340	1	8	500	95	96		5.75
31	9	Mi5	E5	336	336	1	8	500	95	96		5.875
32	9	Re5	D5	327	327	1	8	500	95	96		6
33	9	Do5	C5	318	318	1	8	500	95	96		6.125
34	9	Si4b2	B4b1	312	313	1	8	500	95	96		6.25
35	9	Do5	C5	318	318	1	8	500	95	96		6.375
36	9	Re5	D5	327	327	1	8	500	95	96		6.5
37	9	Mi5	E5	336	336	1	8	500	95	96		6.625
38	9	Re5	D5	327	327	1	8	500	95	96		6.75
39	9	Do5	C5	318	318	1	8	500	95	96		6.875
40	9	Si4b2	B4b1	312	313	1	8	500	95	96		7
41	9	La4	A4	305	305	3	8	1500	95	96		7.375
42	9	Do5	C5	318	318	1	8	500	95	96		7.5
43	9	Si4b2	B4b1	312	313	1	8	500	95	96		7.625
44	9	La4	A4	305	305	1	8	500	95	96		7.75
45	9	Sol4	G4	296	296	1	4	1000	95	96		8
46	9	Sol4	G4	296	296	1	8	500	95	96		8.125
47	9			-1	-1	1	8	500	100	0		8.25
48	9	Re5	D5	327	327	1	8	500	95	96		8.375
49	9	Do5	C5	318	318	1	8	500	95	96		8.5
50	9	Re5	D5	327	327	3	8	1500	95	96		8.875
51	9	Mi5	E5	336	336	1	8	500	95	96		9
52	9	Re5	D5	327	327	1	4	1000	95	96		9.25
53	9	Mi5	E5	336	336	1	8	500	95	96		9.375
54	9	Re5	D5	327	327	1	8	500	95	96		9.5
55	9	Do5	C5	318	318	1	4	1000	95	96		9.75
56	9	Re5	D5	327	327	1	8	500	95	96		9.875
57	9	Do5	C5	318	318	1	8	500	95	96		10
58	9	Si4b2	B4b1	312	313	1	4	1000	95	96		10.25
59	9	Do5	C5	318	318	1	8	500	95	96		10.375
60	9	Si4b2	B4b1	312	313	1	8	500	95	96		10.5
61	9	Do5	C5	318	318	1	4	1000	95	96		10.75
62	9	Re5	D5	327	327	1	8	500	95	96		10.875
63	9	Do5	C5	318	318	1	8	500	95	96		11
64	9	Re5	D5	327	327	1	4	1000	95	96		11.25
65	9	Mi5	E5	336	336	1	8	500	95	96		11.375
66	9	Re5	D5	327	327	1	8	500	95	96		11.5
67	9	Mi5	E5	336	336	3	8	1500	95	96		11.875
68	9			-1	-1	1	8	500	100	0		12
69	9	Fa5	F5	340	340	1	8	500	95	96		12.125
70	9	Mi5	E5	336	336	1	8	500	95	96		12.25
71	9	Fa5	F5	340	340	1	8	500	95	96		12.375
72	9	Sol5	G5	349	349	1	8	500	95	96		12.5
73	9	La5	A5	358	358	1	8	500	95	96		12.625
74	9	Sol5	G5	349	349	1	8	500	95	96		12.75
75	9	Fa5	F5	340	340	1	8	500	95	96		12.875
76	9	Mi5	E5	336	336	1	8	500	95	96		13
77	9	Re5	D5	327	327	1	8	500	95	96		13.125
78	9	Fa5	F5	340	340	1	8	500	95	96		13.25
79	9	Mi5	E5	336	336	1	8	500	95	96		13.375
80	9	Re5	D5	327	327	1	8	500	95	96		13.5
81	9	Re5	D5	327	327	3	8	1500	95	96		13.875
82	9			-1	-1	1	8	500	100	0		14
83	9	Do5	C5	318	318	1	8	500	95	96		14.125
84	9	Si4b2	B4b1	312	313	1	8	500	95	96		14.25
85	9	Do5	C5	318	318	1	8	500	95	96		14.375
86	9	Re5	D5	327	327	1	8	500	95	96		14.5
87	9	Mi5	E5	336	336	1	8	500	95	96		14.625
88	9	Re5	D5	327	327	1	8	500	95	96		14.75
89	9	Do5	C5	318	318	1	8	500	95	96		14.875
90	9	Si4b2	B4b1	312	313	1	8	500	95	96		15
91	9	La4	A4	305	305	3	8	1500	95	96		15.375
92	9	Do5	C5	318	318	1	8	500	95	96		15.5
93	9	Si4b2	B4b1	312	313	1	8	500	95	96		15.625
94	9	La4#4	A4#4	309	309	1	8	500	95	96		15.75
95	9	Si4b2	B4b1	312	313	1	4	1000	95	96		16
96	9	Si4b2	B4b1	312	313	1	8	500	95	96		16.125
97	9			-1	-1	1	8	500	100	0		16.25
98	9	Sol4	G4	296	296	1	8	500	95	96		16.375
99	9	La4	A4	305	305	1	8	500	95	96		16.5
100	9	Sol4	G4	296	296	1	4	1000	95	96		16.75
101	9	La4	A4	305	305	1	4	1000	95	96		17
102	9	Sol4	G4	296	296	1	4	1000	95	96		17.25
103	9	La4	A4	305	305	1	8	500	95	96		17.375
104	9	Si4b2	B4b1	312	313	1	8	500	95	96		17.5
105	9	Do5	C5	318	318	3	8	1500	95	96		17.875
106	9			-1	-1	1	8	500	100	0		18
107	9	Do5	C5	318	318	1	8	500	95	96		18.125
108	9	Re5	D5	327	327	1	8	500	95	96		18.25
109	9	Do5	C5	318	318	1	8	500	95	96		18.375
110	9	Si4b2	B4b1	312	313	1	8	500	95	96		18.5
111	9	La4	A4	305	305	1	8	500	95	96		18.625
112	9	Sol4	G4	296	296	1	8	500	95	96		18.75
113	9	La4	A4	305	305	1	8	500	95	96		18.875
114	9	Si4b2	B4b1	312	313	1	8	500	95	96		19
115	9	Do5	C5	318	318	1	8	500	95	96		19.125
116	9	Re5	D5	327	327	1	8	500	95	96		19.25
117	9	Do5	C5	318	318	1	8	500	95	96		19.375
118	9	Si4b2	B4b1	312	313	1	8	500	95	96		19.5
119	9	Do5	C5	318	318	1	8	500	95	96		19.625
120	9	Si4b2	B4b1	312	313	1	8	500	95	96		19.75
121	9	Do5	C5	318	318	1	4	1000	95	96		20
122	9	Do5	C5	318	318	1	8	500	95	96		20.125
123	9			-1	-1	1	8	500	100	0		20.25
124	9	Si4b2	B4b1	312	313	1	8	500	95	96		20.375
125	9	La4	A4	305	305	1	8	500	95	96		20.5
126	9	Si4b2	B4b1	312	313	1	4	1000	95	96		20.75
127	9	Do5	C5	318	318	1	4	1000	95	96		21
128	9	Si4b2	B4b1	312	313	1	8	500	95	96		21.125
129	9	Do5	C5	318	318	1	8	500	95	96		21.25
130	9	Si4b2	B4b1	312	313	1	8	500	95	96		21.375
131	9	Do5	C5	318	318	1	8	500	95	96		21.5
132	9	Re5	D5	327	327	3	8	1500	95	96		21.875
133	9			-1	-1	1	8	500	100	0		22
134	9	La4	A4	305	305	1	8	500	95	96		22.125
135	9	Sol4	G4	296	296	1	8	500	95	96		22.25
136	9	Fa4#3	F4#4	290	291	1	8	500	95	96		22.375
137	9	Sol4	G4	296	296	1	8	500	95	96		22.5
138	9	Fa4#3	F4#4	290	291	1	4	1000	95	96		22.75
139	9	Sol4	G4	296	296	1	4	1000	95	96		23
140	9	La4	A4	305	305	1	8	500	95	96		23.125
141	9	Do5	C5	318	318	1	4	1000	95	96		23.375
142	9	Si4b2	B4b1	312	313	1	16	250	95	96		23.4375
143	9	La4	A4	305	305	1	16	250	95	96		23.5
144	9	La4	A4	305	305	1	4	1000	95	96		23.75
145	9			-1	-1	1	4	1000	100	0		24
146	9	Re5	D5	327	327	1	2	2000	95	96		24.5
147	9	Re5	D5	327	327	1	4	1000	95	96		24.75
148	9	Mi5	E5	336	336	1	8	500	95	96		24.875
149	9	Fa5	F5	340	340	1	8	500	95	96		25
150	9	Sol5	G5	349	349	3	16	750	95	96		25.1875
151	9	Fa5	F5	340	340	1	16	250	95	96		25.25
152	9	Fa5	F5	340	340	3	16	750	95	96		25.4375
153	9	Mi5	E5	336	336	1	16	250	95	96		25.5
154	9	Mi5	E5	336	336	3	16	750	95	96		25.6875
155	9	Re5	D5	327	327	1	16	250	95	96		25.75
156	9	Re5	D5	327	327	3	16	750	95	96		25.9375
157	9	Do5	C5	318	318	1	16	250	95	96		26
158	9	Si4b2	B4b1	312	313	3	8	1500	95	96		26.375
159	9	Do5	C5	318	318	1	8	500	95	96		26.5
160	9	Re5	D5	327	327	1	4	1000	95	96		26.75
161	9	Mi5	E5	336	336	1	4	1000	95	96		27
162	9	Mi5	E5	336	336	1	8	500	95	96		27.125
163	9			-1	-1	1	8	500	100	0		27.25
164	9	Re5	D5	327	327	1	8	500	95	96		27.375
165	9	Mi5	E5	336	336	1	8	500	95	96		27.5
166	8	Fa5	F5	340	340	1	8	500	95	96		27.625
167	9	Mi5	E5	336	336	1	8	500	95	96		27.75
168	9	Re5	D5	327	327	1	8	500	95	96		27.875
169	9	Do5	C5	318	318	1	4	1000	95	96		28.125
170	9	Do5	C5	318	318	1	8	500	95	96		28.25
171	9			-1	-1	1	8	500	100	0		28.375
172	9	Mi5	E5	336	336	1	8	500	95	96		28.5
173	9	Mi5	E5	336	336	1	8	500	95	96		28.625
174	9	Mi5	E5	336	336	1	4	1000	95	96		28.875
175	9	Fa5	F5	340	340	1	4	1000	95	96		29.125
176	9	Mi5	E5	336	336	1	2	2000	95	96		29.625
177	9	Fa5	F5	340	340	1	8	500	95	96		29.75
178	9	Mi5	E5	336	336	1	8	500	95	96		29.875
179	9	Re5	D5	327	327	1	4	1000	95	96		30.125
180	9	Do5	C5	318	318	1	8	500	95	96		30.25
181	9	Si4b2	B4b1	312	313	1	8	500	95	96		30.375
182	9	Do5	C5	318	318	1	8	500	95	96		30.5
183	9	Re5	D5	327	327	1	8	500	95	96		30.625
184	9	Mi5	E5	336	336	1	8	500	95	96		30.75
185	9	Re5	D5	327	327	1	8	500	95	96		30.875
186	9	Do5	C5	318	318	1	8	500	95	96		31
187	9	Si4b2	B4b1	312	313	1	8	500	95	96		31.125
188	9	La4	A4	305	305	3	8	1500	95	96		31.5
189	9	Do5	C5	318	318	1	8	500	95	96		31.625
190	9	Si4b2	B4b1	312	313	1	8	500	95	96		31.75
191	9	La4	A4	305	305	1	8	500	95	96		31.875
192	9	Sol4	G4	296	296	1	4	1000	95	96		32.125
193	9	Re5	D5	327	327	1	2	2000	95	96		32.625
194	9	Re5	D5	327	327	1	4	1000	95	96		32.875
195	9	Mi5	E5	336	336	1	8	500	95	96		33
196	9	Fa5	F5	340	340	1	8	500	95	96		33.125
197	9	Sol5	G5	349	349	3	16	750	95	96		33.3125
198	9	Fa5	F5	340	340	1	16	250	95	96		33.375
199	9	Fa5	F5	340	340	3	16	750	95	96		33.5625
200	9	Mi5	E5	336	336	1	16	250	95	96		33.625
201	9	Mi5	E5	336	336	3	16	750	95	96		33.8125
202	9	Re5	D5	327	327	1	16	250	95	96		33.875
203	9	Re5	D5	327	327	3	16	750	95	96		34.0625
204	9	Do5	C5	318	318	1	16	250	95	96		34.125
205	9	Si4b2	B4b1	312	313	3	8	1500	95	96		34.5
206	9	Do5	C5	318	318	1	8	500	95	96		34.625
207	9	Re5	D5	327	327	1	4	1000	95	96		34.875
208	9	Mi5	E5	336	336	1	4	1000	95	96		35.125
209	9	Mi5	E5	336	336	1	4	1000	95	96		35.375
210	9	Re5	D5	327	327	1	8	500	95	96		35.5
211	9	Mi5	E5	336	336	1	8	500	95	96		35.625
212	9	Mi5	E5	336	336	1	8	500	95	96		35.75
213	9	Re5	D5	327	327	1	8	500	95	96		35.875
214	9	Do5	C5	318	318	1	4	1000	95	96		36.125
215	9	Do5	C5	318	318	1	8	500	95	96		36.25
216	9			-1	-1	1	8	500	100	0		36.375
217	9	Mi5	E5	336	336	1	8	500	95	96		36.5
218	9	Mi5	E5	336	336	1	8	500	95	96		36.625
219	9	Mi5	E5	336	336	1	4	1000	95	96		36.875
220	9	Fa5	F5	340	340	1	4	1000	95	96		37.125
221	9	Mi5	E5	336	336	1	2	2000	95	96		37.625
222	9	Fa5	F5	340	340	1	8	500	95	96		37.75
223	9	Mi5	E5	336	336	1	8	500	95	96		37.875
224	9	Re5	D5	327	327	1	4	1000	95	96		38.125
225	9	Do5	C5	318	318	1	8	500	95	96		38.25
226	9	Si4b2	B4b1	312	313	1	8	500	95	96		38.375
227	9	Do5	C5	318	318	1	8	500	95	96		38.5
228	9	Re5	D5	327	327	1	8	500	95	96		38.625
229	9	Mi5	E5	336	336	1	8	500	95	96		38.75
230	9	Re5	D5	327	327	1	8	500	95	96		38.875
231	9	Do5	C5	318	318	1	8	500	95	96		39
232	9	Si4b2	B4b1	312	313	1	8	500	95	96		39.125
233	9	La4	A4	305	305	3	8	1500	95	96		39.5
234	9	Do5	C5	318	318	1	8	500	95	96		39.625
235	9	Si4b2	B4b1	312	313	1	8	500	95	96		39.75
236	9	La4	A4	305	305	1	8	500	95	96		39.875
237	9	Sol4	G4	296	296	1	4	1000	95	96		40.125
238	9	Mi5	E5	336	336	1	8	500	95	96		40.25
239	9	Fa5#3	F5#4	343	344	1	8	500	95	96		40.375
240	9	Sol5	G5	349	349	1	8	500	95	96		40.5
241	9	La5	A5	358	358	1	8	500	95	96		40.625
242	9	Fa5#3	F5#4	343	344	1	8	500	95	96		40.75
243	9	Sol5	G5	349	349	1	8	500	95	96		40.875
244	9	Mi5	E5	336	336	1	8	500	95	96		41
245	9	Fa5	F5	340	340	1	8	500	95	96		41.125
246	9	Re5	D5	327	327	1	8	500	95	96		41.25
247	9	Fa5	F5	340	340	1	4	1000	95	96		41.5
248	9	Mi5	E5	336	336	1	16	250	95	96		41.5625
249	9	Re5	D5	327	327	1	16	250	95	96		41.625
250	9	Re5	D5	327	327	3	8	1500	95	96		42
251	9			-1	-1	1	8	500	100	0		42.125
252	9	Do5	C5	318	318	1	8	500	95	96		42.25
253	9	Si4b2	B4b1	312	313	1	8	500	95	96		42.375
254	9	Do5	C5	318	318	1	8	500	95	96		42.5
255	9	Re5	D5	327	327	1	8	500	95	96		42.625
256	9	Mi5	E5	336	336	1	8	500	95	96		42.75
257	9	Re5	D5	327	327	1	8	500	95	96		42.875
258	9	Do5	C5	318	318	1	8	500	95	96		43
259	9	Si4b2	B4b1	312	313	1	8	500	95	96		43.125
260	9	La4	A4	305	305	3	8	1500	95	96		43.5
261	9	Do5	C5	318	318	1	8	500	95	96		43.625
262	9	Si4b2	B4b1	312	313	1	8	500	95	96		43.75
263	9	La4#4	A4#4	309	309	1	8	500	95	96		43.875
264	9	Si4b2	B4b1	312	313	1	4	1000	95	96		44.125
265	9	Mi5	E5	336	336	1	8	500	95	96		44.25
266	9	Fa5#3	F5#4	343	344	1	8	500	95	96		44.375
267	9	Sol5	G5	349	349	1	8	500	95	96		44.5
268	9	La5	A5	358	358	1	8	500	95	96		44.625
269	9	Fa5#3	F5#4	343	344	1	8	500	95	96		44.75
270	9	Sol5	G5	349	349	1	8	500	95	96		44.875
271	9	Mi5	E5	336	336	1	8	500	95	96		45
272	9	Fa5	F5	340	340	1	8	500	95	96		45.125
273	9	Re5	D5	327	327	1	8	500	95	96		45.25
274	9	Fa5	F5	340	340	1	8	500	95	96		45.375
275	9	Mi5	E5	336	336	1	8	500	95	96		45.5
276	9	Re5	D5	327	327	1	8	500	95	96		45.625
277	9	Re5	D5	327	327	3	8	1500	95	96		46
278	9			-1	-1	1	8	500	100	0		46.125
279	9	Do5	C5	318	318	1	8	500	95	96		46.25
280	9	Si4b2	B4b1	312	313	1	8	500	95	96		46.375
281	9	Do5	C5	318	318	1	8	500	95	96		46.5
282	9	Re5	D5	327	327	1	8	500	95	96		46.625
283	9	Mi5	E5	336	336	1	8	500	95	96		46.75
284	9	Re5	D5	327	327	1	8	500	95	96		46.875
285	9	Do5	C5	318	318	1	8	500	95	96		47
286	9	Si4b2	B4b1	312	313	1	8	500	95	96		47.125
287	9	La4	A4	305	305	3	8	1500	95	96		47.5
288	9	Do5	C5	318	318	1	8	500	95	96		47.625
289	9	Si4b2	B4b1	312	313	1	8	500	95	96		47.75
290	9	La4	A4	305	305	1	8	500	95	96		47.875
291	9	Si4b2	B4b1	312	313	1	4	1000	95	96		48.125
292	9	Si4b2	B4b1	312	313	1	8	500	95	96		48.25
293	9			-1	-1	1	8	500	100	0		48.375
294	9	Sol4	G4	296	296	1	8	500	95	96		48.5
295	9	La4	A4	305	305	1	8	500	95	96		48.625
296	9	Sol4	G4	296	296	1	4	1000	95	96		48.875
297	9	La4	A4	305	305	1	4	1000	95	96		49.125
298	9	Sol4	G4	296	296	1	4	1000	95	96		49.375
299	9	La4	A4	305	305	1	8	500	95	96		49.5
300	9	Si4b2	B4b1	312	313	1	8	500	95	96		49.625
301	9	Do5	C5	318	318	1	2	2000	95	96		50.125
302	9	Do5	C5	318	318	1	8	500	95	96		50.25
303	9	Re5	D5	327	327	1	8	500	95	96		50.375
304	9	Do5	C5	318	318	1	8	500	95	96		50.5
305	9	Si4b2	B4b1	312	313	1	8	500	95	96		50.625
306	9	La4	A4	305	305	1	8	500	95	96		50.75
307	9	Sol4	G4	296	296	1	8	500	95	96		50.875
308	9	La4	A4	305	305	1	8	500	95	96		51
309	9	Si4b2	B4b1	312	313	1	8	500	95	96		51.125
310	9	Do5	C5	318	318	3	8	1500	95	96		51.5
311	9	Si4b2	B4b1	312	313	1	8	500	95	96		51.625
312	9	Do5	C5	318	318	1	8	500	95	96		51.75
313	9	Si4b2	B4b1	312	313	1	8	500	95	96		51.875
314	9	Do5	C5	318	318	1	4	1000	95	96		52.125
315	9	Do5	C5	318	318	1	8	500	95	96		52.25
316	9			-1	-1	1	8	500	100	0		52.375
317	9	Si4b2	B4b1	312	313	1	8	500	95	96		52.5
318	9	La4	A4	305	305	1	8	500	95	96		52.625
319	9	Si4b2	B4b1	312	313	1	4	1000	95	96		52.875
320	9	Do5	C5	318	318	1	4	1000	95	96		53.125
321	9	Si4b2	B4b1	312	313	1	8	500	95	96		53.25
322	9	Do5	C5	318	318	1	8	500	95	96		53.375
323	9	Si4b2	B4b1	312	313	1	8	500	95	96		53.5
324	9	Do5	C5	318	318	1	8	500	95	96		53.625
325	9	Re5	D5	327	327	3	8	1500	95	96		54
326	9			-1	-1	1	8	500	100	0		54.125
327	9	Si4b2	B4b1	312	313	1	4	1000	95	96		54.375
328	9	Do5	C5	318	318	1	4	1000	95	96		54.625
329	9	Si4b2	B4b1	312	313	1	8	500	95	96		54.75
330	9	La4	A4	305	305	1	8	500	95	96		54.875
331	9	Sol4	G4	296	296	1	8	500	95	96		55
332	9	La4	A4	305	305	1	8	500	95	96		55.125
333	9	Sol4	G4	296	296	1	4	1000	95	96		55.375
334	9	La4	A4	305	305	1	4	1000	95	96		55.625
335	9	La4	A4	305	305	3	8	1500	95	96		56
336	9			-1	-1	1	8	500	100	0		56.125
