Sira	Kod	Nota53	NotaAE	Koma53	KomaAE	Pay	Payda	Ms	LNS	Bas	Soz1	Offset
1	9	Do5	C5	318	318	1	4	1053	95	96	Sen 	0.2222222
2	9	Re5	D5	327	327	1	4	1053	95	96	ben	0.4444444
3	9	Mi5b3	E5b4	333	332	1	8	526	95	96	de 	0.5555556
4	9	Fa5#3	F5#4	343	344	1	8	526	95	96	ne 	0.6666667
5	9	Sol5	G5	349	349	1	8	526	99	96	ley	0.7777778
6	9	Mi5b3	E5b4	333	332	1	8	526	99	96		0.8888889
7	9	Mi5b3	E5b4	333	332	1	16	263	99	96		0.9444444
8	9	Re5	D5	327	327	1	16	263	95	96		1
9	9	Re5	D5	327	327	3	8	1579	95	96	lak 	1.333333
10	9	Si4b1	B4b1	313	313	1	8	526	50	96	SAZ 	1.444444
11	9	Sol4	G4	296	296	1	8	526	50	96	.	1.555556
12	9	Si4b1	B4b1	313	313	1	8	526	50	96	.	1.666667
13	9	Re5	D5	327	327	1	4	1053	95	96	.	1.888889
14	9			-1	-1	1	8	526	100	0		2
15	9	Si4b1	B4b1	313	313	1	8	526	95	96	ne 	2.111111
16	9	Re5	D5	327	327	1	8	526	95	96	ka	2.222222
17	9	Re5	D5	327	327	1	4	1053	99	96	ran	2.444444
18	9	Re5	D5	327	327	1	16	263	99	96		2.5
19	9	Do5	C5	318	318	1	16	263	99	96		2.555556
20	9	Re5	D5	327	327	1	16	263	99	96		2.611111
21	9	Mi5b1	E5b1	335	335	1	16	263	99	96		2.666667
22	9	Re5	D5	327	327	1	8	526	99	96		2.777778
23	9	Do5	C5	318	318	1	8	526	99	96		2.888889
24	9	Do5	C5	318	318	1	16	263	99	96		2.944444
25	9	Si4b1	B4b1	313	313	1	16	263	95	96		3
26	9	Do5	C5	318	318	3	8	1579	95	96	fil 	3.333333
27	9	Do5	C5	318	318	1	16	263	95	96	SAZ 	3.388889
28	9	Si4b1	B4b1	313	313	1	16	263	95	96	.	3.444444
29	9	Si4b1	B4b1	313	313	3	32	395	95	96	.	3.527778
30	9	La4	A4	305	305	1	32	132	95	96	.	3.555556
31	9	La4	A4	305	305	1	16	263	95	96	.	3.611111
32	9	Si4b1	B4b1	313	313	1	16	263	95	96	.	3.666667
33	9	Do5	C5	318	318	1	4	1053	95	96	.	3.888889
34	9			-1	-1	1	8	526	100	0		4
35	9	Fa5#3	F5#4	343	344	1	8	526	95	96	ne 	4.111111
36	9	Sol5	G5	349	349	1	8	526	95	96	de 	4.222222
37	9	La5	A5	358	358	1	8	526	99	96	sün	4.333333
38	8	Si5b1	B5b1	366	366	0	0	0	99	96		4.333333
39	9	La5	A5	358	358	1	16	263	99	96		4.388889
40	9	Si5b1	B5b1	366	366	1	16	263	95	96		4.444445
41	9	Do6	C6	371	371	1	8	526	99	96	bül	4.555555
42	9	Si5b5	B5b5	362	362	1	8	526	99	96		4.666667
43	9	La5	A5	358	358	1	8	526	99	96		4.777778
44	9	Sol5	G5	349	349	1	8	526	99	96		4.888889
45	9	Sol5	G5	349	349	1	16	263	99	96		4.944445
46	9	Fa5#3	F5#4	343	344	1	16	263	95	96		5
47	9	Fa5#3	F5#4	343	344	3	8	1579	95	96	sün  	5.333333
48	9	Fa5#3	F5#4	343	344	1	16	263	95	96	SAZ 	5.388889
49	9	Mi5b3	E5b4	333	332	1	16	263	95	96	.	5.444445
50	10	Mi5b3	E5b4	333	332	1	8	526	95	96	.	5.555555
51	8	Fa5#3	F5#4	343	344	0	0	0	95	96	.	5.555555
52	9	Mi5b3	E5b4	333	332	1	16	263	95	96	.	5.611111
53	9	Fa5#3	F5#4	343	344	1	16	263	95	96	.	5.666667
54	9	Sol5	G5	349	349	1	4	1053	95	96	.	5.888889
55	9			-1	-1	1	8	526	100	0		6
56	9	Re5	D5	327	327	1	8	526	95	96	ne 	6.111111
57	9	Sol5	G5	349	349	1	8	526	95	96	de 	6.222222
58	9	Sol5	G5	349	349	1	8	526	99	96	sün	6.333333
59	8	La5	A5	358	358	0	0	0	99	96		6.333333
60	9	Sol5	G5	349	349	1	16	263	99	96		6.388889
61	9	La5	A5	358	358	1	16	263	95	96		6.444445
62	9	Fa5#3	F5#4	343	344	1	8	526	99	96	bül	6.555555
63	8	Sol5	G5	349	349	0	0	0	99	96		6.555555
64	9	Fa5#3	F5#4	343	344	1	16	263	99	96		6.611111
65	9	Sol5	G5	349	349	1	16	263	99	96		6.666667
66	9	Fa5#3	F5#4	343	344	1	8	526	99	96		6.777778
67	12	Mi5b3	E5b4	333	332	1	8	526	99	96		6.888889
68	9	Mi5b3	E5b4	333	332	1	16	263	99	96		6.944445
69	9	Re5	D5	327	327	1	16	263	95	96		7
70	9	Re5	D5	327	327	3	8	1579	95	96	sün  	7.333333
71	9	Re5	D5	327	327	1	16	263	95	96	SAZ 	7.388889
72	9	Mi5b1	E5b1	335	335	1	16	263	95	96	.	7.444445
73	9	Re5	D5	327	327	1	16	263	95	96	.	7.5
74	9	Do5	C5	318	318	1	16	263	95	96	.	7.555555
75	9	Si4b1	B4b1	313	313	1	16	263	95	96	.	7.611111
76	9	La4#4	A4#4	309	309	1	16	263	95	96	.	7.666667
77	9	Si4b1	B4b1	313	313	3	8	1579	95	96	.	8
78	52			0	0	1	8	0	114	0		8.111111
79	9	Do5	C5	318	318	1	4	1053	95	96	Sen 	8.333333
80	9	Re5	D5	327	327	1	4	1053	95	96	ben	8.555555
81	9	Mi5b3	E5b4	333	332	1	8	526	95	96	de 	8.666667
82	9	Fa5#3	F5#4	343	344	1	8	526	95	96	ne 	8.777778
83	9	Sol5	G5	349	349	1	8	526	99	96	ley	8.888889
84	9	Mi5b3	E5b4	333	332	1	8	526	99	96		9
85	9	Mi5b3	E5b4	333	332	1	16	263	99	96		9.055555
86	9	Re5	D5	327	327	1	16	263	95	96		9.111111
87	9	Re5	D5	327	327	3	8	1579	95	96	lak 	9.444445
88	9	Si4b1	B4b1	313	313	1	8	526	50	96	SAZ 	9.555555
89	9	Sol4	G4	296	296	1	8	526	50	96	.	9.666667
90	9	Si4b1	B4b1	313	313	1	8	526	50	96	.	9.777778
91	9	Re5	D5	327	327	1	4	1053	95	96	.	10
92	9			-1	-1	1	8	526	100	0		10.11111
93	9	Si4b1	B4b1	313	313	1	8	526	95	96	ne 	10.22222
94	9	Re5	D5	327	327	1	8	526	95	96	ka	10.33333
95	9	Re5	D5	327	327	1	4	1053	99	96	ran	10.55556
96	9	Re5	D5	327	327	1	16	263	99	96		10.61111
97	9	Do5	C5	318	318	1	16	263	99	96		10.66667
98	9	Re5	D5	327	327	1	16	263	99	96		10.72222
99	9	Mi5b1	E5b1	335	335	1	16	263	99	96		10.77778
100	9	Re5	D5	327	327	1	8	526	99	96		10.88889
101	9	Do5	C5	318	318	1	8	526	99	96		11
102	9	Do5	C5	318	318	1	16	263	99	96		11.05556
103	9	Si4b1	B4b1	313	313	1	16	263	95	96		11.11111
104	9	Do5	C5	318	318	3	8	1579	95	96	fil 	11.44444
105	9	Do5	C5	318	318	1	16	263	95	96	SAZ 	11.5
106	9	Si4b1	B4b1	313	313	1	16	263	95	96	.	11.55556
107	9	Si4b1	B4b1	313	313	3	32	395	95	96	.	11.63889
108	9	La4	A4	305	305	1	32	132	95	96	.	11.66667
109	9	La4	A4	305	305	1	16	263	95	96	.	11.72222
110	9	Si4b1	B4b1	313	313	1	16	263	95	96	.	11.77778
111	9	Do5	C5	318	318	1	4	1053	95	96	.	12
112	9			-1	-1	1	8	526	100	0		12.11111
113	9	Fa5#3	F5#4	343	344	1	8	526	95	96	ne 	12.22222
114	9	Sol5	G5	349	349	1	8	526	95	96	de 	12.33333
115	9	La5	A5	358	358	1	8	526	99	96	sün	12.44444
116	8	Si5b1	B5b1	366	366	0	0	0	99	96		12.44444
117	9	La5	A5	358	358	1	16	263	99	96		12.5
118	9	Si5b1	B5b1	366	366	1	16	263	95	96		12.55556
119	9	Do6	C6	371	371	1	8	526	99	96	bül	12.66667
120	9	Si5b5	B5b5	362	362	1	8	526	99	96		12.77778
121	9	La5	A5	358	358	1	8	526	99	96		12.88889
122	9	Sol5	G5	349	349	1	8	526	99	96		13
123	9	Sol5	G5	349	349	1	16	263	99	96		13.05556
124	9	Fa5#3	F5#4	343	344	1	16	263	95	96		13.11111
125	9	Fa5#3	F5#4	343	344	3	8	1579	95	96	sün  	13.44444
126	9	Fa5#3	F5#4	343	344	1	16	263	95	96	SAZ 	13.5
127	9	Mi5b3	E5b4	333	332	1	16	263	95	96	.	13.55556
128	10	Mi5b3	E5b4	333	332	1	8	526	95	96	.	13.66667
129	8	Fa5#3	F5#4	343	344	0	0	0	95	96	.	13.66667
130	9	Mi5b3	E5b4	333	332	1	16	263	95	96	.	13.72222
131	9	Fa5#3	F5#4	343	344	1	16	263	95	96	.	13.77778
132	9	Sol5	G5	349	349	1	4	1053	95	96	.	14
133	9			-1	-1	1	8	526	100	0		14.11111
134	9	Re5	D5	327	327	1	8	526	95	96	ne 	14.22222
135	9	Sol5	G5	349	349	1	8	526	95	96	de 	14.33333
136	9	Sol5	G5	349	349	1	8	526	99	96	sün	14.44444
137	8	La5	A5	358	358	0	0	0	99	96		14.44444
138	9	Sol5	G5	349	349	1	16	263	99	96		14.5
139	9	La5	A5	358	358	1	16	263	95	96		14.55556
140	9	Fa5#3	F5#4	343	344	1	8	526	99	96	bül	14.66667
141	8	Sol5	G5	349	349	0	0	0	99	96		14.66667
142	9	Fa5#3	F5#4	343	344	1	16	263	99	96		14.72222
143	9	Sol5	G5	349	349	1	16	263	99	96		14.77778
144	9	Fa5#3	F5#4	343	344	1	8	526	99	96		14.88889
145	12	Mi5b3	E5b4	333	332	1	8	526	99	96		15
146	9	Mi5b3	E5b4	333	332	1	16	263	99	96		15.05556
147	9	Re5	D5	327	327	1	16	263	95	96		15.11111
148	9	Re5	D5	327	327	3	8	1579	95	96	sün  	15.44444
149	9	Fa5#3	F5#4	343	344	1	16	263	95	96	SAZ 	15.5
150	9	Mi5b3	E5b4	333	332	1	16	263	95	96	.	15.55556
151	9	Re5	D5	327	327	3	32	395	95	96	.	15.63889
152	9	Do5	C5	318	318	1	32	132	95	96	.	15.66667
153	9	Si4b1	B4b1	313	313	1	16	263	95	96	.	15.72222
154	9	Do5	C5	318	318	1	16	263	95	96	.	15.77778
155	9	Re5	D5	327	327	1	8	526	95	96	.	15.88889
156	9	Mi5b3	E5b4	333	332	1	16	263	95	96	.	15.94444
157	9	Fa5#3	F5#4	343	344	1	16	263	95	96	.	16
158	9	Sol5	G5	349	349	1	8	526	95	96	.	16.11111
159	9	Fa5#3	F5#4	343	344	3	16	789	99	96	Sen 	16.27778
160	9	Sol5	G5	349	349	1	16	263	95	96		16.33333
161	9	Sol5	G5	349	349	3	16	789	99	96	her 	16.5
162	9	Fa5#3	F5#4	343	344	1	16	263	95	96		16.55556
163	9	Sol5	G5	349	349	1	8	526	95	96	ge	16.66667
164	9	La5	A5	358	358	1	8	526	95	96	ce 	16.77778
165	9	La5	A5	358	358	1	8	526	99	96	on	16.88889
166	9	Sol5	G5	349	349	1	8	526	99	96		17
167	9	Fa5#3	F5#4	343	344	1	8	526	95	96		17.11111
168	9	Fa5#3	F5#4	343	344	3	16	789	99	96	bir	17.27778
169	9	Sol5	G5	349	349	1	16	263	95	96		17.33333
170	9	Fa5#3	F5#4	343	344	1	16	263	99	96	de 	17.38889
171	9	Mi5b3	E5b4	333	332	1	16	263	95	96		17.44444
172	9	Mi5b3	E5b4	333	332	1	16	263	99	96	ö	17.5
173	9	Re5	D5	327	327	1	16	263	95	96		17.55556
174	8	Fa5#3	F5#4	343	344	0	0	0	95	96		17.55556
175	9	Mi5b3	E5b4	333	332	1	2	2106	95	96	püp 	18
176	9			-1	-1	1	8	526	100	0		18.11111
177	9	Do6	C6	371	371	1	8	526	99	96	kok	18.22222
178	9	Si5b5	B5b5	362	362	1	16	263	99	96		18.27778
179	9	La5	A5	358	358	1	16	263	95	96		18.33333
180	9	La5	A5	358	358	1	16	263	99	96	la	18.38889
181	9	Sol5	G5	349	349	1	16	263	95	96		18.44444
182	9	Sol5	G5	349	349	1	16	263	99	96	dý	18.5
183	9	Si5b5	B5b5	362	362	1	16	263	95	96		18.55556
184	9	La5	A5	358	358	1	16	263	99	96	ðým 	18.61111
185	9	Sol5	G5	349	349	1	16	263	99	96		18.66667
186	9	Fa5#4	F5#4	344	344	1	16	263	99	96		18.72222
187	9	Mi5b1	E5b1	335	335	1	16	263	99	96		18.77778
188	9	Fa5#4	F5#4	344	344	1	4	1053	95	96		19
189	9			-1	-1	1	8	526	100	0		19.11111
190	9	Sol5	G5	349	349	3	8	1579	99	96	gül	19.44444
191	9	Fa5#3	F5#4	343	344	1	8	526	99	96		19.55556
192	9	Sol5	G5	349	349	3	32	395	99	96		19.63889
193	9	Fa5#3	F5#4	343	344	1	32	132	99	96		19.66667
194	9	Sol5	G5	349	349	1	16	263	99	96		19.72222
195	9	La5	A5	358	358	1	16	263	99	96		19.77778
196	9	Fa5#3	F5#4	343	344	1	8	526	99	96		19.88889
197	9	Mi5b3	E5b4	333	332	1	8	526	99	96		20
198	9	Mi5b3	E5b4	333	332	1	16	263	99	96		20.05556
199	9	Re5	D5	327	327	1	16	263	95	96		20.11111
200	9	Re5	D5	327	327	3	8	1579	95	96	sün  	20.44444
201	9	Si4b1	B4b1	313	313	1	8	526	50	96	SAZ 	20.55556
202	9	Sol4	G4	296	296	1	8	526	50	96	.	20.66667
203	9	Si4b1	B4b1	313	313	1	8	526	50	96	.	20.77778
204	9	Re5	D5	327	327	1	4	1053	95	96	.	21
205	9			-1	-1	1	8	526	100	0		21.11111
206	9	Si4b1	B4b1	313	313	1	4	1053	95	96	kok	21.33333
207	9	Do5	C5	318	318	1	8	526	95	96	la	21.44444
208	9	Re5	D5	327	327	1	8	526	99	96	dý	21.55556
209	8	Fa5#3	F5#4	343	344	0	0	0	95	96		21.55556
210	9	Mi5b3	E5b4	333	332	1	2	2106	95	96	ðým 	22
211	9			-1	-1	1	8	526	100	0		22.11111
212	9	Fa5#3	F5#4	343	344	1	8	526	99	96	gül	22.22222
213	9	Mi5b3	E5b4	333	332	1	16	263	99	96		22.27778
214	9	Re5	D5	327	327	1	16	263	99	96		22.33333
215	9	Sol5	G5	349	349	1	4	1053	99	96		22.55556
216	9	Fa5#3	F5#4	343	344	1	8	526	99	96		22.66667
217	9	Mi5b3	E5b4	333	332	1	8	526	99	96		22.77778
218	9	Re5	D5	327	327	1	16	263	99	96		22.83333
219	9	Mi5b1	E5b1	335	335	1	16	263	99	96		22.88889
220	9	Re5	D5	327	327	1	16	263	99	96		22.94444
221	9	Do5	C5	318	318	1	16	263	99	96		23
222	9	Do5	C5	318	318	1	16	263	99	96		23.05556
223	9	Si4b1	B4b1	313	313	1	16	263	95	96		23.11111
224	9	Si4b1	B4b1	313	313	3	8	1579	95	96	sün  	23.44444
225	9	Fa5#3	F5#4	343	344	1	16	263	95	96	SAZ 	23.5
226	9	Mi5b3	E5b4	333	332	1	16	263	95	96	.	23.55556
227	9	Re5	D5	327	327	3	32	395	95	96	.	23.63889
228	9	Do5	C5	318	318	1	32	132	95	96	.	23.66667
229	9	Si4b1	B4b1	313	313	1	16	263	95	96	.	23.72222
230	9	Do5	C5	318	318	1	16	263	95	96	.	23.77778
231	9	Re5	D5	327	327	1	8	526	95	96	.	23.88889
232	9	Mi5b2	E5b1	334	335	1	16	263	95	96	.	23.94444
233	9	Fa5#3	F5#4	343	344	1	16	263	95	96	.	24
234	9	Sol5	G5	349	349	1	8	526	95	96	.	24.11111
235	9	Fa5#3	F5#4	343	344	3	16	789	99	96	Sen 	24.27778
236	9	Sol5	G5	349	349	1	16	263	95	96		24.33333
237	9	Sol5	G5	349	349	3	16	789	99	96	her 	24.5
238	9	Fa5#3	F5#4	343	344	1	16	263	95	96		24.55556
239	9	Sol5	G5	349	349	1	8	526	95	96	ge	24.66667
240	9	La5	A5	358	358	1	8	526	95	96	ce 	24.77778
241	9	La5	A5	358	358	1	8	526	99	96	on	24.88889
242	9	Sol5	G5	349	349	1	8	526	99	96		25
243	9	Fa5#3	F5#4	343	344	1	8	526	95	96		25.11111
244	9	Fa5#3	F5#4	343	344	3	16	789	99	96	bir	25.27778
245	9	Sol5	G5	349	349	1	16	263	95	96		25.33333
246	9	Fa5#3	F5#4	343	344	1	16	263	99	96	de 	25.38889
247	9	Mi5b3	E5b4	333	332	1	16	263	95	96		25.44444
248	9	Mi5b3	E5b4	333	332	1	16	263	99	96	ö	25.5
249	9	Re5	D5	327	327	1	16	263	95	96		25.55556
250	8	Fa5#3	F5#4	343	344	0	0	0	95	96		25.55556
251	9	Mi5b3	E5b4	333	332	1	2	2106	95	96	püp 	26
252	9			-1	-1	1	8	526	100	0		26.11111
253	9	Do6	C6	371	371	1	8	526	99	96	kok	26.22222
254	9	Si5b5	B5b5	362	362	1	16	263	99	96		26.27778
255	9	La5	A5	358	358	1	16	263	95	96		26.33333
256	9	La5	A5	358	358	1	16	263	99	96	la	26.38889
257	9	Sol5	G5	349	349	1	16	263	95	96		26.44444
258	9	Sol5	G5	349	349	1	16	263	99	96	dý	26.5
259	9	Si5b5	B5b5	362	362	1	16	263	95	96		26.55556
260	9	La5	A5	358	358	1	16	263	99	96	ðým 	26.61111
261	9	Sol5	G5	349	349	1	16	263	99	96		26.66667
262	9	Fa5#4	F5#4	344	344	1	16	263	99	96		26.72222
263	9	Mi5b1	E5b1	335	335	1	16	263	99	96		26.77778
264	9	Fa5#4	F5#4	344	344	1	4	1053	95	96		27
265	9			-1	-1	1	8	526	100	0		27.11111
266	9	Sol5	G5	349	349	3	8	1579	99	96	gül	27.44444
267	9	Fa5#3	F5#4	343	344	1	8	526	99	96		27.55556
268	9	Sol5	G5	349	349	3	32	395	99	96		27.63889
269	9	Fa5#3	F5#4	343	344	1	32	132	99	96		27.66667
270	9	Sol5	G5	349	349	1	16	263	99	96		27.72222
271	9	La5	A5	358	358	1	16	263	99	96		27.77778
272	9	Fa5#3	F5#4	343	344	1	8	526	99	96		27.88889
273	9	Mi5b3	E5b4	333	332	1	8	526	99	96		28
274	9	Mi5b3	E5b4	333	332	1	16	263	99	96		28.05556
275	9	Re5	D5	327	327	1	16	263	95	96		28.11111
276	9	Re5	D5	327	327	3	8	1579	95	96	sün  	28.44444
277	9	Si4b1	B4b1	313	313	1	8	526	50	96	SAZ 	28.55556
278	9	Sol4	G4	296	296	1	8	526	50	96	.	28.66667
279	9	Si4b1	B4b1	313	313	1	8	526	50	96	.	28.77778
280	9	Re5	D5	327	327	1	4	1053	95	96	.	29
281	9			-1	-1	1	8	526	100	0		29.11111
282	9	Si4b1	B4b1	313	313	1	4	1053	95	96	kok	29.33333
283	9	Do5	C5	318	318	1	8	526	95	96	la	29.44444
284	9	Re5	D5	327	327	1	8	526	99	96	dý	29.55556
285	8	Fa5#3	F5#4	343	344	0	0	0	95	96		29.55556
286	9	Mi5b3	E5b4	333	332	1	2	2106	95	96	ðým 	30
287	9			-1	-1	1	8	526	100	0		30.11111
288	9	Fa5#3	F5#4	343	344	1	8	526	99	96	gül	30.22222
289	9	Mi5b3	E5b4	333	332	1	16	263	99	96		30.27778
290	9	Re5	D5	327	327	1	16	263	99	96		30.33333
291	9	Sol5	G5	349	349	1	4	1053	99	96		30.55556
292	9	Fa5#3	F5#4	343	344	1	8	526	99	96		30.66667
293	9	Mi5b3	E5b4	333	332	1	8	526	99	96		30.77778
294	9	Re5	D5	327	327	1	16	263	99	96		30.83333
295	9	Mi5b1	E5b1	335	335	1	16	263	99	96		30.88889
296	9	Re5	D5	327	327	1	16	263	99	96		30.94444
297	9	Do5	C5	318	318	1	16	263	99	96		31
298	9	Do5	C5	318	318	1	16	263	99	96		31.05556
299	9	Si4b1	B4b1	313	313	1	16	263	95	96		31.11111
300	9	Si4b1	B4b1	313	313	3	8	1579	95	96	sün  	31.44444
301	9	Si5b1	B5b1	366	366	1	16	263	95	96	SAZ 	31.5
302	9	Do6	C6	371	371	1	16	263	95	96	.	31.55556
303	9	Si5b1	B5b1	366	366	3	32	395	95	96	.	31.63889
304	9	La5#4	A5#4	362	362	1	32	132	95	96	.	31.66667
305	9	Sol5	G5	349	349	1	16	263	95	96	.	31.72222
306	9	La5#4	A5#4	362	362	1	16	263	95	96	.	31.77778
307	9	Si5b1	B5b1	366	366	3	8	1579	95	96	.	32.11111
308	9	Sol5	G5	349	349	1	4	1053	95	96	Ru	32.33333
309	9	Si5b1	B5b1	366	366	1	4	1053	95	96	hum	32.55556
310	9	La5#4	A5#4	362	362	1	8	526	95	96	da	32.66667
311	9	Si5b1	B5b1	366	366	1	8	526	95	96	ki 	32.77778
312	9	Do6	C6	371	371	1	4	1053	99	96	hic	33
313	9	Si5b1	B5b1	366	366	1	8	526	95	96		33.11111
314	9	Re6	D6	380	380	1	8	526	99	96	ran	33.22222
315	9	Do6	C6	371	371	1	16	263	99	96		33.27778
316	9	Si5b1	B5b1	366	366	1	16	263	95	96		33.33333
317	9	Si5b1	B5b1	366	366	3	32	395	99	96	la 	33.41667
318	9	La5#4	A5#4	362	362	1	32	132	95	96		33.44444
319	9	Sol5	G5	349	349	1	16	263	99	96	yü	33.5
320	9	La5#4	A5#4	362	362	1	16	263	95	96		33.55556
321	9	Si5b1	B5b1	366	366	1	2	2106	95	96	züm 	34
322	9			-1	-1	1	8	526	100	0		34.11111
323	9	La5#4	A5#4	362	362	1	16	263	99	96	söy	34.16667
324	9	Si5b1	B5b1	366	366	1	16	263	99	96		34.22222
325	9	Do6	C6	371	371	1	16	263	99	96		34.27778
326	9	Re6	D6	380	380	1	16	263	95	96		34.33333
327	9	Re6	D6	380	380	1	16	263	99	96	le 	34.38889
328	9	Do6	C6	371	371	1	16	263	95	96		34.44444
329	9	Do6	C6	371	371	1	16	263	99	96	na	34.5
330	9	Si5b1	B5b1	366	366	1	16	263	95	96		34.55556
331	9	Si5b1	B5b1	366	366	1	8	526	99	96	sýl 	34.66667
332	9	La5#4	A5#4	362	362	1	16	263	99	96		34.72222
333	9	Si5b1	B5b1	366	366	1	16	263	99	96		34.77778
334	9	Sol5	G5	349	349	1	4	1053	95	96		35
335	9			-1	-1	1	8	526	100	0		35.11111
336	9	Do6	C6	371	371	3	8	1579	99	96	gül	35.44444
337	9	Si5b5	B5b5	362	362	1	16	263	99	96		35.5
338	9	La5	A5	358	358	1	16	263	99	96		35.55556
339	9	La5	A5	358	358	1	16	263	99	96		35.61111
340	9	Sol5	G5	349	349	1	8	526	99	96		35.72222
341	9	Si5b5	B5b5	362	362	1	16	263	99	96		35.77778
342	9	La5	A5	358	358	1	8	526	99	96		35.88889
343	12	Sol5	G5	349	349	1	8	526	99	96		36
344	9	Sol5	G5	349	349	1	16	263	99	96		36.05556
345	9	Fa5#3	F5#4	343	344	1	16	263	95	96		36.11111
346	9	Fa5#3	F5#4	343	344	3	8	1579	95	96	sün  	36.44444
347	9	Fa5#3	F5#4	343	344	1	16	263	95	96	SAZ 	36.5
348	9	Mi5b3	E5b4	333	332	1	16	263	95	96	.	36.55556
349	9	Mi5b3	E5b4	333	332	1	8	526	95	96	.	36.66667
350	8	Fa5#3	F5#4	343	344	0	0	0	95	96	.	36.66667
351	9	Mi5b3	E5b4	333	332	1	16	263	95	96	.	36.72222
352	9	Fa5#3	F5#4	343	344	1	16	263	95	96	.	36.77778
353	9	Sol5	G5	349	349	1	4	1053	95	96	.	37
354	9			-1	-1	1	8	526	100	0		37.11111
355	9	Sol5	G5	349	349	1	4	1053	95	96	söy	37.33333
356	9	Fa5#3	F5#4	343	344	1	8	526	95	96	le 	37.44444
357	9	Sol5	G5	349	349	1	16	263	99	96	na	37.5
358	9	La5	A5	358	358	1	16	263	99	96		37.55556
359	8	Do6	C6	371	371	0	0	0	95	96		37.55556
360	9	Si5b5	B5b5	362	362	1	2	2106	95	96	sýl 	38
361	9			-1	-1	1	8	526	100	0		38.11111
362	9	La5	A5	358	358	1	16	263	99	96	gül	38.16667
363	9	Sol5	G5	349	349	1	8	526	99	96		38.27778
364	9	Fa5#3	F5#4	343	344	1	16	263	99	96		38.33333
365	9	Mi5b3	E5b4	333	332	1	8	526	99	96		38.44444
366	9	Re5	D5	327	327	1	8	526	99	96		38.55556
367	9	Mi5b3	E5b4	333	332	1	8	526	99	96		38.66667
368	9	Fa5#3	F5#4	343	344	1	8	526	99	96		38.77778
369	9	Sol5	G5	349	349	1	8	526	99	96		38.88889
370	9	Fa5#3	F5#4	343	344	1	16	263	99	96		38.94444
371	9	Mi5b3	E5b4	333	332	1	16	263	99	96		39
372	9	Mi5b3	E5b4	333	332	1	16	263	99	96		39.05556
373	9	Re5	D5	327	327	1	16	263	95	96		39.11111
374	9	Re5	D5	327	327	3	8	1579	95	96	sün  	39.44444
375	9	Si5b1	B5b1	366	366	1	16	263	95	96	SAZ 	39.5
376	9	Do6	C6	371	371	1	16	263	95	96	.	39.55556
377	9	Si5b1	B5b1	366	366	3	32	395	95	96	.	39.63889
378	9	La5#4	A5#4	362	362	1	32	132	95	96	.	39.66667
379	9	Sol5	G5	349	349	1	16	263	95	96	.	39.72222
380	9	La5#4	A5#4	362	362	1	16	263	95	96	.	39.77778
381	9	Si5b1	B5b1	366	366	3	8	1579	95	96	.	40.11111
382	9	Sol5	G5	349	349	1	4	1053	95	96	Ru	40.33333
383	9	Si5b1	B5b1	366	366	1	4	1053	95	96	hum	40.55556
384	9	La5#4	A5#4	362	362	1	8	526	95	96	da	40.66667
385	9	Si5b1	B5b1	366	366	1	8	526	95	96	ki 	40.77778
386	9	Do6	C6	371	371	1	4	1053	99	96	hic	41
387	9	Si5b1	B5b1	366	366	1	8	526	95	96		41.11111
388	9	Re6	D6	380	380	1	8	526	99	96	ran	41.22222
389	9	Do6	C6	371	371	1	16	263	99	96		41.27778
390	9	Si5b1	B5b1	366	366	1	16	263	95	96		41.33333
391	9	Si5b1	B5b1	366	366	3	32	395	99	96	la 	41.41667
392	9	La5#4	A5#4	362	362	1	32	132	95	96		41.44444
393	9	Sol5	G5	349	349	1	16	263	99	96	yü	41.5
394	9	La5#4	A5#4	362	362	1	16	263	95	96		41.55556
395	9	Si5b1	B5b1	366	366	1	2	2106	95	96	züm 	42
396	9			-1	-1	1	8	526	100	0		42.11111
397	9	La5#4	A5#4	362	362	1	16	263	99	96	söy	42.16667
398	9	Si5b1	B5b1	366	366	1	16	263	99	96		42.22222
399	9	Do6	C6	371	371	1	16	263	99	96		42.27778
400	9	Re6	D6	380	380	1	16	263	95	96		42.33333
401	9	Re6	D6	380	380	1	16	263	99	96	le 	42.38889
402	9	Do6	C6	371	371	1	16	263	95	96		42.44444
403	9	Do6	C6	371	371	1	16	263	99	96	na	42.5
404	9	Si5b1	B5b1	366	366	1	16	263	95	96		42.55556
405	9	Si5b1	B5b1	366	366	1	8	526	99	96	sýl 	42.66667
406	9	La5#4	A5#4	362	362	1	16	263	99	96		42.72222
407	9	Si5b1	B5b1	366	366	1	16	263	99	96		42.77778
408	9	Sol5	G5	349	349	1	4	1053	95	96		43
409	9			-1	-1	1	8	526	100	0		43.11111
410	9	Do6	C6	371	371	3	8	1579	99	96	gül	43.44444
411	9	Si5b5	B5b5	362	362	1	16	263	99	96		43.5
412	9	La5	A5	358	358	1	16	263	99	96		43.55556
413	9	La5	A5	358	358	1	16	263	99	96		43.61111
414	9	Sol5	G5	349	349	1	8	526	99	96		43.72222
415	9	Si5b5	B5b5	362	362	1	16	263	99	96		43.77778
416	9	La5	A5	358	358	1	8	526	99	96		43.88889
417	12	Sol5	G5	349	349	1	8	526	99	96		44
418	9	Sol5	G5	349	349	1	16	263	99	96		44.05556
419	9	Fa5#3	F5#4	343	344	1	16	263	95	96		44.11111
420	9	Fa5#3	F5#4	343	344	3	8	1579	95	96	sün  	44.44444
421	9	Fa5#3	F5#4	343	344	1	16	263	95	96	SAZ 	44.5
422	9	Mi5b3	E5b4	333	332	1	16	263	95	96	.	44.55556
423	9	Mi5b3	E5b4	333	332	1	8	526	95	96	.	44.66667
424	8	Fa5#3	F5#4	343	344	0	0	0	95	96	.	44.66667
425	9	Mi5b3	E5b4	333	332	1	16	263	95	96	.	44.72222
426	9	Fa5#3	F5#4	343	344	1	16	263	95	96	.	44.77778
427	9	Sol5	G5	349	349	1	4	1053	95	96	.	45
428	9			-1	-1	1	8	526	100	0		45.11111
429	9	Sol5	G5	349	349	1	4	1053	95	96	söy	45.33333
430	9	Fa5#3	F5#4	343	344	1	8	526	95	96	le 	45.44444
431	9	Sol5	G5	349	349	1	16	263	99	96	na	45.5
432	9	La5	A5	358	358	1	16	263	99	96		45.55556
433	8	Do6	C6	371	371	0	0	0	95	96		45.55556
434	9	Si5b5	B5b5	362	362	1	2	2106	95	96	sýl 	46
435	9			-1	-1	1	8	526	100	0		46.11111
436	9	La5	A5	358	358	1	16	263	99	96	gül	46.16667
437	9	Sol5	G5	349	349	1	8	526	99	96		46.27778
438	9	Fa5#3	F5#4	343	344	1	16	263	99	96		46.33333
439	9	Mi5b3	E5b4	333	332	1	8	526	99	96		46.44444
440	9	Re5	D5	327	327	1	8	526	99	96		46.55556
441	9	Mi5b3	E5b4	333	332	1	8	526	99	96		46.66667
442	9	Fa5#3	F5#4	343	344	1	8	526	99	96		46.77778
443	9	Sol5	G5	349	349	1	8	526	99	96		46.88889
444	9	Fa5#3	F5#4	343	344	1	16	263	99	96		46.94444
445	9	Mi5b3	E5b4	333	332	1	16	263	99	96		47
446	9	Mi5b3	E5b4	333	332	1	16	263	99	96		47.05556
447	9	Re5	D5	327	327	1	16	263	95	96		47.11111
448	9	Re5	D5	327	327	3	8	1579	95	96	sün  	47.44444
449	9	Fa5#3	F5#4	343	344	1	16	263	95	96	SAZ 	47.5
450	9	Mi5b3	E5b4	333	332	1	16	263	95	96	.	47.55556
451	9	Re5	D5	327	327	3	32	395	95	96	.	47.63889
452	9	Do5	C5	318	318	1	32	132	95	96	.	47.66667
453	9	Si4b1	B4b1	313	313	1	16	263	95	96	.	47.72222
454	9	Do5	C5	318	318	1	16	263	95	96	.	47.77778
455	9	Re5	D5	327	327	1	8	526	95	96	.	47.88889
456	9	Mi5b3	E5b4	333	332	1	16	263	95	96	.	47.94444
457	9	Fa5#3	F5#4	343	344	1	16	263	95	96	.	48
458	9	Sol5	G5	349	349	1	8	526	95	96	.	48.11111
459	9	Fa5#3	F5#4	343	344	3	16	789	99	96	Sen 	48.27778
460	9	Sol5	G5	349	349	1	16	263	95	96		48.33333
461	9	Sol5	G5	349	349	3	16	789	99	96	her 	48.5
462	9	Fa5#3	F5#4	343	344	1	16	263	95	96		48.55556
463	9	Sol5	G5	349	349	1	8	526	95	96	ge	48.66667
464	9	La5	A5	358	358	1	8	526	95	96	ce 	48.77778
465	9	La5	A5	358	358	1	8	526	99	96	on	48.88889
466	9	Sol5	G5	349	349	1	8	526	99	96		49
467	9	Fa5#3	F5#4	343	344	1	8	526	95	96		49.11111
468	9	Fa5#3	F5#4	343	344	3	16	789	99	96	bir	49.27778
469	9	Sol5	G5	349	349	1	16	263	95	96		49.33333
470	9	Fa5#3	F5#4	343	344	1	16	263	99	96	de 	49.38889
471	9	Mi5b3	E5b4	333	332	1	16	263	95	96		49.44444
472	9	Mi5b3	E5b4	333	332	1	16	263	99	96	ö	49.5
473	9	Re5	D5	327	327	1	16	263	95	96		49.55556
474	8	Fa5#3	F5#4	343	344	0	0	0	95	96		49.55556
475	9	Mi5b3	E5b4	333	332	1	2	2106	95	96	püp 	50
476	9			-1	-1	1	8	526	100	0		50.11111
477	9	Do6	C6	371	371	1	8	526	99	96	kok	50.22222
478	9	Si5b5	B5b5	362	362	1	16	263	99	96		50.27778
479	9	La5	A5	358	358	1	16	263	95	96		50.33333
480	9	La5	A5	358	358	1	16	263	99	96	la	50.38889
481	9	Sol5	G5	349	349	1	16	263	95	96		50.44444
482	9	Sol5	G5	349	349	1	16	263	99	96	dý	50.5
483	9	Si5b5	B5b5	362	362	1	16	263	95	96		50.55556
484	9	La5	A5	358	358	1	16	263	99	96	ðým 	50.61111
485	9	Sol5	G5	349	349	1	16	263	99	96		50.66667
486	9	Fa5#4	F5#4	344	344	1	16	263	99	96		50.72222
487	9	Mi5b1	E5b1	335	335	1	16	263	99	96		50.77778
488	9	Fa5#4	F5#4	344	344	1	4	1053	95	96		51
489	9			-1	-1	1	8	526	100	0		51.11111
490	9	Sol5	G5	349	349	3	8	1579	99	96	gül	51.44444
491	9	Fa5#3	F5#4	343	344	1	8	526	99	96		51.55556
492	9	Sol5	G5	349	349	3	32	395	99	96		51.63889
493	9	Fa5#3	F5#4	343	344	1	32	132	99	96		51.66667
494	9	Sol5	G5	349	349	1	16	263	99	96		51.72222
495	9	La5	A5	358	358	1	16	263	99	96		51.77778
496	9	Fa5#3	F5#4	343	344	1	8	526	99	96		51.88889
497	9	Mi5b3	E5b4	333	332	1	8	526	99	96		52
498	9	Mi5b3	E5b4	333	332	1	16	263	99	96		52.05556
499	9	Re5	D5	327	327	1	16	263	95	96		52.11111
500	9	Re5	D5	327	327	3	8	1579	95	96	sün  	52.44444
501	9	Si4b1	B4b1	313	313	1	8	526	50	96	SAZ 	52.55556
502	9	Sol4	G4	296	296	1	8	526	50	96	.	52.66667
503	9	Si4b1	B4b1	313	313	1	8	526	50	96	.	52.77778
504	9	Re5	D5	327	327	1	4	1053	95	96	.	53
505	9			-1	-1	1	8	526	100	0		53.11111
506	9	Si4b1	B4b1	313	313	1	4	1053	95	96	kok	53.33333
507	9	Do5	C5	318	318	1	8	526	95	96	la	53.44444
508	9	Re5	D5	327	327	1	8	526	99	96	dý	53.55556
509	8	Fa5#3	F5#4	343	344	0	0	0	95	96		53.55556
510	9	Mi5b3	E5b4	333	332	1	2	2106	95	96	ðým 	54
511	9			-1	-1	1	8	526	100	0		54.11111
512	9	Fa5#3	F5#4	343	344	1	8	526	99	96	gül	54.22222
513	9	Mi5b3	E5b4	333	332	1	16	263	99	96		54.27778
514	9	Re5	D5	327	327	1	16	263	99	96		54.33333
515	9	Sol5	G5	349	349	1	4	1053	99	96		54.55556
516	9	Fa5#3	F5#4	343	344	1	8	526	99	96		54.66667
517	9	Mi5b3	E5b4	333	332	1	8	526	99	96		54.77778
518	9	Re5	D5	327	327	1	16	263	99	96		54.83333
519	9	Mi5b1	E5b1	335	335	1	16	263	99	96		54.88889
520	9	Re5	D5	327	327	1	16	263	99	96		54.94444
521	9	Do5	C5	318	318	1	16	263	99	96		55
522	9	Do5	C5	318	318	1	16	263	99	96		55.05556
523	9	Si4b1	B4b1	313	313	1	16	263	95	96		55.11111
524	9	Si4b1	B4b1	313	313	3	8	1579	95	96	sün  	55.44444
525	9	Fa5#3	F5#4	343	344	1	16	263	95	96	SAZ 	55.5
526	9	Mi5b3	E5b4	333	332	1	16	263	95	96	.	55.55556
527	9	Re5	D5	327	327	3	32	395	95	96	.	55.63889
528	9	Do5	C5	318	318	1	32	132	95	96	.	55.66667
529	9	Si4b1	B4b1	313	313	1	16	263	95	96	.	55.72222
530	9	Do5	C5	318	318	1	16	263	95	96	.	55.77778
531	9	Re5	D5	327	327	1	8	526	95	96	.	55.88889
532	9	Mi5b2	E5b1	334	335	1	16	263	95	96	.	55.94444
533	9	Fa5#3	F5#4	343	344	1	16	263	95	96	.	56
534	9	Sol5	G5	349	349	1	8	526	95	96	.	56.11111
535	9	Fa5#3	F5#4	343	344	3	16	789	99	96	Sen 	56.27778
536	9	Sol5	G5	349	349	1	16	263	95	96		56.33333
537	9	Sol5	G5	349	349	3	16	789	99	96	her 	56.5
538	9	Fa5#3	F5#4	343	344	1	16	263	95	96		56.55556
539	9	Sol5	G5	349	349	1	8	526	95	96	ge	56.66667
540	9	La5	A5	358	358	1	8	526	95	96	ce 	56.77778
541	9	La5	A5	358	358	1	8	526	99	96	on	56.88889
542	9	Sol5	G5	349	349	1	8	526	99	96		57
543	9	Fa5#3	F5#4	343	344	1	8	526	95	96		57.11111
544	9	Fa5#3	F5#4	343	344	3	16	789	99	96	bir	57.27778
545	9	Sol5	G5	349	349	1	16	263	95	96		57.33333
546	9	Fa5#3	F5#4	343	344	1	16	263	99	96	de 	57.38889
547	9	Mi5b3	E5b4	333	332	1	16	263	95	96		57.44444
548	9	Mi5b3	E5b4	333	332	1	16	263	99	96	ö	57.5
549	9	Re5	D5	327	327	1	16	263	95	96		57.55556
550	8	Fa5#3	F5#4	343	344	0	0	0	95	96		57.55556
551	9	Mi5b3	E5b4	333	332	1	2	2106	95	96	püp 	58
552	9			-1	-1	1	8	526	100	0		58.11111
553	9	Do6	C6	371	371	1	8	526	99	96	kok	58.22222
554	9	Si5b5	B5b5	362	362	1	16	263	99	96		58.27778
555	9	La5	A5	358	358	1	16	263	95	96		58.33333
556	9	La5	A5	358	358	1	16	263	99	96	la	58.38889
557	9	Sol5	G5	349	349	1	16	263	95	96		58.44444
558	9	Sol5	G5	349	349	1	16	263	99	96	dý	58.5
559	9	Si5b5	B5b5	362	362	1	16	263	95	96		58.55556
560	9	La5	A5	358	358	1	16	263	99	96	ðým 	58.61111
561	9	Sol5	G5	349	349	1	16	263	99	96		58.66667
562	9	Fa5#4	F5#4	344	344	1	16	263	99	96		58.72222
563	9	Mi5b1	E5b1	335	335	1	16	263	99	96		58.77778
564	9	Fa5#4	F5#4	344	344	1	4	1053	95	96		59
565	9			-1	-1	1	8	526	100	0		59.11111
566	9	Sol5	G5	349	349	3	8	1579	99	96	gül	59.44444
567	9	Fa5#3	F5#4	343	344	1	8	526	99	96		59.55556
568	9	Sol5	G5	349	349	3	32	395	99	96		59.63889
569	9	Fa5#3	F5#4	343	344	1	32	132	99	96		59.66667
570	9	Sol5	G5	349	349	1	16	263	99	96		59.72222
571	9	La5	A5	358	358	1	16	263	99	96		59.77778
572	9	Fa5#3	F5#4	343	344	1	8	526	99	96		59.88889
573	9	Mi5b3	E5b4	333	332	1	8	526	99	96		60
574	9	Mi5b3	E5b4	333	332	1	16	263	99	96		60.05556
575	9	Re5	D5	327	327	1	16	263	95	96		60.11111
576	9	Re5	D5	327	327	3	8	1579	95	96	sün  	60.44444
577	9	Si4b1	B4b1	313	313	1	8	526	50	96	SAZ 	60.55556
578	9	Sol4	G4	296	296	1	8	526	50	96	.	60.66667
579	9	Si4b1	B4b1	313	313	1	8	526	50	96	.	60.77778
580	9	Re5	D5	327	327	1	4	1053	95	96	.	61
581	9			-1	-1	1	8	526	100	0		61.11111
582	9	Si4b1	B4b1	313	313	1	4	1053	95	96	kok	61.33333
583	9	Do5	C5	318	318	1	8	526	95	96	la	61.44444
584	9	Re5	D5	327	327	1	8	526	99	96	dý	61.55556
585	8	Fa5#3	F5#4	343	344	0	0	0	95	96		61.55556
586	9	Mi5b3	E5b4	333	332	1	2	2106	95	96	ðým 	62
587	9			-1	-1	1	8	526	100	0		62.11111
588	9	Fa5#3	F5#4	343	344	1	8	526	99	96	gül	62.22222
589	9	Mi5b3	E5b4	333	332	1	16	263	99	96		62.27778
590	9	Re5	D5	327	327	1	16	263	99	96		62.33333
591	9	Sol5	G5	349	349	1	4	1053	99	96		62.55556
592	9	Fa5#3	F5#4	343	344	1	8	526	99	96		62.66667
593	9	Mi5b3	E5b4	333	332	1	8	526	99	96		62.77778
594	9	Re5	D5	327	327	1	16	263	99	96		62.83333
595	9	Mi5b1	E5b1	335	335	1	16	263	99	96		62.88889
596	9	Re5	D5	327	327	1	16	263	99	96		62.94444
597	9	Do5	C5	318	318	1	16	263	99	96		63
598	9	Do5	C5	318	318	1	16	263	99	96		63.05556
599	9	Si4b1	B4b1	313	313	1	16	263	95	96		63.11111
600	9	Si4b1	B4b1	313	313	3	8	1579	95	96	sün  	63.44444
