Sira	Kod	Nota53	NotaAE	Koma53	KomaAE	Pay	Payda	Ms	LNS	Bas	Soz1	Offset
1	9	La4	A4	305	305	1	16	263	95	96		5.555556E-02
2	9	Si4b1	B4b1	313	313	1	16	263	95	96		0.1111111
3	9	Do5	C5	318	318	1	16	263	95	96		0.1666667
4	9	La4	A4	305	305	1	16	263	95	96		0.2222222
5	9	Si4b1	B4b1	313	313	1	16	263	95	96		0.2777778
6	9	Sol4	G4	296	296	1	16	263	95	96		0.3333333
7	9	La4	A4	305	305	1	8	526	95	96		0.4444444
8	9	La4	A4	305	305	1	16	263	95	96		0.5
9	9	Mi5	E5	336	336	1	16	263	95	96		0.5555556
10	9	Re5	D5	327	327	1	8	526	95	96		0.6666667
11	9	Do5	C5	318	318	1	16	263	95	96		0.7222222
12	9	Si4b1	B4b1	313	313	1	16	263	95	96		0.7777778
13	9	Si4b1	B4b1	313	313	1	16	263	95	96		0.8333333
14	9	La4	A4	305	305	1	16	263	95	96		0.8888889
15	9	Sol4	G4	296	296	1	8	526	95	96		1
16	9	La4	A4	305	305	1	16	263	95	96		1.055556
17	9	Si4b1	B4b1	313	313	1	16	263	95	96		1.111111
18	9	Do5	C5	318	318	1	16	263	95	96		1.166667
19	9	La4	A4	305	305	1	16	263	95	96		1.222222
20	9	Si4b1	B4b1	313	313	1	16	263	95	96		1.277778
21	9	Sol4	G4	296	296	1	16	263	95	96		1.333333
22	9	La4	A4	305	305	3	16	789	95	96		1.5
23	9	Si4b1	B4b1	313	313	1	16	263	95	96		1.555556
24	9	Sol4	G4	296	296	1	16	263	95	96		1.611111
25	9	La4	A4	305	305	1	16	263	95	96		1.666667
26	9	Si4b1	B4b1	313	313	1	16	263	95	96		1.722222
27	9	Do5	C5	318	318	1	16	263	95	96		1.777778
28	9	Re5	D5	327	327	1	16	263	95	96		1.833333
29	9	Mi5b4	E5b4	332	332	1	16	263	95	96		1.888889
30	9	Re5	D5	327	327	1	16	263	95	96		1.944444
31	9	Do5	C5	318	318	1	16	263	95	96		2
32	9	Re5	D5	327	327	1	16	263	95	96		2.055556
33	9	Mi5b4	E5b4	332	332	1	16	263	95	96		2.111111
34	9	Fa5#4	F5#4	344	344	1	16	263	95	96		2.166667
35	9	Re5	D5	327	327	1	16	263	95	96		2.222222
36	9	Mi5b4	E5b4	332	332	1	16	263	95	96		2.277778
37	9	Do5	C5	318	318	1	16	263	95	96		2.333333
38	9	Re5	D5	327	327	1	16	263	95	96		2.388889
39	9	Mi5b4	E5b4	332	332	1	16	263	95	96		2.444444
40	9	Re5	D5	327	327	1	16	263	95	96		2.5
41	9	Do5	C5	318	318	1	16	263	95	96		2.555556
42	9	Si4b1	B4b1	313	313	1	16	263	95	96		2.611111
43	9	La4	A4	305	305	1	16	263	95	96		2.666667
44	9	Si4b1	B4b1	313	313	1	16	263	95	96		2.722222
45	9	Do5	C5	318	318	1	16	263	95	96		2.777778
46	9	Re5	D5	327	327	1	16	263	95	96		2.833333
47	9	Mi5b4	E5b4	332	332	1	16	263	95	96		2.888889
48	9	Re5	D5	327	327	1	16	263	95	96		2.944444
49	9	Do5	C5	318	318	1	16	263	95	96		3
50	9	Si4b1	B4b1	313	313	1	8	526	95	96		3.111111
51	9	Si4b1	B4b1	313	313	1	16	263	95	96		3.166667
52	9	La4	A4	305	305	1	16	263	95	96		3.222222
53	9	Si4b1	B4b1	313	313	1	16	263	95	96		3.277778
54	9	Sol4	G4	296	296	1	16	263	95	96		3.333333
55	9	La4	A4	305	305	3	16	789	95	96		3.5
56	9	Si4b1	B4b1	313	313	1	16	263	95	96		3.555556
57	9	Sol4	G4	296	296	1	16	263	95	96		3.611111
58	9	La4	A4	305	305	1	16	263	95	96		3.666667
59	9	Si4b1	B4b1	313	313	1	16	263	95	96		3.722222
60	9	Do5	C5	318	318	1	16	263	95	96		3.777778
61	9	Re5	D5	327	327	1	16	263	95	96		3.833333
62	9	Mi5b4	E5b4	332	332	1	16	263	95	96		3.888889
63	9	Re5	D5	327	327	1	16	263	95	96		3.944444
64	9	Do5	C5	318	318	1	16	263	95	96		4
65	9	Re5	D5	327	327	1	16	263	95	96		4.055555
66	9	Mi5b4	E5b4	332	332	1	16	263	95	96		4.111111
67	9	Fa5#4	F5#4	344	344	1	16	263	95	96		4.166667
68	9	Re5	D5	327	327	1	16	263	95	96		4.222222
69	9	Mi5b4	E5b4	332	332	1	16	263	95	96		4.277778
70	9	Do5	C5	318	318	1	16	263	95	96		4.333333
71	9	Re5	D5	327	327	1	16	263	95	96		4.388889
72	9	Mi5b4	E5b4	332	332	1	16	263	95	96		4.444445
73	9	Re5	D5	327	327	1	16	263	95	96		4.5
74	9	Do5	C5	318	318	1	16	263	95	96		4.555555
75	9	Si4b1	B4b1	313	313	1	16	263	95	96		4.611111
76	9	La4	A4	305	305	1	16	263	95	96		4.666667
77	9	Si4b1	B4b1	313	313	1	16	263	95	96		4.722222
78	9	Do5	C5	318	318	1	16	263	95	96		4.777778
79	9	Re5	D5	327	327	1	16	263	95	96		4.833333
80	9	Mi5b4	E5b4	332	332	1	16	263	95	96		4.888889
81	9	Re5	D5	327	327	1	16	263	95	96		4.944445
82	9	Do5	C5	318	318	1	16	263	95	96		5
83	9	Si4b1	B4b1	313	313	1	8	526	95	96		5.111111
84	9	Si4b1	B4b1	313	313	1	16	263	95	96		5.166667
85	9	La4	A4	305	305	1	16	263	95	96		5.222222
86	9	Si4b1	B4b1	313	313	1	16	263	95	96		5.277778
87	9	Sol4	G4	296	296	1	16	263	95	96		5.333333
88	9	La4	A4	305	305	3	16	789	95	96		5.5
89	9	Si4b1	B4b1	313	313	1	16	263	95	96		5.555555
90	9	Sol4	G4	296	296	1	16	263	95	96		5.611111
91	9	La4	A4	305	305	1	16	263	95	96		5.666667
92	9	Si4b1	B4b1	313	313	1	16	263	95	96		5.722222
93	9	Do5	C5	318	318	1	16	263	95	96		5.777778
94	9	Re5	D5	327	327	1	16	263	95	96		5.833333
95	9	Mi5b4	E5b4	332	332	1	16	263	95	96		5.888889
96	9	Re5	D5	327	327	1	16	263	95	96		5.944445
97	9	Do5	C5	318	318	1	16	263	95	96		6
98	9	Re5	D5	327	327	1	16	263	95	96		6.055555
99	9	Mi5b4	E5b4	332	332	1	16	263	95	96		6.111111
100	9	Fa5#4	F5#4	344	344	1	16	263	95	96		6.166667
101	9	Sol5	G5	349	349	1	16	263	95	96		6.222222
102	9	La5	A5	358	358	1	16	263	95	96		6.277778
103	9	Si5b5	B5b5	362	362	1	16	263	95	96		6.333333
104	9	La5	A5	358	358	1	16	263	95	96		6.388889
105	9	Sol5	G5	349	349	1	16	263	95	96		6.444445
106	9	Fa5#4	F5#4	344	344	1	16	263	95	96		6.5
107	9	Mi5b4	E5b4	332	332	1	16	263	95	96		6.555555
108	9	Re5	D5	327	327	1	16	263	95	96		6.611111
109	9	Do5	C5	318	318	1	16	263	95	96		6.666667
110	9	Si4b1	B4b1	313	313	1	16	263	95	96		6.722222
111	9	Do5	C5	318	318	1	16	263	95	96		6.777778
112	9	Re5	D5	327	327	1	16	263	95	96		6.833333
113	9	Mi5b4	E5b4	332	332	1	16	263	95	96		6.888889
114	9	Re5	D5	327	327	1	16	263	95	96		6.944445
115	9	Do5	C5	318	318	1	16	263	95	96		7
116	9	Si4b1	B4b1	313	313	1	8	526	95	96		7.111111
117	9	Si4b1	B4b1	313	313	1	16	263	95	96		7.166667
118	9	La4	A4	305	305	1	16	263	95	96		7.222222
119	9	Si4b1	B4b1	313	313	1	16	263	95	96		7.277778
120	9	Sol4	G4	296	296	1	16	263	95	96		7.333333
121	9	La4	A4	305	305	1	16	263	95	96		7.388889
122	9	Si4b1	B4b1	313	313	1	16	263	95	96		7.444445
123	9	Do5	C5	318	318	1	16	263	95	96		7.5
124	9	La4	A4	305	305	1	16	263	95	96		7.555555
125	9	Si4b1	B4b1	313	313	1	16	263	95	96		7.611111
126	9	Sol4	G4	296	296	1	16	263	95	96		7.666667
127	9	La4	A4	305	305	1	8	526	95	96		7.777778
128	9	La4	A4	305	305	1	16	263	95	96		7.833333
129	9	Mi5	E5	336	336	1	16	263	95	96		7.888889
130	9	Re5	D5	327	327	1	8	526	95	96		8
131	9	Do5	C5	318	318	1	16	263	95	96		8.055555
132	9	Si4b1	B4b1	313	313	1	16	263	95	96		8.111111
133	9	Si4b1	B4b1	313	313	1	16	263	95	96		8.166667
134	9	La4	A4	305	305	1	16	263	95	96		8.222222
135	9	Sol4	G4	296	296	1	8	526	95	96		8.333333
136	9	La4	A4	305	305	1	16	263	95	96		8.388889
137	9	Si4b1	B4b1	313	313	1	16	263	95	96		8.444445
138	9	Do5	C5	318	318	1	16	263	95	96		8.5
139	9	La4	A4	305	305	1	16	263	95	96		8.555555
140	9	Si4b1	B4b1	313	313	1	16	263	95	96		8.611111
141	9	Sol4	G4	296	296	1	16	263	95	96		8.666667
142	9	La4	A4	305	305	3	16	789	95	96		8.833333
143	9	Si4b1	B4b1	313	313	1	16	263	95	96		8.888889
144	9	Sol4	G4	296	296	1	16	263	95	96		8.944445
145	9	La4	A4	305	305	1	16	263	95	96		9
146	9	Si4b1	B4b1	313	313	1	16	263	95	96		9.055555
147	9	Do5	C5	318	318	1	16	263	95	96		9.111111
148	9	Re5	D5	327	327	1	16	263	95	96		9.166667
149	9	Mi5b4	E5b4	332	332	1	16	263	95	96		9.222222
150	9	Re5	D5	327	327	1	16	263	95	96		9.277778
151	9	Do5	C5	318	318	1	16	263	95	96		9.333333
152	9	Re5	D5	327	327	1	16	263	95	96		9.388889
153	9	Mi5b4	E5b4	332	332	1	16	263	95	96		9.444445
154	9	Fa5#4	F5#4	344	344	1	16	263	95	96		9.5
155	9	Re5	D5	327	327	1	16	263	95	96		9.555555
156	9	Mi5b4	E5b4	332	332	1	16	263	95	96		9.611111
157	9	Do5	C5	318	318	1	16	263	95	96		9.666667
158	9	Re5	D5	327	327	1	16	263	95	96		9.722222
159	9	Mi5b4	E5b4	332	332	1	16	263	95	96		9.777778
160	9	Re5	D5	327	327	1	16	263	95	96		9.833333
161	9	Do5	C5	318	318	1	16	263	95	96		9.888889
162	9	Si4b1	B4b1	313	313	1	16	263	95	96		9.944445
163	9	La4	A4	305	305	1	16	263	95	96		10
164	9	Si4b1	B4b1	313	313	1	16	263	95	96		10.05556
165	9	Do5	C5	318	318	1	16	263	95	96		10.11111
166	9	Re5	D5	327	327	1	16	263	95	96		10.16667
167	9	Mi5b4	E5b4	332	332	1	16	263	95	96		10.22222
168	9	Re5	D5	327	327	1	16	263	95	96		10.27778
169	9	Do5	C5	318	318	1	16	263	95	96		10.33333
170	9	Si4b1	B4b1	313	313	1	8	526	95	96		10.44444
171	9	Si4b1	B4b1	313	313	1	16	263	95	96		10.5
172	9	La4	A4	305	305	1	16	263	95	96		10.55556
173	9	Si4b1	B4b1	313	313	1	16	263	95	96		10.61111
174	9	Sol4	G4	296	296	1	16	263	95	96		10.66667
175	9	La4	A4	305	305	3	16	789	95	96		10.83333
176	9	Si4b1	B4b1	313	313	1	16	263	95	96		10.88889
177	9	Sol4	G4	296	296	1	16	263	95	96		10.94444
178	9	La4	A4	305	305	1	16	263	95	96		11
179	9	Si4b1	B4b1	313	313	1	16	263	95	96		11.05556
180	9	Do5	C5	318	318	1	16	263	95	96		11.11111
181	9	Re5	D5	327	327	1	16	263	95	96		11.16667
182	9	Mi5b4	E5b4	332	332	1	16	263	95	96		11.22222
183	9	Re5	D5	327	327	1	16	263	95	96		11.27778
184	9	Do5	C5	318	318	1	16	263	95	96		11.33333
185	9	Re5	D5	327	327	1	16	263	95	96		11.38889
186	9	Mi5b4	E5b4	332	332	1	16	263	95	96		11.44444
187	9	Fa5#4	F5#4	344	344	1	16	263	95	96		11.5
188	9	Sol5	G5	349	349	1	16	263	95	96		11.55556
189	9	La5	A5	358	358	1	16	263	95	96		11.61111
190	9	Si5b5	B5b5	362	362	1	16	263	95	96		11.66667
191	9	La5	A5	358	358	1	16	263	95	96		11.72222
192	9	Sol5	G5	349	349	1	16	263	95	96		11.77778
193	9	Fa5#4	F5#4	344	344	1	16	263	95	96		11.83333
194	9	Mi5b4	E5b4	332	332	1	16	263	95	96		11.88889
195	9	Re5	D5	327	327	1	16	263	95	96		11.94444
196	9	Do5	C5	318	318	1	16	263	95	96		12
197	9	Si4b1	B4b1	313	313	1	16	263	95	96		12.05556
198	9	Do5	C5	318	318	1	16	263	95	96		12.11111
199	9	Re5	D5	327	327	1	16	263	95	96		12.16667
200	9	Mi5b4	E5b4	332	332	1	16	263	95	96		12.22222
201	9	Re5	D5	327	327	1	16	263	95	96		12.27778
202	9	Do5	C5	318	318	1	16	263	95	96		12.33333
203	9	Si4b1	B4b1	313	313	1	8	526	95	96		12.44444
204	9	Si4b1	B4b1	313	313	1	16	263	95	96		12.5
205	9	La4	A4	305	305	1	16	263	95	96		12.55556
206	9	Si4b1	B4b1	313	313	1	16	263	95	96		12.61111
207	9	Sol4	G4	296	296	1	16	263	95	96		12.66667
208	9	La4	A4	305	305	3	16	789	95	96		12.83333
209	9	Mi5b4	E5b4	332	332	1	16	263	95	96		12.88889
210	9	Mi5b4	E5b4	332	332	1	16	263	95	96		12.94444
211	9	Re5	D5	327	327	1	16	263	95	96		13
212	9	Mi5b4	E5b4	332	332	1	16	263	95	96		13.05556
213	9	Do5	C5	318	318	1	16	263	95	96		13.11111
214	9	Mi5b4	E5b4	332	332	1	16	263	95	96		13.16667
215	9	Re5	D5	327	327	1	16	263	95	96		13.22222
216	9	Mi5b4	E5b4	332	332	1	16	263	95	96		13.27778
217	9	Do5	C5	318	318	1	16	263	95	96		13.33333
218	9	Re5	D5	327	327	1	16	263	95	96		13.38889
219	9	Mi5b4	E5b4	332	332	1	16	263	95	96		13.44444
220	9	Fa5#4	F5#4	344	344	1	16	263	95	96		13.5
221	9	Re5	D5	327	327	1	16	263	95	96		13.55556
222	9	Mi5b4	E5b4	332	332	1	16	263	95	96		13.61111
223	9	Do5	C5	318	318	1	16	263	95	96		13.66667
224	9	Re5	D5	327	327	1	16	263	95	96		13.72222
225	9	Mi5b4	E5b4	332	332	1	16	263	95	96		13.77778
226	9	Re5	D5	327	327	1	16	263	95	96		13.83333
227	9	Do5	C5	318	318	1	16	263	95	96		13.88889
228	9	Si4b1	B4b1	313	313	1	16	263	95	96		13.94444
229	9	La4	A4	305	305	1	16	263	95	96		14
230	9	Si4b1	B4b1	313	313	1	16	263	95	96		14.05556
231	9	Do5	C5	318	318	1	16	263	95	96		14.11111
232	9	Re5	D5	327	327	1	16	263	95	96		14.16667
233	9	Mi5b4	E5b4	332	332	1	16	263	95	96		14.22222
234	9	Re5	D5	327	327	1	16	263	95	96		14.27778
235	9	Do5	C5	318	318	1	16	263	95	96		14.33333
236	9	Si4b1	B4b1	313	313	1	8	526	95	96		14.44444
237	9	Si4b1	B4b1	313	313	1	16	263	95	96		14.5
238	9	La4	A4	305	305	1	16	263	95	96		14.55556
239	9	Si4b1	B4b1	313	313	1	16	263	95	96		14.61111
240	9	Sol4	G4	296	296	1	16	263	95	96		14.66667
241	9	La4	A4	305	305	3	16	789	95	96		14.83333
242	9	Mi5b4	E5b4	332	332	1	16	263	95	96		14.88889
243	9	Mi5b4	E5b4	332	332	1	16	263	95	96		14.94444
244	9	Re5	D5	327	327	1	16	263	95	96		15
245	9	Mi5b4	E5b4	332	332	1	16	263	95	96		15.05556
246	9	Do5	C5	318	318	1	16	263	95	96		15.11111
247	9	Mi5b4	E5b4	332	332	1	16	263	95	96		15.16667
248	9	Re5	D5	327	327	1	16	263	95	96		15.22222
249	9	Mi5b4	E5b4	332	332	1	16	263	95	96		15.27778
250	9	Do5	C5	318	318	1	16	263	95	96		15.33333
251	9	Re5	D5	327	327	1	16	263	95	96		15.38889
252	9	Mi5b4	E5b4	332	332	1	16	263	95	96		15.44444
253	9	Fa5#4	F5#4	344	344	1	16	263	95	96		15.5
254	9	Re5	D5	327	327	1	16	263	95	96		15.55556
255	9	Mi5b4	E5b4	332	332	1	16	263	95	96		15.61111
256	9	Do5	C5	318	318	1	16	263	95	96		15.66667
257	9	Re5	D5	327	327	1	16	263	95	96		15.72222
258	9	Mi5b4	E5b4	332	332	1	16	263	95	96		15.77778
259	9	Re5	D5	327	327	1	16	263	95	96		15.83333
260	9	Do5	C5	318	318	1	16	263	95	96		15.88889
261	9	Si4b1	B4b1	313	313	1	16	263	95	96		15.94444
262	9	La4	A4	305	305	1	16	263	95	96		16
263	9	Si4b1	B4b1	313	313	1	16	263	95	96		16.05556
264	9	Do5	C5	318	318	1	16	263	95	96		16.11111
265	9	Re5	D5	327	327	1	16	263	95	96		16.16667
266	9	Mi5b4	E5b4	332	332	1	16	263	95	96		16.22222
267	9	Re5	D5	327	327	1	16	263	95	96		16.27778
268	9	Do5	C5	318	318	1	16	263	95	96		16.33333
269	9	Si4b1	B4b1	313	313	1	8	526	95	96		16.44444
270	9	Si4b1	B4b1	313	313	1	16	263	95	96		16.5
271	9	La4	A4	305	305	1	16	263	95	96		16.55556
272	9	Si4b1	B4b1	313	313	1	16	263	95	96		16.61111
273	9	Sol4	G4	296	296	1	16	263	95	96		16.66667
274	9	La4	A4	305	305	3	16	789	95	96		16.83333
275	9	Si4b1	B4b1	313	313	1	16	263	95	96		16.88889
276	9	Sol4	G4	296	296	1	16	263	95	96		16.94444
277	9	La4	A4	305	305	1	16	263	95	96		17
278	9	Si4b1	B4b1	313	313	1	16	263	95	96		17.05556
279	9	Do5	C5	318	318	1	16	263	95	96		17.11111
280	9	Re5	D5	327	327	1	16	263	95	96		17.16667
281	9	Mi5b4	E5b4	332	332	1	16	263	95	96		17.22222
282	9	Re5	D5	327	327	1	16	263	95	96		17.27778
283	9	Do5	C5	318	318	1	16	263	95	96		17.33333
284	9	Re5	D5	327	327	1	16	263	95	96		17.38889
285	9	Mi5b4	E5b4	332	332	1	16	263	95	96		17.44444
286	9	Fa5#4	F5#4	344	344	1	16	263	95	96		17.5
287	9	Sol5	G5	349	349	1	16	263	95	96		17.55556
288	9	La5	A5	358	358	1	16	263	95	96		17.61111
289	9	Si5b5	B5b5	362	362	1	16	263	95	96		17.66667
290	9	La5	A5	358	358	1	16	263	95	96		17.72222
291	9	Sol5	G5	349	349	1	16	263	95	96		17.77778
292	9	Fa5#4	F5#4	344	344	1	16	263	95	96		17.83333
293	9	Mi5b4	E5b4	332	332	1	16	263	95	96		17.88889
294	9	Re5	D5	327	327	1	16	263	95	96		17.94444
295	9	Do5	C5	318	318	1	16	263	95	96		18
296	9	Si4b1	B4b1	313	313	1	16	263	95	96		18.05556
297	9	Do5	C5	318	318	1	16	263	95	96		18.11111
298	9	Re5	D5	327	327	1	16	263	95	96		18.16667
299	9	Mi5b4	E5b4	332	332	1	16	263	95	96		18.22222
300	9	Re5	D5	327	327	1	16	263	95	96		18.27778
301	9	Do5	C5	318	318	1	16	263	95	96		18.33333
302	9	Si4b1	B4b1	313	313	1	8	526	95	96		18.44444
303	9	Si4b1	B4b1	313	313	1	16	263	95	96		18.5
304	9	La4	A4	305	305	1	16	263	95	96		18.55556
305	9	Si4b1	B4b1	313	313	1	16	263	95	96		18.61111
306	9	Sol4	G4	296	296	1	16	263	95	96		18.66667
307	9	La4	A4	305	305	1	16	263	95	96		18.72222
308	9	Si4b1	B4b1	313	313	1	16	263	95	96		18.77778
309	9	Do5	C5	318	318	1	16	263	95	96		18.83333
310	9	La4	A4	305	305	1	16	263	95	96		18.88889
311	9	Si4b1	B4b1	313	313	1	16	263	95	96		18.94444
312	9	Sol4	G4	296	296	1	16	263	95	96		19
313	9	La4	A4	305	305	1	8	526	95	96		19.11111
314	9	La4	A4	305	305	1	16	263	95	96		19.16667
315	9	Mi5	E5	336	336	1	16	263	95	96		19.22222
316	9	Re5	D5	327	327	1	8	526	95	96		19.33333
317	9	Do5	C5	318	318	1	16	263	95	96		19.38889
318	9	Si4b1	B4b1	313	313	1	16	263	95	96		19.44444
319	9	Si4b1	B4b1	313	313	1	16	263	95	96		19.5
320	9	La4	A4	305	305	1	16	263	95	96		19.55556
321	9	Sol4	G4	296	296	1	8	526	95	96		19.66667
322	9	La4	A4	305	305	1	16	263	95	96		19.72222
323	9	Si4b1	B4b1	313	313	1	16	263	95	96		19.77778
324	9	Do5	C5	318	318	1	16	263	95	96		19.83333
325	9	La4	A4	305	305	1	16	263	95	96		19.88889
326	9	Si4b1	B4b1	313	313	1	16	263	95	96		19.94444
327	9	Sol4	G4	296	296	1	16	263	95	96		20
328	9	La4	A4	305	305	3	16	789	95	96		20.16667
329	9	Si4b1	B4b1	313	313	1	16	263	95	96		20.22222
330	9	Sol4	G4	296	296	1	16	263	95	96		20.27778
331	9	La4	A4	305	305	1	16	263	95	96		20.33333
332	9	Si4b1	B4b1	313	313	1	16	263	95	96		20.38889
333	9	Do5	C5	318	318	1	16	263	95	96		20.44444
334	9	Re5	D5	327	327	1	16	263	95	96		20.5
335	9	Mi5b4	E5b4	332	332	1	16	263	95	96		20.55556
336	9	Re5	D5	327	327	1	16	263	95	96		20.61111
337	9	Do5	C5	318	318	1	16	263	95	96		20.66667
338	9	Re5	D5	327	327	1	16	263	95	96		20.72222
339	9	Mi5b4	E5b4	332	332	1	16	263	95	96		20.77778
340	9	Fa5#4	F5#4	344	344	1	16	263	95	96		20.83333
341	9	Re5	D5	327	327	1	16	263	95	96		20.88889
342	9	Mi5b4	E5b4	332	332	1	16	263	95	96		20.94444
343	9	Do5	C5	318	318	1	16	263	95	96		21
344	9	Re5	D5	327	327	1	16	263	95	96		21.05556
345	9	Mi5b4	E5b4	332	332	1	16	263	95	96		21.11111
346	9	Re5	D5	327	327	1	16	263	95	96		21.16667
347	9	Do5	C5	318	318	1	16	263	95	96		21.22222
348	9	Si4b1	B4b1	313	313	1	16	263	95	96		21.27778
349	9	La4	A4	305	305	1	16	263	95	96		21.33333
350	9	Si4b1	B4b1	313	313	1	16	263	95	96		21.38889
351	9	Do5	C5	318	318	1	16	263	95	96		21.44444
352	9	Re5	D5	327	327	1	16	263	95	96		21.5
353	9	Mi5b4	E5b4	332	332	1	16	263	95	96		21.55556
354	9	Re5	D5	327	327	1	16	263	95	96		21.61111
355	9	Do5	C5	318	318	1	16	263	95	96		21.66667
356	9	Si4b1	B4b1	313	313	1	8	526	95	96		21.77778
357	9	Si4b1	B4b1	313	313	1	16	263	95	96		21.83333
358	9	La4	A4	305	305	1	16	263	95	96		21.88889
359	9	Si4b1	B4b1	313	313	1	16	263	95	96		21.94444
360	9	Sol4	G4	296	296	1	16	263	95	96		22
361	9	La4	A4	305	305	3	16	789	95	96		22.16667
362	9	Si4b1	B4b1	313	313	1	16	263	95	96		22.22222
363	9	Sol4	G4	296	296	1	16	263	95	96		22.27778
364	9	La4	A4	305	305	1	16	263	95	96		22.33333
365	9	Si4b1	B4b1	313	313	1	16	263	95	96		22.38889
366	9	Do5	C5	318	318	1	16	263	95	96		22.44444
367	9	Re5	D5	327	327	1	16	263	95	96		22.5
368	9	Mi5b4	E5b4	332	332	1	16	263	95	96		22.55556
369	9	Re5	D5	327	327	1	16	263	95	96		22.61111
370	9	Do5	C5	318	318	1	16	263	95	96		22.66667
371	9	Re5	D5	327	327	1	16	263	95	96		22.72222
372	9	Mi5b4	E5b4	332	332	1	16	263	95	96		22.77778
373	9	Fa5#4	F5#4	344	344	1	16	263	95	96		22.83333
374	9	Sol5	G5	349	349	1	16	263	95	96		22.88889
375	9	La5	A5	358	358	1	16	263	95	96		22.94444
376	9	Si5b5	B5b5	362	362	1	16	263	95	96		23
377	9	La5	A5	358	358	1	16	263	95	96		23.05556
378	9	Sol5	G5	349	349	1	16	263	95	96		23.11111
379	9	Fa5#4	F5#4	344	344	1	16	263	95	96		23.16667
380	9	Mi5b4	E5b4	332	332	1	16	263	95	96		23.22222
381	9	Re5	D5	327	327	1	16	263	95	96		23.27778
382	9	Do5	C5	318	318	1	16	263	95	96		23.33333
383	9	Si4b1	B4b1	313	313	1	16	263	95	96		23.38889
384	9	Do5	C5	318	318	1	16	263	95	96		23.44444
385	9	Re5	D5	327	327	1	16	263	95	96		23.5
386	9	Mi5b4	E5b4	332	332	1	16	263	95	96		23.55556
387	9	Re5	D5	327	327	1	16	263	95	96		23.61111
388	9	Do5	C5	318	318	1	16	263	95	96		23.66667
389	9	Si4b1	B4b1	313	313	1	8	526	95	96		23.77778
390	9	Si4b1	B4b1	313	313	1	16	263	95	96		23.83333
391	9	La4	A4	305	305	1	16	263	95	96		23.88889
392	9	Si4b1	B4b1	313	313	1	16	263	95	96		23.94444
393	9	Sol4	G4	296	296	1	16	263	95	96		24
394	9	La4	A4	305	305	3	16	789	95	96		24.16667
395	9	Mi5b4	E5b4	332	332	1	16	263	95	96		24.22222
396	9	Mi5b4	E5b4	332	332	1	16	263	95	96		24.27778
397	9	Re5	D5	327	327	1	16	263	95	96		24.33333
398	9	Mi5b4	E5b4	332	332	1	16	263	95	96		24.38889
399	9	Do5	C5	318	318	1	16	263	95	96		24.44444
400	9	Mi5b4	E5b4	332	332	1	16	263	95	96		24.5
401	9	Re5	D5	327	327	1	16	263	95	96		24.55556
402	9	Mi5b4	E5b4	332	332	1	16	263	95	96		24.61111
403	9	Do5	C5	318	318	1	16	263	95	96		24.66667
404	9	Re5	D5	327	327	1	16	263	95	96		24.72222
405	9	Mi5b4	E5b4	332	332	1	16	263	95	96		24.77778
406	9	Fa5#4	F5#4	344	344	1	16	263	95	96		24.83333
407	9	Re5	D5	327	327	1	16	263	95	96		24.88889
408	9	Mi5b4	E5b4	332	332	1	16	263	95	96		24.94444
409	9	Do5	C5	318	318	1	16	263	95	96		25
410	9	Re5	D5	327	327	1	16	263	95	96		25.05556
411	9	Mi5b4	E5b4	332	332	1	16	263	95	96		25.11111
412	9	Re5	D5	327	327	1	16	263	95	96		25.16667
413	9	Do5	C5	318	318	1	16	263	95	96		25.22222
414	9	Si4b1	B4b1	313	313	1	16	263	95	96		25.27778
415	9	La4	A4	305	305	1	16	263	95	96		25.33333
416	9	Si4b1	B4b1	313	313	1	16	263	95	96		25.38889
417	9	Do5	C5	318	318	1	16	263	95	96		25.44444
418	9	Re5	D5	327	327	1	16	263	95	96		25.5
419	9	Mi5b4	E5b4	332	332	1	16	263	95	96		25.55556
420	9	Re5	D5	327	327	1	16	263	95	96		25.61111
421	9	Do5	C5	318	318	1	16	263	95	96		25.66667
422	9	Si4b1	B4b1	313	313	1	8	526	95	96		25.77778
423	9	Si4b1	B4b1	313	313	1	16	263	95	96		25.83333
424	9	La4	A4	305	305	1	16	263	95	96		25.88889
425	9	Si4b1	B4b1	313	313	1	16	263	95	96		25.94444
426	9	Sol4	G4	296	296	1	16	263	95	96		26
427	9	La4	A4	305	305	3	16	789	95	96		26.16667
428	9	Si4b1	B4b1	313	313	1	16	263	95	96		26.22222
429	9	Sol4	G4	296	296	1	16	263	95	96		26.27778
430	9	La4	A4	305	305	1	16	263	95	96		26.33333
431	9	Si4b1	B4b1	313	313	1	16	263	95	96		26.38889
432	9	Do5	C5	318	318	1	16	263	95	96		26.44444
433	9	Re5	D5	327	327	1	16	263	95	96		26.5
434	9	Mi5b4	E5b4	332	332	1	16	263	95	96		26.55556
435	9	Re5	D5	327	327	1	16	263	95	96		26.61111
436	9	Do5	C5	318	318	1	16	263	95	96		26.66667
437	9	Re5	D5	327	327	1	16	263	95	96		26.72222
438	9	Mi5b4	E5b4	332	332	1	16	263	95	96		26.77778
439	9	Fa5#4	F5#4	344	344	1	16	263	95	96		26.83333
440	9	Sol5	G5	349	349	1	16	263	95	96		26.88889
441	9	La5	A5	358	358	1	16	263	95	96		26.94444
442	9	Si5b5	B5b5	362	362	1	16	263	95	96		27
443	9	La5	A5	358	358	1	16	263	95	96		27.05556
444	9	Sol5	G5	349	349	1	16	263	95	96		27.11111
445	9	Fa5#4	F5#4	344	344	1	16	263	95	96		27.16667
446	9	Mi5b4	E5b4	332	332	1	16	263	95	96		27.22222
447	9	Re5	D5	327	327	1	16	263	95	96		27.27778
448	9	Do5	C5	318	318	1	16	263	95	96		27.33333
449	9	Si4b1	B4b1	313	313	1	16	263	95	96		27.38889
450	9	Do5	C5	318	318	1	16	263	95	96		27.44444
451	9	Re5	D5	327	327	1	16	263	95	96		27.5
452	9	Mi5b4	E5b4	332	332	1	16	263	95	96		27.55556
453	9	Re5	D5	327	327	1	16	263	95	96		27.61111
454	9	Do5	C5	318	318	1	16	263	95	96		27.66667
455	9	Si4b1	B4b1	313	313	1	8	526	95	96		27.77778
456	9	Si4b1	B4b1	313	313	1	16	263	95	96		27.83333
457	9	La4	A4	305	305	1	16	263	95	96		27.88889
458	9	Si4b1	B4b1	313	313	1	16	263	95	96		27.94444
459	9	Sol4	G4	296	296	1	16	263	95	96		28
460	9	La4	A4	305	305	3	8	1579	95	96		28.33333
461	9	Si4b1	B4b1	313	313	1	16	263	95	96		28.38889
462	9	Do5	C5	318	318	1	16	263	95	96		28.44444
463	9	La4	A4	305	305	1	4	1053	95	96		28.66667
464	9	Mi5b4	E5b4	332	332	1	8	526	95	96		28.77778
465	9	Mi5b4	E5b4	332	332	1	8	526	95	96		28.88889
466	9	Mi5b4	E5b4	332	332	1	8	526	95	96		29
467	9	Mi5b4	E5b4	332	332	3	16	789	95	96		29.16667
468	9	Re5	D5	327	327	1	16	263	95	96		29.22222
469	9	Mi5b4	E5b4	332	332	1	16	263	95	96		29.27778
470	9	Re5	D5	327	327	1	16	263	95	96		29.33333
471	9	Do5	C5	318	318	1	8	526	95	96		29.44444
472	9	Re5	D5	327	327	1	8	526	95	96		29.55556
473	8	Fa5#4	F5#4	344	344	1	8	526	95	96		29.66667
474	9	Mi5b4	E5b4	332	332	1	16	263	95	96		29.72222
475	9	Re5	D5	327	327	1	16	263	95	96		29.77778
476	9	Re5	D5	327	327	1	4	1053	95	96		30
477	9	Re5	D5	327	327	1	16	263	95	96		30.05556
478	9	Do5	C5	318	318	1	16	263	95	96		30.11111
479	9	Re5	D5	327	327	1	8	526	95	96		30.22222
480	9	Mi5b4	E5b4	332	332	1	4	1053	95	96		30.44444
481	9	Re5	D5	327	327	1	16	263	95	96		30.5
482	9	Do5	C5	318	318	1	16	263	95	96		30.55556
483	9	Do5	C5	318	318	1	4	1053	95	96		30.77778
484	9	Mi5b4	E5b4	332	332	1	4	1053	95	96		31
485	9	Re5	D5	327	327	1	8	526	95	96		31.11111
486	9	Mi5b4	E5b4	332	332	1	16	263	95	96		31.16667
487	9	Re5	D5	327	327	1	16	263	95	96		31.22222
488	9	Do5	C5	318	318	1	8	526	95	96		31.33333
489	9	Re5	D5	327	327	1	8	526	95	96		31.44444
490	8	Fa5#4	F5#4	344	344	1	8	526	95	96		31.55556
491	9	Mi5b4	E5b4	332	332	1	16	263	95	96		31.61111
492	9	Re5	D5	327	327	1	16	263	95	96		31.66667
493	9	Re5	D5	327	327	1	4	1053	95	96		31.88889
494	9	Re5	D5	327	327	1	16	263	95	96		31.94444
495	9	Mi5b4	E5b4	332	332	1	16	263	95	96		32
496	9	Re5	D5	327	327	1	16	263	95	96		32.05556
497	9	Mi5b4	E5b4	332	332	1	16	263	95	96		32.11111
498	9	Re5	D5	327	327	1	16	263	95	96		32.16667
499	9	Do5	C5	318	318	1	16	263	95	96		32.22222
500	9	Re5	D5	327	327	1	8	526	95	96		32.33333
501	9	Mi5b4	E5b4	332	332	1	4	1053	95	96		32.55556
502	9	Re5	D5	327	327	1	16	263	95	96		32.61111
503	9	Do5	C5	318	318	1	16	263	95	96		32.66667
504	9	Do5	C5	318	318	1	4	1053	95	96		32.88889
505	9	Mi5b4	E5b4	332	332	1	4	1053	95	96		33.11111
506	9	Re5	D5	327	327	1	8	526	95	96		33.22222
507	9	Mi5b4	E5b4	332	332	1	16	263	95	96		33.27778
508	9	Re5	D5	327	327	1	16	263	95	96		33.33333
509	9	Do5	C5	318	318	1	8	526	95	96		33.44444
510	9	Re5	D5	327	327	1	8	526	95	96		33.55556
511	8	Fa5#4	F5#4	344	344	1	8	526	95	96		33.66667
512	9	Mi5b4	E5b4	332	332	1	16	263	95	96		33.72222
513	9	Re5	D5	327	327	1	16	263	95	96		33.77778
514	9	Re5	D5	327	327	1	4	1053	95	96		34
515	9	Re5	D5	327	327	1	16	263	95	96		34.05556
516	9	Mi5b4	E5b4	332	332	1	16	263	95	96		34.11111
517	9	Re5	D5	327	327	1	16	263	95	96		34.16667
518	9	Mi5b4	E5b4	332	332	1	16	263	95	96		34.22222
519	9	Re5	D5	327	327	1	16	263	95	96		34.27778
520	9	Do5	C5	318	318	1	16	263	95	96		34.33333
521	9	Re5	D5	327	327	1	8	526	95	96		34.44444
522	9	Mi5b4	E5b4	332	332	1	4	1053	95	96		34.66667
523	9	Re5	D5	327	327	1	16	263	95	96		34.72222
524	9	Do5	C5	318	318	1	16	263	95	96		34.77778
525	9	Si4b1	B4b1	313	313	1	16	263	95	96		34.83333
526	9	La4	A4	305	305	1	16	263	95	96		34.88889
527	9	Sol4	G4	296	296	1	8	526	95	96		35
528	9	La4	A4	305	305	1	4	1053	95	96		35.22222
529	9	Si4b1	B4b1	313	313	1	8	526	95	96		35.33333
530	9	Do5	C5	318	318	1	8	526	95	96		35.44444
531	9	Si4b1	B4b1	313	313	1	16	263	95	96		35.5
532	9	Do5	C5	318	318	1	16	263	95	96		35.55556
533	9	Re5	D5	327	327	1	4	1053	95	96		35.77778
534	9	Do5	C5	318	318	1	8	526	95	96		35.88889
535	9	Si4b1	B4b1	313	313	1	16	263	95	96		35.94444
536	9	Do5	C5	318	318	1	16	263	95	96		36
537	9	Re5	D5	327	327	1	4	1053	95	96		36.22222
538	9	Re5	D5	327	327	1	16	263	95	96		36.27778
539	9	Do5	C5	318	318	1	16	263	95	96		36.33333
540	9	Re5	D5	327	327	1	16	263	95	96		36.38889
541	9	Mi5b4	E5b4	332	332	1	8	526	95	96		36.5
542	9	Re5	D5	327	327	1	16	263	95	96		36.55556
543	9	Re5	D5	327	327	1	16	263	95	96		36.61111
544	9	Do5	C5	318	318	1	16	263	95	96		36.66667
545	9	Do5	C5	318	318	1	16	263	95	96		36.72222
546	9	Si4b1	B4b1	313	313	1	16	263	95	96		36.77778
547	9	Do5	C5	318	318	1	4	1053	95	96		37
548	9	Re5	D5	327	327	1	8	526	95	96		37.11111
549	9	Mi5b4	E5b4	332	332	1	8	526	95	96		37.22222
550	9	Mi5b4	E5b4	332	332	1	16	263	95	96		37.27778
551	9	Re5	D5	327	327	1	16	263	95	96		37.33333
552	9	Mi5b4	E5b4	332	332	1	16	263	95	96		37.38889
553	9	Re5	D5	327	327	1	16	263	95	96		37.44444
554	9	Do5	C5	318	318	1	8	526	95	96		37.55556
555	9	Re5	D5	327	327	1	8	526	95	96		37.66667
556	9	Mi5b4	E5b4	332	332	1	16	263	95	96		37.72222
557	9	Re5	D5	327	327	1	16	263	95	96		37.77778
558	9	Re5	D5	327	327	1	16	263	95	96		37.83333
559	9	Do5	C5	318	318	1	16	263	95	96		37.88889
560	9	Do5	C5	318	318	1	16	263	95	96		37.94444
561	9	Si4b1	B4b1	313	313	1	16	263	95	96		38
562	9	Do5	C5	318	318	1	4	1053	95	96		38.22222
563	9	Si4b1	B4b1	313	313	1	8	526	95	96		38.33333
564	9	Si4b1	B4b1	313	313	1	16	263	95	96		38.38889
565	9	Do5	C5	318	318	1	16	263	95	96		38.44444
566	9	Re5	D5	327	327	1	4	1053	95	96		38.66667
567	9	Do5	C5	318	318	1	16	263	95	96		38.72222
568	9	Si4b1	B4b1	313	313	1	16	263	95	96		38.77778
569	9	Si4b1	B4b1	313	313	1	16	263	95	96		38.83333
570	9	La4	A4	305	305	1	16	263	95	96		38.88889
571	9	Sol4	G4	296	296	1	8	526	95	96		39
572	9	La4	A4	305	305	1	4	1053	95	96		39.22222
573	9	Si4b1	B4b1	313	313	1	8	526	95	96		39.33333
574	9	Do5	C5	318	318	1	8	526	95	96		39.44444
575	9	Si4b1	B4b1	313	313	1	16	263	95	96		39.5
576	9	Do5	C5	318	318	1	16	263	95	96		39.55556
577	9	Re5	D5	327	327	1	4	1053	95	96		39.77778
578	9	Do5	C5	318	318	1	8	526	95	96		39.88889
579	9	Si4b1	B4b1	313	313	1	16	263	95	96		39.94444
580	9	Do5	C5	318	318	1	16	263	95	96		40
581	9	Re5	D5	327	327	1	8	526	95	96		40.11111
582	9	Mi5b4	E5b4	332	332	1	8	526	95	96		40.22222
583	9	Fa5#4	F5#4	344	344	1	8	526	95	96		40.33333
584	9	Re5	D5	327	327	1	8	526	95	96		40.44444
585	9	Mi5b4	E5b4	332	332	1	16	263	95	96		40.5
586	9	Re5	D5	327	327	1	16	263	95	96		40.55556
587	9	Re5	D5	327	327	1	16	263	95	96		40.61111
588	9	Do5	C5	318	318	1	16	263	95	96		40.66667
589	9	Do5	C5	318	318	1	16	263	95	96		40.72222
590	9	Si4b1	B4b1	313	313	1	16	263	95	96		40.77778
591	9	Do5	C5	318	318	1	4	1053	95	96		41
592	9	Fa5#4	F5#4	344	344	1	8	526	95	96		41.11111
593	9	Sol5	G5	349	349	1	8	526	95	96		41.22222
594	9	La5	A5	358	358	1	8	526	95	96		41.33333
595	9	Si5b5	B5b5	362	362	1	8	526	95	96		41.44444
596	9	La5	A5	358	358	1	16	263	95	96		41.5
597	9	Sol5	G5	349	349	1	16	263	95	96		41.55556
598	9	Sol5	G5	349	349	1	16	263	95	96		41.61111
599	9	Fa5#4	F5#4	344	344	1	16	263	95	96		41.66667
600	9	Mi5b5	E5b5	331	331	1	16	263	95	96		41.72222
601	9	Re5	D5	327	327	1	16	263	95	96		41.77778
602	9	Re5	D5	327	327	1	16	263	95	96		41.83333
603	9	Do5	C5	318	318	1	16	263	95	96		41.88889
604	9	Do5	C5	318	318	1	16	263	95	96		41.94444
605	9	Si4b1	B4b1	313	313	1	16	263	95	96		42
606	9	Do5	C5	318	318	1	4	1053	95	96		42.22222
607	9	Si4b1	B4b1	313	313	1	8	526	95	96		42.33333
608	9	Si4b1	B4b1	313	313	1	16	263	95	96		42.38889
609	9	La4	A4	305	305	1	16	263	95	96		42.44444
610	9	Si4b1	B4b1	313	313	1	16	263	95	96		42.5
611	9	Do5	C5	318	318	1	16	263	95	96		42.55556
612	9	Si4b1	B4b1	313	313	1	16	263	95	96		42.61111
613	9	La4	A4	305	305	1	16	263	95	96		42.66667
614	9	Sol4	G4	296	296	1	8	526	95	96		42.77778
615	9	La4	A4	305	305	1	4	1053	95	96		43
616	9	Re5	D5	327	327	1	8	526	95	96		43.11111
617	9	Mi5	E5	336	336	1	8	526	95	96		43.22222
618	9	Fa5	F5	340	340	1	16	263	95	96		43.27778
619	9	Sol5	G5	349	349	1	16	263	95	96		43.33333
620	9	Mi5	E5	336	336	1	16	263	95	96		43.38889
621	9	Fa5	F5	340	340	1	16	263	95	96		43.44444
622	9	Mi5	E5	336	336	1	16	263	95	96		43.5
623	9	Re5	D5	327	327	1	16	263	95	96		43.55556
624	9	Mi5	E5	336	336	1	16	263	95	96		43.61111
625	9	Re5	D5	327	327	1	16	263	95	96		43.66667
626	9	Do5	C5	318	318	1	16	263	95	96		43.72222
627	9	Si4b1	B4b1	313	313	1	16	263	95	96		43.77778
628	9	Do5	C5	318	318	1	8	526	95	96		43.88889
629	9	Do5	C5	318	318	1	8	526	95	96		44
630	9	Re5	D5	327	327	1	8	526	95	96		44.11111
631	9	Mi5	E5	336	336	1	8	526	95	96		44.22222
632	9	Fa5	F5	340	340	1	16	263	95	96		44.27778
633	9	Sol5	G5	349	349	1	16	263	95	96		44.33333
634	9	Mi5b4	E5b4	332	332	1	16	263	95	96		44.38889
635	9	Fa5	F5	340	340	1	16	263	95	96		44.44444
636	9	Mi5b4	E5b4	332	332	1	16	263	95	96		44.5
637	9	Re5	D5	327	327	1	16	263	95	96		44.55556
638	9	Mi5b4	E5b4	332	332	1	16	263	95	96		44.61111
639	9	Re5	D5	327	327	1	16	263	95	96		44.66667
640	9	Do5	C5	318	318	1	16	263	95	96		44.72222
641	9	Si4b1	B4b1	313	313	1	16	263	95	96		44.77778
642	9	Do5	C5	318	318	1	8	526	95	96		44.88889
643	9	Do5	C5	318	318	1	8	526	95	96		45
644	9	Re5	D5	327	327	1	8	526	95	96		45.11111
645	9	Mi5b4	E5b4	332	332	1	8	526	95	96		45.22222
646	9	Fa5	F5	340	340	1	16	263	95	96		45.27778
647	9	Sol5	G5	349	349	1	16	263	95	96		45.33333
648	9	Mi5b4	E5b4	332	332	1	16	263	95	96		45.38889
649	9	Fa5	F5	340	340	1	16	263	95	96		45.44444
650	9	Mi5b4	E5b4	332	332	1	16	263	95	96		45.5
651	9	Re5	D5	327	327	1	16	263	95	96		45.55556
652	9	Do5	C5	318	318	1	8	526	95	96		45.66667
653	9	Si4b1	B4b1	313	313	1	16	263	95	96		45.72222
654	9	Do5	C5	318	318	1	16	263	95	96		45.77778
655	9	Re5	D5	327	327	1	16	263	95	96		45.83333
656	9	Mi5b4	E5b4	332	332	1	16	263	95	96		45.88889
657	9	Re5	D5	327	327	1	16	263	95	96		45.94444
658	9	Do5	C5	318	318	1	16	263	95	96		46
659	9	Si4b1	B4b1	313	313	1	8	526	95	96		46.11111
660	9	Si4b1	B4b1	313	313	1	16	263	95	96		46.16667
661	9	La4	A4	305	305	1	16	263	95	96		46.22222
662	9	Si4b1	B4b1	313	313	1	16	263	95	96		46.27778
663	9	Sol4	G4	296	296	1	16	263	95	96		46.33333
664	9	La4	A4	305	305	3	16	789	95	96		46.5
665	9	Si4b1	B4b1	313	313	1	16	263	95	96		46.55556
666	9	Sol4	G4	296	296	1	16	263	95	96		46.61111
667	9	La4	A4	305	305	1	16	263	95	96		46.66667
668	9	Si4b1	B4b1	313	313	1	16	263	95	96		46.72222
669	9	Do5	C5	318	318	1	16	263	95	96		46.77778
670	9	Re5	D5	327	327	1	16	263	95	96		46.83333
671	9	Mi5b4	E5b4	332	332	1	16	263	95	96		46.88889
672	9	Re5	D5	327	327	1	16	263	95	96		46.94444
673	9	Do5	C5	318	318	1	16	263	95	96		47
674	9	Re5	D5	327	327	1	16	263	95	96		47.05556
675	9	Mi5b4	E5b4	332	332	1	16	263	95	96		47.11111
676	9	Fa5#4	F5#4	344	344	1	16	263	95	96		47.16667
677	9	Re5	D5	327	327	1	16	263	95	96		47.22222
678	9	Mi5b4	E5b4	332	332	1	16	263	95	96		47.27778
679	9	Do5	C5	318	318	1	16	263	95	96		47.33333
680	9	Re5	D5	327	327	1	16	263	95	96		47.38889
681	9	Mi5b4	E5b4	332	332	1	16	263	95	96		47.44444
682	9	Re5	D5	327	327	1	16	263	95	96		47.5
683	9	Do5	C5	318	318	1	16	263	95	96		47.55556
684	9	Si4b1	B4b1	313	313	1	16	263	95	96		47.61111
685	9	La4	A4	305	305	1	16	263	95	96		47.66667
686	9	Si4b1	B4b1	313	313	1	16	263	95	96		47.72222
687	9	Do5	C5	318	318	1	16	263	95	96		47.77778
688	9	Re5	D5	327	327	1	16	263	95	96		47.83333
689	9	Mi5b4	E5b4	332	332	1	16	263	95	96		47.88889
690	9	Re5	D5	327	327	1	16	263	95	96		47.94444
691	9	Do5	C5	318	318	1	16	263	95	96		48
692	9	Si4b1	B4b1	313	313	1	8	526	95	96		48.11111
693	9	Si4b1	B4b1	313	313	1	16	263	95	96		48.16667
694	9	La4	A4	305	305	1	16	263	95	96		48.22222
695	9	Si4b1	B4b1	313	313	1	16	263	95	96		48.27778
696	9	Sol4	G4	296	296	1	16	263	95	96		48.33333
697	9	La4	A4	305	305	3	16	789	95	96		48.5
698	9	Si4b1	B4b1	313	313	1	16	263	95	96		48.55556
699	9	Sol4	G4	296	296	1	16	263	95	96		48.61111
700	9	La4	A4	305	305	1	16	263	95	96		48.66667
701	9	Si4b1	B4b1	313	313	1	16	263	95	96		48.72222
702	9	Do5	C5	318	318	1	16	263	95	96		48.77778
703	9	Re5	D5	327	327	1	16	263	95	96		48.83333
704	9	Mi5b4	E5b4	332	332	1	16	263	95	96		48.88889
705	9	Re5	D5	327	327	1	16	263	95	96		48.94444
706	9	Do5	C5	318	318	1	16	263	95	96		49
707	9	Re5	D5	327	327	1	16	263	95	96		49.05556
708	9	Mi5b4	E5b4	332	332	1	16	263	95	96		49.11111
709	9	Fa5#4	F5#4	344	344	1	16	263	95	96		49.16667
710	9	Re5	D5	327	327	1	16	263	95	96		49.22222
711	9	Mi5b4	E5b4	332	332	1	16	263	95	96		49.27778
712	9	Do5	C5	318	318	1	16	263	95	96		49.33333
713	9	Re5	D5	327	327	1	16	263	95	96		49.38889
714	9	Mi5b4	E5b4	332	332	1	16	263	95	96		49.44444
715	9	Re5	D5	327	327	1	16	263	95	96		49.5
716	9	Do5	C5	318	318	1	16	263	95	96		49.55556
717	9	Si4b1	B4b1	313	313	1	16	263	95	96		49.61111
718	9	La4	A4	305	305	1	16	263	95	96		49.66667
719	9	Si4b1	B4b1	313	313	1	16	263	95	96		49.72222
720	9	Do5	C5	318	318	1	16	263	95	96		49.77778
721	9	Re5	D5	327	327	1	16	263	95	96		49.83333
722	9	Mi5b4	E5b4	332	332	1	16	263	95	96		49.88889
723	9	Re5	D5	327	327	1	16	263	95	96		49.94444
724	9	Do5	C5	318	318	1	16	263	95	96		50
725	9	Si4b1	B4b1	313	313	1	8	526	95	96		50.11111
726	9	Si4b1	B4b1	313	313	1	16	263	95	96		50.16667
727	9	La4	A4	305	305	1	16	263	95	96		50.22222
728	9	Si4b1	B4b1	313	313	1	16	263	95	96		50.27778
729	9	Sol4	G4	296	296	1	16	263	95	96		50.33333
730	9	La4	A4	305	305	3	16	789	95	96		50.5
731	9	Si4b1	B4b1	313	313	1	16	263	95	96		50.55556
732	9	Sol4	G4	296	296	1	16	263	95	96		50.61111
733	9	La4	A4	305	305	1	16	263	95	96		50.66667
734	9	Si4b1	B4b1	313	313	1	16	263	95	96		50.72222
735	9	Do5	C5	318	318	1	16	263	95	96		50.77778
736	9	Re5	D5	327	327	1	16	263	95	96		50.83333
737	9	Mi5b4	E5b4	332	332	1	16	263	95	96		50.88889
738	9	Re5	D5	327	327	1	16	263	95	96		50.94444
739	9	Do5	C5	318	318	1	16	263	95	96		51
740	9	Re5	D5	327	327	1	16	263	95	96		51.05556
741	9	Mi5b4	E5b4	332	332	1	16	263	95	96		51.11111
742	9	Fa5#4	F5#4	344	344	1	16	263	95	96		51.16667
743	9	Sol5	G5	349	349	1	16	263	95	96		51.22222
744	9	La5	A5	358	358	1	16	263	95	96		51.27778
745	9	Si5b5	B5b5	362	362	1	16	263	95	96		51.33333
746	9	La5	A5	358	358	1	16	263	95	96		51.38889
747	9	Sol5	G5	349	349	1	16	263	95	96		51.44444
748	9	Fa5#4	F5#4	344	344	1	16	263	95	96		51.5
749	9	Mi5b4	E5b4	332	332	1	16	263	95	96		51.55556
750	9	Re5	D5	327	327	1	16	263	95	96		51.61111
751	9	Do5	C5	318	318	1	16	263	95	96		51.66667
752	9	Si4b1	B4b1	313	313	1	16	263	95	96		51.72222
753	9	Do5	C5	318	318	1	16	263	95	96		51.77778
754	9	Re5	D5	327	327	1	16	263	95	96		51.83333
755	9	Mi5b4	E5b4	332	332	1	16	263	95	96		51.88889
756	9	Re5	D5	327	327	1	16	263	95	96		51.94444
757	9	Do5	C5	318	318	1	16	263	95	96		52
758	9	Si4b1	B4b1	313	313	1	8	526	95	96		52.11111
759	9	Si4b1	B4b1	313	313	1	16	263	95	96		52.16667
760	9	La4	A4	305	305	1	16	263	95	96		52.22222
761	9	Si4b1	B4b1	313	313	1	16	263	95	96		52.27778
762	9	Sol4	G4	296	296	1	16	263	95	96		52.33333
763	9	La4	A4	305	305	3	16	789	95	96		52.5
764	9	Si4b1	B4b1	313	313	1	16	263	95	96		52.55556
765	9	Sol4	G4	296	296	1	16	263	95	96		52.61111
766	9	La4	A4	305	305	1	16	263	95	96		52.66667
767	9	Si4b1	B4b1	313	313	1	16	263	95	96		52.72222
768	9	Do5	C5	318	318	1	16	263	95	96		52.77778
769	9	Re5	D5	327	327	1	16	263	95	96		52.83333
770	9	Mi5b4	E5b4	332	332	1	16	263	95	96		52.88889
771	9	Re5	D5	327	327	1	16	263	95	96		52.94444
772	9	Do5	C5	318	318	1	16	263	95	96		53
773	9	Re5	D5	327	327	1	16	263	95	96		53.05556
774	9	Mi5b4	E5b4	332	332	1	16	263	95	96		53.11111
775	9	Fa5#4	F5#4	344	344	1	16	263	95	96		53.16667
776	9	Sol5	G5	349	349	1	16	263	95	96		53.22222
777	9	La5	A5	358	358	1	16	263	95	96		53.27778
778	9	Si5b5	B5b5	362	362	1	16	263	95	96		53.33333
779	9	La5	A5	358	358	1	16	263	95	96		53.38889
780	9	Sol5	G5	349	349	1	16	263	95	96		53.44444
781	9	Fa5#4	F5#4	344	344	1	16	263	95	96		53.5
782	9	Mi5b4	E5b4	332	332	1	16	263	95	96		53.55556
783	9	Re5	D5	327	327	1	16	263	95	96		53.61111
784	9	Do5	C5	318	318	1	16	263	95	96		53.66667
785	9	Si4b1	B4b1	313	313	1	16	263	95	96		53.72222
786	9	Do5	C5	318	318	1	16	263	95	96		53.77778
787	9	Re5	D5	327	327	1	16	263	95	96		53.83333
788	9	Mi5b4	E5b4	332	332	1	16	263	95	96		53.88889
789	9	Re5	D5	327	327	1	16	263	95	96		53.94444
790	9	Do5	C5	318	318	1	16	263	95	96		54
791	9	Si4b1	B4b1	313	313	1	8	526	95	96		54.11111
792	9	Si4b1	B4b1	313	313	1	16	263	95	96		54.16667
793	9	La4	A4	305	305	1	16	263	95	96		54.22222
794	9	Si4b1	B4b1	313	313	1	16	263	95	96		54.27778
795	9	Sol4	G4	296	296	1	16	263	95	96		54.33333
