Sira	Kod	Nota53	NotaAE	Koma53	KomaAE	Pay	Payda	Ms	LNS	Bas	Soz1	Offset
1	9	Re5	D5	327	327	1	8	500	95	96	ARANAÐME	0.125
2	9	Sol5	G5	349	349	1	8	500	95	96	.	0.25
3	9	Fa5#5	F5#5	345	345	1	16	250	95	96	.	0.3125
4	9	Sol5	G5	349	349	1	16	250	95	96	.	0.375
5	9	La5	A5	358	358	1	8	500	95	96	.	0.5
6	9	La5	A5	358	358	1	16	250	95	96	.	0.5625
7	9	Si5	B5	367	367	1	16	250	95	96	.	0.625
8	9	Do6	C6	371	371	1	16	250	95	96	.	0.6875
9	9	Si5	B5	367	367	1	16	250	95	96	.	0.75
10	9	La5	A5	358	358	1	16	250	95	96	.	0.8125
11	9	Sol5	G5	349	349	1	16	250	95	96	.	0.875
12	9	Fa5#5	F5#5	345	345	1	16	250	95	96	.	0.9375
13	9	Mi5	E5	336	336	1	16	250	95	96	.	1
14	9	Re5	D5	327	327	1	8	500	95	96	.	1.125
15	9	Sol5	G5	349	349	1	8	500	95	96	.	1.25
16	9	Fa5#5	F5#5	345	345	1	16	250	95	96	.	1.3125
17	9	Sol5	G5	349	349	1	16	250	95	96	.	1.375
18	9	La5	A5	358	358	1	16	250	95	96	.	1.4375
19	9	Si5	B5	367	367	1	16	250	95	96	.	1.5
20	9	La5	A5	358	358	1	16	250	95	96	.	1.5625
21	9	Sol5	G5	349	349	1	16	250	95	96	.	1.625
22	9	Fa5	F5	340	340	1	16	250	95	96	.	1.6875
23	9	Mi5	E5	336	336	1	16	250	95	96	.	1.75
24	9	Re5	D5	327	327	1	16	250	95	96	.	1.8125
25	9	Do5	C5	318	318	1	16	250	95	96	.	1.875
26	9	Si4	B4	314	314	1	16	250	95	96	.	1.9375
27	9	La4	A4	305	305	1	16	250	95	96	.	2
28	9	Sol4	G4	296	296	1	8	500	95	96	.	2.125
29	9	Sol5	G5	349	349	1	8	500	95	96	.	2.25
30	9	Fa5#5	F5#5	345	345	1	16	250	95	96	.	2.3125
31	9	Sol5	G5	349	349	1	16	250	95	96	.	2.375
32	9	La5	A5	358	358	1	8	500	95	96	.	2.5
33	9	La5	A5	358	358	1	16	250	95	96	.	2.5625
34	9	Si5	B5	367	367	1	16	250	95	96	.	2.625
35	9	Do6	C6	371	371	1	16	250	95	96	.	2.6875
36	9	Si5	B5	367	367	1	16	250	95	96	.	2.75
37	9	La5	A5	358	358	1	16	250	95	96	.	2.8125
38	9	Sol5	G5	349	349	1	16	250	95	96	.	2.875
39	9	Fa5#5	F5#5	345	345	1	16	250	95	96	.	2.9375
40	9	Mi5	E5	336	336	1	16	250	95	96	.	3
41	9	Re5	D5	327	327	1	8	500	95	96	.	3.125
42	9	Sol5	G5	349	349	1	8	500	95	96	.	3.25
43	9	Fa5#5	F5#5	345	345	1	16	250	95	96	.	3.3125
44	9	Sol5	G5	349	349	1	16	250	95	96	.	3.375
45	9	La5	A5	358	358	1	16	250	95	96	.	3.4375
46	9	Si5	B5	367	367	1	16	250	95	96	.	3.5
47	9	La5	A5	358	358	1	16	250	95	96	.	3.5625
48	9	Sol5	G5	349	349	1	16	250	95	96	.	3.625
49	9	Fa5#5	F5#5	345	345	1	16	250	95	96	.	3.6875
50	9	La5	A5	358	358	1	16	250	95	96	.	3.75
51	9	Sol5	G5	349	349	1	4	1000	95	96	.	4
52	9	Sol5	G5	349	349	1	16	250	95	96	.	4.0625
53	9	Fa5#5	F5#5	345	345	1	16	250	95	96	.	4.125
54	9	Sol5	G5	349	349	1	8	500	95	96	.	4.25
55	9	Do5	C5	318	318	1	8	500	95	96	.	4.375
56	9	Mi5	E5	336	336	1	8	500	95	96	.	4.5
57	9	Re5	D5	327	327	1	16	250	95	96	.	4.5625
58	9	Do5#4	C5#4	322	322	1	16	250	95	96	.	4.625
59	9	Re5	D5	327	327	1	16	250	95	96	.	4.6875
60	9	Re5#4	D5#4	331	331	1	16	250	95	96	.	4.75
61	9	Mi5	E5	336	336	1	16	250	95	96	.	4.8125
62	9	Fa5#5	F5#5	345	345	1	16	250	95	96	.	4.875
63	9	Sol5	G5	349	349	1	8	500	95	96	.	5
64	9	Do5	C5	318	318	1	8	500	95	96	.	5.125
65	9	Mi5	E5	336	336	1	8	500	95	96	.	5.25
66	9	Re5	D5	327	327	1	16	250	95	96	.	5.3125
67	9	Do5#4	C5#4	322	322	1	16	250	95	96	.	5.375
68	9	Re5	D5	327	327	1	8	500	95	96	.	5.5
69	9	La4	A4	305	305	1	16	250	95	96	.	5.5625
70	9	Si4	B4	314	314	1	16	250	95	96	.	5.625
71	9	Do5	C5	318	318	1	16	250	95	96	.	5.6875
72	9	Do5#4	C5#4	322	322	1	16	250	95	96	.	5.75
73	9	Re5	D5	327	327	1	16	250	95	96	.	5.8125
74	9	Do5#4	C5#4	322	322	1	16	250	95	96	.	5.875
75	9	Re5	D5	327	327	1	8	500	95	96	.	6
76	9	Sol4	G4	296	296	1	16	250	95	96	.	6.0625
77	9	Fa4#5	F4#5	292	292	1	16	250	95	96	.	6.125
78	9	Sol4	G4	296	296	1	16	250	95	96	.	6.1875
79	9	La4	A4	305	305	1	16	250	95	96	.	6.25
80	9	Si4	B4	314	314	1	16	250	95	96	.	6.3125
81	9	Do5	C5	318	318	1	16	250	95	96	.	6.375
82	9	Re5	D5	327	327	1	16	250	95	96	.	6.4375
83	9	Mi5	E5	336	336	1	16	250	95	96	.	6.5
84	9	Fa5	F5	340	340	1	16	250	95	96	.	6.5625
85	9	Mi5	E5	336	336	1	16	250	95	96	.	6.625
86	9	Re5	D5	327	327	1	16	250	95	96	.	6.6875
87	9	Do5	C5	318	318	1	16	250	95	96	.	6.75
88	9	Si4	B4	314	314	1	8	500	95	96	.	6.875
89	9	Re5	D5	327	327	1	8	500	95	96	.	7
90	9	Si4	B4	314	314	1	24	167	95	96	.	7.041667
91	9	La4	A4	305	305	1	24	167	95	96	.	7.083333
92	9	Si4	B4	314	314	1	24	167	95	96	.	7.125
93	9	Do5	C5	318	318	1	8	500	95	96	.	7.25
94	9	La4	A4	305	305	1	24	167	95	96	.	7.291667
95	9	Sol4	G4	296	296	1	24	167	95	96	.	7.333333
96	9	La4	A4	305	305	1	24	167	95	96	.	7.375
97	9	Si4	B4	314	314	1	8	500	95	96	.	7.5
98	9	La4	A4	305	305	1	16	250	95	96	.	7.5625
99	9	Sol4	G4	296	296	1	16	250	95	96	.	7.625
100	9	Fa4#5	F4#5	292	292	1	16	250	95	96	.	7.6875
101	9	La4	A4	305	305	1	16	250	95	96	.	7.75
102	9	Sol4	G4	296	296	1	4	1000	95	96	.	8
103	52			0	0	1	8	0	120	0		8.125
104	9	Re5	D5	327	327	1	8	500	95	96	ARANAÐME	8.25
105	9	Sol5	G5	349	349	1	8	500	95	96	.	8.375
106	9	Fa5#5	F5#5	345	345	1	16	250	95	96	.	8.4375
107	9	Sol5	G5	349	349	1	16	250	95	96	.	8.5
108	9	La5	A5	358	358	1	8	500	95	96	.	8.625
109	9	La5	A5	358	358	1	16	250	95	96	.	8.6875
110	9	Si5	B5	367	367	1	16	250	95	96	.	8.75
111	9	Do6	C6	371	371	1	16	250	95	96	.	8.8125
112	9	Si5	B5	367	367	1	16	250	95	96	.	8.875
113	9	La5	A5	358	358	1	16	250	95	96	.	8.9375
114	9	Sol5	G5	349	349	1	16	250	95	96	.	9
115	9	Fa5#5	F5#5	345	345	1	16	250	95	96	.	9.0625
116	9	Mi5	E5	336	336	1	16	250	95	96	.	9.125
117	9	Re5	D5	327	327	1	8	500	95	96	.	9.25
118	9	Sol5	G5	349	349	1	8	500	95	96	.	9.375
119	9	Fa5#5	F5#5	345	345	1	16	250	95	96	.	9.4375
120	9	Sol5	G5	349	349	1	16	250	95	96	.	9.5
121	9	La5	A5	358	358	1	16	250	95	96	.	9.5625
122	9	Si5	B5	367	367	1	16	250	95	96	.	9.625
123	9	La5	A5	358	358	1	16	250	95	96	.	9.6875
124	9	Sol5	G5	349	349	1	16	250	95	96	.	9.75
125	9	Fa5	F5	340	340	1	16	250	95	96	.	9.8125
126	9	Mi5	E5	336	336	1	16	250	95	96	.	9.875
127	9	Re5	D5	327	327	1	16	250	95	96	.	9.9375
128	9	Do5	C5	318	318	1	16	250	95	96	.	10
129	9	Si4	B4	314	314	1	16	250	95	96	.	10.0625
130	9	La4	A4	305	305	1	16	250	95	96	.	10.125
131	9	Sol4	G4	296	296	1	8	500	95	96	.	10.25
132	9	Sol5	G5	349	349	1	8	500	95	96	.	10.375
133	9	Fa5#5	F5#5	345	345	1	16	250	95	96	.	10.4375
134	9	Sol5	G5	349	349	1	16	250	95	96	.	10.5
135	9	La5	A5	358	358	1	8	500	95	96	.	10.625
136	9	La5	A5	358	358	1	16	250	95	96	.	10.6875
137	9	Si5	B5	367	367	1	16	250	95	96	.	10.75
138	9	Do6	C6	371	371	1	16	250	95	96	.	10.8125
139	9	Si5	B5	367	367	1	16	250	95	96	.	10.875
140	9	La5	A5	358	358	1	16	250	95	96	.	10.9375
141	9	Sol5	G5	349	349	1	16	250	95	96	.	11
142	9	Fa5#5	F5#5	345	345	1	16	250	95	96	.	11.0625
143	9	Mi5	E5	336	336	1	16	250	95	96	.	11.125
144	9	Re5	D5	327	327	1	8	500	95	96	.	11.25
145	9	Sol5	G5	349	349	1	8	500	95	96	.	11.375
146	9	Fa5#5	F5#5	345	345	1	16	250	95	96	.	11.4375
147	9	Sol5	G5	349	349	1	16	250	95	96	.	11.5
148	9	La5	A5	358	358	1	16	250	95	96	.	11.5625
149	9	Si5	B5	367	367	1	16	250	95	96	.	11.625
150	9	La5	A5	358	358	1	16	250	95	96	.	11.6875
151	9	Sol5	G5	349	349	1	16	250	95	96	.	11.75
152	9	Fa5#5	F5#5	345	345	1	16	250	95	96	.	11.8125
153	9	La5	A5	358	358	1	16	250	95	96	.	11.875
154	9	Sol5	G5	349	349	1	4	1000	95	96	.	12.125
155	9	Sol5	G5	349	349	1	16	250	95	96	.	12.1875
156	9	Fa5#5	F5#5	345	345	1	16	250	95	96	.	12.25
157	9	Sol5	G5	349	349	1	8	500	95	96	.	12.375
158	9	Do5	C5	318	318	1	8	500	95	96	.	12.5
159	9	Mi5	E5	336	336	1	8	500	95	96	.	12.625
160	9	Re5	D5	327	327	1	16	250	95	96	.	12.6875
161	9	Do5#4	C5#4	322	322	1	16	250	95	96	.	12.75
162	9	Re5	D5	327	327	1	16	250	95	96	.	12.8125
163	9	Re5#4	D5#4	331	331	1	16	250	95	96	.	12.875
164	9	Mi5	E5	336	336	1	16	250	95	96	.	12.9375
165	9	Fa5#5	F5#5	345	345	1	16	250	95	96	.	13
166	9	Sol5	G5	349	349	1	8	500	95	96	.	13.125
167	9	Do5	C5	318	318	1	8	500	95	96	.	13.25
168	9	Mi5	E5	336	336	1	8	500	95	96	.	13.375
169	9	Re5	D5	327	327	1	16	250	95	96	.	13.4375
170	9	Do5#4	C5#4	322	322	1	16	250	95	96	.	13.5
171	9	Re5	D5	327	327	1	8	500	95	96	.	13.625
172	9	La4	A4	305	305	1	16	250	95	96	.	13.6875
173	9	Si4	B4	314	314	1	16	250	95	96	.	13.75
174	9	Do5	C5	318	318	1	16	250	95	96	.	13.8125
175	9	Do5#4	C5#4	322	322	1	16	250	95	96	.	13.875
176	9	Re5	D5	327	327	1	16	250	95	96	.	13.9375
177	9	Do5#4	C5#4	322	322	1	16	250	95	96	.	14
178	9	Re5	D5	327	327	1	8	500	95	96	.	14.125
179	9	Sol4	G4	296	296	1	16	250	95	96	.	14.1875
180	9	Fa4#5	F4#5	292	292	1	16	250	95	96	.	14.25
181	9	Sol4	G4	296	296	1	16	250	95	96	.	14.3125
182	9	La4	A4	305	305	1	16	250	95	96	.	14.375
183	9	Si4	B4	314	314	1	16	250	95	96	.	14.4375
184	9	Do5	C5	318	318	1	16	250	95	96	.	14.5
185	9	Re5	D5	327	327	1	16	250	95	96	.	14.5625
186	9	Mi5	E5	336	336	1	16	250	95	96	.	14.625
187	9	Fa5	F5	340	340	1	16	250	95	96	.	14.6875
188	9	Mi5	E5	336	336	1	16	250	95	96	.	14.75
189	9	Re5	D5	327	327	1	16	250	95	96	.	14.8125
190	9	Do5	C5	318	318	1	16	250	95	96	.	14.875
191	9	Si4	B4	314	314	1	8	500	95	96	.	15
192	9	Re5	D5	327	327	1	8	500	95	96	.	15.125
193	9	Si4	B4	314	314	1	24	167	95	96	.	15.16667
194	9	La4	A4	305	305	1	24	167	95	96	.	15.20833
195	9	Si4	B4	314	314	1	24	167	95	96	.	15.25
196	9	Do5	C5	318	318	1	8	500	95	96	.	15.375
197	9	La4	A4	305	305	1	24	167	95	96	.	15.41667
198	9	Sol4	G4	296	296	1	24	167	95	96	.	15.45833
199	9	La4	A4	305	305	1	24	167	95	96	.	15.5
200	9	Si4	B4	314	314	1	8	500	95	96	.	15.625
201	9	La4	A4	305	305	1	16	250	95	96	.	15.6875
202	9	Sol4	G4	296	296	1	16	250	95	96	.	15.75
203	9	Fa4#5	F4#5	292	292	1	16	250	95	96	.	15.8125
204	9	La4	A4	305	305	1	16	250	95	96	.	15.875
205	9	Sol4	G4	296	296	1	4	1000	95	96	.	16.125
206	9			-1	-1	1	8	500	100	0		16.25
207	9	Sol5	G5	349	349	1	16	250	99	96	Sen	16.3125
208	9	Fa5#5	F5#5	345	345	1	16	250	99	96		16.375
209	9	Mi5	E5	336	336	1	8	500	95	96		16.5
210	9	Fa5#5	F5#5	345	345	1	8	500	95	96	le 	16.625
211	9	Sol5	G5	349	349	1	8	500	99	96	dur	16.75
212	9	La5	A5	358	358	1	16	250	99	96		16.8125
213	9	Sol5	G5	349	349	1	16	250	95	96		16.875
214	9	Sol5	G5	349	349	1	4	1000	95	96	mak 	17.125
215	9			-1	-1	1	8	500	100	0		17.25
216	10	La5	A5	358	358	1	4	1000	99	96	derd 	17.5
217	8	Si5	B5	367	367	0	0	0	99	96		17.5
218	9	La5	A5	358	358	1	16	250	99	96		17.5625
219	9	Sol5	G5	349	349	1	16	250	95	96		17.625
220	7	Sol5	G5	349	349	3	16	750	99	96	nâk 	17.8125
221	9	Fa5#3	F5#4	343	344	1	16	250	95	96		17.875
222	9	Fa5#1	F5#1	341	341	1	16	250	99	96	ey	17.9375
223	9	Mi5	E5	336	336	1	16	250	99	96		18
224	9	Re5	D5	327	327	1	4	1000	95	96		18.25
225	9	Do6	C6	371	371	1	4	1000	99	96	ler 	18.5
226	9	Do6	C6	371	371	1	16	250	99	96		18.5625
227	9	Si5	B5	367	367	1	16	250	99	96		18.625
228	9	Si5b1	B5b1	366	366	3	16	750	99	96		18.8125
229	9	La5	A5	358	358	1	16	250	99	96		18.875
230	9	Re6	D6	380	380	1	16	250	99	96		18.9375
231	9	Do6#4	C6#4	375	375	1	16	250	99	96		19
232	9	Si5b5	B5b5	362	362	1	16	250	99	96		19.0625
233	9	La5	A5	358	358	1	16	250	99	96		19.125
234	9	Sol5	G5	349	349	1	8	500	99	96		19.25
235	9	Si5b1	B5b1	366	366	1	32	125	99	96		19.28125
236	9	La5	A5	358	358	1	32	125	99	96		19.3125
237	9	Si5b1	B5b1	366	366	1	32	125	99	96		19.34375
238	9	Do6	C6	371	371	1	32	125	99	96		19.375
239	9	Si5b1	B5b1	366	366	1	16	250	99	96		19.4375
240	9	La5	A5	358	358	1	16	250	95	96		19.5
241	9	La5	A5	358	358	1	16	250	99	96	be	19.5625
242	9	Sol5	G5	349	349	1	16	250	95	96		19.625
243	9	Sol5	G5	349	349	3	16	750	95	96	ni  	19.8125
244	9	Re5	D5	327	327	1	16	250	95	96	SAZ	19.875
245	9	Mi5	E5	336	336	1	16	250	95	96	.	19.9375
246	9	Fa5#5	F5#5	345	345	1	16	250	95	96	.	20
247	9	Sol5	G5	349	349	1	8	500	95	96	.	20.125
248	9			-1	-1	1	8	500	100	0		20.25
249	9	Sol5	G5	349	349	1	16	250	99	96	Sen	20.3125
250	9	Fa5#5	F5#5	345	345	1	16	250	99	96		20.375
251	9	Mi5	E5	336	336	1	8	500	95	96		20.5
252	9	Fa5#5	F5#5	345	345	1	8	500	95	96	le 	20.625
253	9	Sol5	G5	349	349	1	8	500	99	96	dur	20.75
254	9	La5	A5	358	358	1	16	250	99	96		20.8125
255	9	Sol5	G5	349	349	1	16	250	95	96		20.875
256	9	Sol5	G5	349	349	1	4	1000	95	96	mak 	21.125
257	9			-1	-1	1	8	500	100	0		21.25
258	10	La5	A5	358	358	1	4	1000	99	96	derd 	21.5
259	8	Si5	B5	367	367	0	0	0	99	96		21.5
260	9	La5	A5	358	358	1	16	250	99	96		21.5625
261	9	Sol5	G5	349	349	1	16	250	95	96		21.625
262	7	Sol5	G5	349	349	3	16	750	99	96	nâk 	21.8125
263	9	Fa5#3	F5#4	343	344	1	16	250	95	96		21.875
264	9	Fa5#1	F5#1	341	341	1	16	250	99	96	ey	21.9375
265	9	Mi5	E5	336	336	1	16	250	99	96		22
266	9	Re5	D5	327	327	1	4	1000	95	96		22.25
267	9	Do6	C6	371	371	1	4	1000	99	96	ler 	22.5
268	9	Do6	C6	371	371	1	16	250	99	96		22.5625
269	9	Si5	B5	367	367	1	16	250	99	96		22.625
270	9	Si5b1	B5b1	366	366	3	16	750	99	96		22.8125
271	9	La5	A5	358	358	1	16	250	99	96		22.875
272	9	Re6	D6	380	380	1	16	250	99	96		22.9375
273	9	Do6#4	C6#4	375	375	1	16	250	99	96		23
274	9	Si5b5	B5b5	362	362	1	16	250	99	96		23.0625
275	9	La5	A5	358	358	1	16	250	99	96		23.125
276	9	Sol5	G5	349	349	1	8	500	99	96		23.25
277	9	Si5b1	B5b1	366	366	1	32	125	99	96		23.28125
278	9	La5	A5	358	358	1	32	125	99	96		23.3125
279	9	Si5b1	B5b1	366	366	1	32	125	99	96		23.34375
280	9	Do6	C6	371	371	1	32	125	99	96		23.375
281	9	Si5b1	B5b1	366	366	1	16	250	99	96		23.4375
282	9	La5	A5	358	358	1	16	250	95	96		23.5
283	9	La5	A5	358	358	1	16	250	99	96	be	23.5625
284	9	Sol5	G5	349	349	1	16	250	95	96		23.625
285	9	Sol5	G5	349	349	3	16	750	95	96	ni  	23.8125
286	9	Re5	D5	327	327	1	16	250	95	96	SAZ	23.875
287	9	Mi5	E5	336	336	1	16	250	95	96	.	23.9375
288	9	Fa5#5	F5#5	345	345	1	16	250	95	96	.	24
289	9	Sol5	G5	349	349	1	8	500	95	96	.	24.125
290	9			-1	-1	1	8	500	100	0		24.25
291	9	Sol5	G5	349	349	1	4	1000	95	96	Sen	24.5
292	9	Fa5	F5	340	340	1	16	250	99	96	den_	24.5625
293	9	Mi5	E5	336	336	1	16	250	95	96		24.625
294	9	Mi5	E5	336	336	1	16	250	99	96	ay	24.6875
295	9	Re5	D5	327	327	1	16	250	99	96		24.75
296	9	Re5	D5	327	327	1	16	250	99	96		24.8125
297	9	Do5	C5	318	318	1	16	250	95	96		24.875
298	9	Mi5	E5	336	336	1	32	125	99	96	rýl	24.90625
299	9	Fa5#5	F5#5	345	345	1	32	125	99	96		24.9375
300	9	Mi5	E5	336	336	1	32	125	99	96		24.96875
301	9	Re5	D5	327	327	1	32	125	99	96		25
302	9	Mi5	E5	336	336	1	4	1000	95	96		25.25
303	9	Re5	D5	327	327	1	16	250	99	96	mak 	25.3125
304	9	Mi5	E5	336	336	1	16	250	99	96		25.375
305	9	Fa5	F5	340	340	1	8	500	50	96		25.5
306	9	Mi5	E5	336	336	1	16	250	99	96	he	25.5625
307	9	Re5	D5	327	327	1	16	250	95	96		25.625
308	9	Re5	D5	327	327	1	16	250	99	96	lâk 	25.6875
309	9	Do5	C5	318	318	1	16	250	99	96		25.75
310	9	Do5	C5	318	318	1	16	250	99	96		25.8125
311	9	Si4	B4	314	314	1	16	250	95	96		25.875
312	9	Si4	B4	314	314	1	32	125	99	96	ey	25.90625
313	9	Do5	C5	318	318	1	32	125	99	96		25.9375
314	9	Si4	B4	314	314	1	32	125	99	96		25.96875
315	9	La4	A4	305	305	1	32	125	99	96		26
316	9	Si4	B4	314	314	1	4	1000	95	96		26.25
317	9	La4	A4	305	305	1	4	1000	99	96	ler 	26.5
318	9	La4	A4	305	305	1	16	250	99	96		26.5625
319	9	Sol4	G4	296	296	1	16	250	99	96		26.625
320	9	Sol4	G4	296	296	3	16	750	99	96		26.8125
321	9	Re5	D5	327	327	1	16	250	99	96		26.875
322	9	Re5	D5	327	327	1	16	250	99	96		26.9375
323	9	Do5#4	C5#4	322	322	1	16	250	99	96		27
324	9	Si4b5	B4b5	309	309	1	16	250	99	96		27.0625
325	9	La4	A4	305	305	1	16	250	99	96		27.125
326	9	Sol4	G4	296	296	1	8	500	99	96		27.25
327	9	Si4	B4	314	314	1	32	125	99	96		27.28125
328	9	La4	A4	305	305	1	32	125	99	96		27.3125
329	9	Si4	B4	314	314	1	32	125	99	96		27.34375
330	9	Do5	C5	318	318	1	32	125	99	96		27.375
331	9	Si4	B4	314	314	1	16	250	99	96		27.4375
332	9	La4	A4	305	305	1	16	250	95	66		27.5
333	9	La4	A4	305	305	1	16	250	99	68	be	27.5625
334	9	Sol4	G4	296	296	1	16	250	95	71		27.625
335	9	Sol4	G4	296	296	1	16	250	95	73	ni  	27.6875
336	9	La4	A4	305	305	1	16	250	95	76	SAZ	27.75
337	9	Si4	B4	314	314	1	16	250	95	78	.	27.8125
338	9	Do5	C5	318	318	1	16	250	95	96	.	27.875
339	9	Re5	D5	327	327	1	16	250	95	96	.	27.9375
340	9	Mi5	E5	336	336	1	16	250	95	96	.	28
341	9	Fa5	F5	340	340	1	16	250	95	96	.	28.0625
342	9	Sol5	G5	349	349	1	16	250	95	96	.	28.125
343	9			-1	-1	1	8	500	100	0		28.25
344	9	Sol5	G5	349	349	1	4	1000	95	96	Sen	28.5
345	9	Fa5	F5	340	340	1	16	250	99	96	den_	28.5625
346	9	Mi5	E5	336	336	1	16	250	95	96		28.625
347	9	Mi5	E5	336	336	1	16	250	99	96	ay	28.6875
348	9	Re5	D5	327	327	1	16	250	99	96		28.75
349	9	Re5	D5	327	327	1	16	250	99	96		28.8125
350	9	Do5	C5	318	318	1	16	250	95	96		28.875
351	9	Mi5	E5	336	336	1	32	125	99	96	rýl	28.90625
352	9	Fa5#5	F5#5	345	345	1	32	125	99	96		28.9375
353	9	Mi5	E5	336	336	1	32	125	99	96		28.96875
354	9	Re5	D5	327	327	1	32	125	99	96		29
355	9	Mi5	E5	336	336	1	4	1000	95	96		29.25
356	9	Re5	D5	327	327	1	16	250	99	96	mak 	29.3125
357	9	Mi5	E5	336	336	1	16	250	99	96		29.375
358	9	Fa5	F5	340	340	1	8	500	50	96		29.5
359	9	Mi5	E5	336	336	1	16	250	99	96	he	29.5625
360	9	Re5	D5	327	327	1	16	250	95	96		29.625
361	9	Re5	D5	327	327	1	16	250	99	96	lâk 	29.6875
362	9	Do5	C5	318	318	1	16	250	99	96		29.75
363	9	Do5	C5	318	318	1	16	250	99	96		29.8125
364	9	Si4	B4	314	314	1	16	250	95	96		29.875
365	9	Si4	B4	314	314	1	32	125	99	96	ey	29.90625
366	9	Do5	C5	318	318	1	32	125	99	96		29.9375
367	9	Si4	B4	314	314	1	32	125	99	96		29.96875
368	9	La4	A4	305	305	1	32	125	99	96		30
369	9	Si4	B4	314	314	1	4	1000	95	96		30.25
370	9	La4	A4	305	305	1	4	1000	99	96	ler 	30.5
371	9	La4	A4	305	305	1	16	250	99	96		30.5625
372	9	Sol4	G4	296	296	1	16	250	99	96		30.625
373	9	Sol4	G4	296	296	3	16	750	99	96		30.8125
374	9	Re5	D5	327	327	1	16	250	99	96		30.875
375	9	Re5	D5	327	327	1	16	250	99	96		30.9375
376	9	Do5#4	C5#4	322	322	1	16	250	99	96		31
377	9	Si4b5	B4b5	309	309	1	16	250	99	96		31.0625
378	9	La4	A4	305	305	1	16	250	99	96		31.125
379	9	Sol4	G4	296	296	1	8	500	99	96		31.25
380	9	Si4b1	B4b1	313	313	1	32	125	99	96		31.28125
381	9	La4	A4	305	305	1	32	125	99	96		31.3125
382	9	Si4b1	B4b1	313	313	1	32	125	99	96		31.34375
383	9	Do5	C5	318	318	1	32	125	99	96		31.375
384	9	Si4b1	B4b1	313	313	1	16	250	99	96		31.4375
385	9	La4	A4	305	305	1	16	250	95	96		31.5
386	9	La4	A4	305	305	1	16	250	99	96	be	31.5625
387	9	Sol4	G4	296	296	1	16	250	95	96		31.625
388	9	Sol4	G4	296	296	3	16	750	95	96	ni  	31.8125
389	9	Do5	C5	318	318	1	16	250	95	84	SAZ	31.875
390	9	Si4b1	B4b1	313	313	1	16	250	95	96	.	31.9375
391	9	Re5	D5	327	327	1	16	250	95	96	.	32
392	9	Do5	C5	318	318	1	8	500	95	96	.	32.125
393	9			-1	-1	1	8	500	100	0		32.25
394	9	Do5	C5	318	318	1	4	1000	95	96	Ah 	32.5
395	9	Re5	D5	327	327	1	8	500	95	96	o 	32.625
396	9	Mi5b3	E5b4	333	332	1	16	250	99	96	a	32.6875
397	9	Re5	D5	327	327	1	16	250	99	96		32.75
398	9	Do5	C5	318	318	1	16	250	99	96		32.8125
399	9	Si4b1	B4b1	313	313	1	16	250	95	96		32.875
400	9	Do5	C5	318	318	1	4	1000	95	96	teþ 	33.125
401	9			-1	-1	1	8	500	100	0		33.25
402	9	Sol5	G5	349	349	1	16	250	99	96	sî	33.3125
403	9	Fa5#5	F5#5	345	345	1	16	250	99	96		33.375
404	9	La5	A5	358	358	1	24	167	99	96		33.41667
405	9	La5	A5	358	358	1	24	167	99	96		33.45833
406	9	Sol5	G5	349	349	1	24	167	95	96		33.5
407	9	Fa5#3	F5#4	343	344	1	16	250	99	96	ne 	33.5625
408	9	Mi5b3	E5b4	333	332	1	16	250	95	96		33.625
409	9	Mi5b3	E5b4	333	332	1	16	250	99	96	çâk 	33.6875
410	9	Re5	D5	327	327	1	16	250	99	96		33.75
411	9	Do5	C5	318	318	1	16	250	99	96		33.8125
412	9	Mi5b3	E5b4	333	332	1	16	250	95	96		33.875
413	9	Re5	D5	327	327	1	4	1000	95	96	ey	34.125
414	9			-1	-1	1	8	500	100	0		34.25
415	9	Do6	C6	371	371	1	4	1000	99	96	ler 	34.5
416	9	Do6	C6	371	371	1	16	250	99	96		34.5625
417	9	Si5	B5	367	367	1	16	250	99	96		34.625
418	9	Si5b1	B5b1	366	366	3	16	750	99	96		34.8125
419	9	La5	A5	358	358	1	16	250	99	96		34.875
420	9	Re6	D6	380	380	1	16	250	99	96		34.9375
421	9	Do6#4	C6#4	375	375	1	16	250	99	96		35
422	9	Si5b5	B5b5	362	362	1	16	250	99	96		35.0625
423	9	La5	A5	358	358	1	16	250	99	96		35.125
424	9	Sol5	G5	349	349	1	8	500	99	96		35.25
425	9	Si5b1	B5b1	366	366	1	32	125	99	96		35.28125
426	9	La5	A5	358	358	1	32	125	99	96		35.3125
427	9	Si5b1	B5b1	366	366	1	32	125	99	96		35.34375
428	9	Do6	C6	371	371	1	32	125	99	96		35.375
429	9	Si5b1	B5b1	366	366	1	16	250	99	96		35.4375
430	9	La5	A5	358	358	1	16	250	95	96		35.5
431	9	La5	A5	358	358	1	16	250	99	96	be	35.5625
432	9	Sol5	G5	349	349	1	16	250	95	96		35.625
433	9	Sol5	G5	349	349	3	16	750	95	96	ni  	35.8125
434	9	Re5	D5	327	327	1	16	250	95	96	SAZ	35.875
435	9	Mi5	E5	336	336	1	16	250	95	96	.	35.9375
436	9	Fa5#5	F5#5	345	345	1	16	250	95	96	.	36
437	9	Sol5	G5	349	349	1	8	500	95	96	.	36.125
438	9			-1	-1	1	8	500	100	0		36.25
439	9	Sol5	G5	349	349	1	4	1000	95	96	Sen	36.5
440	9	Fa5	F5	340	340	1	16	250	99	96	den_	36.5625
441	9	Mi5	E5	336	336	1	16	250	95	96		36.625
442	9	Mi5	E5	336	336	1	16	250	99	96	ay	36.6875
443	9	Re5	D5	327	327	1	16	250	99	96		36.75
444	9	Re5	D5	327	327	1	16	250	99	96		36.8125
445	9	Do5	C5	318	318	1	16	250	95	96		36.875
446	9	Mi5	E5	336	336	1	32	125	99	96	rýl	36.90625
447	9	Fa5#5	F5#5	345	345	1	32	125	99	96		36.9375
448	9	Mi5	E5	336	336	1	32	125	99	96		36.96875
449	9	Re5	D5	327	327	1	32	125	99	96		37
450	9	Mi5	E5	336	336	1	4	1000	95	96		37.25
451	9	Re5	D5	327	327	1	16	250	99	96	mak 	37.3125
452	9	Mi5	E5	336	336	1	16	250	99	96		37.375
453	9	Fa5	F5	340	340	1	8	500	50	96		37.5
454	9	Mi5	E5	336	336	1	16	250	99	96	he	37.5625
455	9	Re5	D5	327	327	1	16	250	95	96		37.625
456	9	Re5	D5	327	327	1	16	250	99	96	lâk 	37.6875
457	9	Do5	C5	318	318	1	16	250	99	96		37.75
458	9	Do5	C5	318	318	1	16	250	99	96		37.8125
459	9	Si4	B4	314	314	1	16	250	95	96		37.875
460	9	Si4	B4	314	314	1	32	125	99	96	ey	37.90625
461	9	Do5	C5	318	318	1	32	125	99	96		37.9375
462	9	Si4	B4	314	314	1	32	125	99	96		37.96875
463	9	La4	A4	305	305	1	32	125	99	96		38
464	9	Si4	B4	314	314	1	4	1000	95	96		38.25
465	9	La4	A4	305	305	1	4	1000	99	96	ler 	38.5
466	9	La4	A4	305	305	1	16	250	99	96		38.5625
467	9	Sol4	G4	296	296	1	16	250	99	96		38.625
468	9	Sol4	G4	296	296	3	16	750	99	96		38.8125
469	9	Re5	D5	327	327	1	16	250	99	96		38.875
470	9	Re5	D5	327	327	1	16	250	99	96		38.9375
471	9	Do5#4	C5#4	322	322	1	16	250	99	96		39
472	9	Si4b5	B4b5	309	309	1	16	250	99	96		39.0625
473	9	La4	A4	305	305	1	16	250	99	96		39.125
474	9	Sol4	G4	296	296	1	8	500	99	96		39.25
475	9	Si4	B4	314	314	1	32	125	99	96		39.28125
476	9	La4	A4	305	305	1	32	125	99	96		39.3125
477	9	Si4	B4	314	314	1	32	125	99	96		39.34375
478	9	Do5	C5	318	318	1	32	125	99	96		39.375
479	9	Si4	B4	314	314	1	16	250	99	96		39.4375
480	9	La4	A4	305	305	1	16	250	95	66		39.5
481	9	La4	A4	305	305	1	16	250	99	68	be	39.5625
482	9	Sol4	G4	296	296	1	16	250	95	71		39.625
483	9	Sol4	G4	296	296	1	16	250	95	73	ni  	39.6875
484	9	La4	A4	305	305	1	16	250	95	76	SAZ	39.75
485	9	Si4	B4	314	314	1	16	250	95	78	.	39.8125
486	9	Do5	C5	318	318	1	16	250	95	96	.	39.875
487	9	Re5	D5	327	327	1	16	250	95	96	.	39.9375
488	9	Mi5	E5	336	336	1	16	250	95	96	.	40
489	9	Fa5	F5	340	340	1	16	250	95	96	.	40.0625
490	9	Sol5	G5	349	349	1	16	250	95	96	.	40.125
491	9			-1	-1	1	8	500	100	0		40.25
492	9	Sol5	G5	349	349	1	4	1000	95	96	Sen	40.5
493	9	Fa5	F5	340	340	1	16	250	99	96	den_	40.5625
494	9	Mi5	E5	336	336	1	16	250	95	96		40.625
495	9	Mi5	E5	336	336	1	16	250	99	96	ay	40.6875
496	9	Re5	D5	327	327	1	16	250	99	96		40.75
497	9	Re5	D5	327	327	1	16	250	99	96		40.8125
498	9	Do5	C5	318	318	1	16	250	95	96		40.875
499	9	Mi5	E5	336	336	1	32	125	99	96	rýl	40.90625
500	9	Fa5#5	F5#5	345	345	1	32	125	99	96		40.9375
501	9	Mi5	E5	336	336	1	32	125	99	96		40.96875
502	9	Re5	D5	327	327	1	32	125	99	96		41
503	9	Mi5	E5	336	336	1	4	1000	95	96		41.25
504	9	Re5	D5	327	327	1	16	250	99	96	mak 	41.3125
505	9	Mi5	E5	336	336	1	16	250	99	96		41.375
506	9	Fa5	F5	340	340	1	8	500	50	96		41.5
507	9	Mi5	E5	336	336	1	16	250	99	96	he	41.5625
508	9	Re5	D5	327	327	1	16	250	95	96		41.625
509	9	Re5	D5	327	327	1	16	250	99	96	lâk 	41.6875
510	9	Do5	C5	318	318	1	16	250	99	96		41.75
511	9	Do5	C5	318	318	1	16	250	99	96		41.8125
512	9	Si4	B4	314	314	1	16	250	95	96		41.875
513	9	Si4	B4	314	314	1	32	125	99	96	ey	41.90625
514	9	Do5	C5	318	318	1	32	125	99	96		41.9375
515	9	Si4	B4	314	314	1	32	125	99	96		41.96875
516	9	La4	A4	305	305	1	32	125	99	96		42
517	9	Si4	B4	314	314	1	4	1000	95	96		42.25
518	9	La4	A4	305	305	1	4	1000	99	96	ler 	42.5
519	9	La4	A4	305	305	1	16	250	99	96		42.5625
520	9	Sol4	G4	296	296	1	16	250	99	96		42.625
521	9	Sol4	G4	296	296	3	16	750	99	96		42.8125
522	9	Re5	D5	327	327	1	16	250	99	96		42.875
523	9	Re5	D5	327	327	1	16	250	99	96		42.9375
524	9	Do5#4	C5#4	322	322	1	16	250	99	96		43
525	9	Si4b5	B4b5	309	309	1	16	250	99	96		43.0625
526	9	La4	A4	305	305	1	16	250	99	96		43.125
527	9	Sol4	G4	296	296	1	8	500	95	96	KARAR	43.25
528	9	Si4b1	B4b1	313	313	1	32	125	95	96	.	43.28125
529	9	La4	A4	305	305	1	32	125	95	96	.	43.3125
530	9	Si4b1	B4b1	313	313	1	32	125	95	96	.	43.34375
531	9	Do5	C5	318	318	1	32	125	95	96	.	43.375
532	9	Si4b1	B4b1	313	313	1	16	250	95	96	.	43.4375
533	9	La4	A4	305	305	1	16	250	95	96	.	43.5
534	9	La4	A4	305	305	1	16	250	99	96	be	43.5625
535	9	Sol4	G4	296	296	1	16	250	95	96		43.625
536	9	Sol4	G4	296	296	1	4	1000	95	96	ni  	43.875
537	9			-1	-1	1	4	1000	100	0		44.125
