Sira	Kod	Nota53	NotaAE	Koma53	KomaAE	Pay	Payda	Ms	LNS	Bas	Soz1	Offset
1	9	Sol5	G5	349	349	1	4	1000	95	96	Mey	0.2857143
2	9	La5	A5	358	358	1	8	500	95	96		0.4285714
3	9	La5	A5	358	358	1	4	1000	99	96	hâ	0.7142857
4	9	La5	A5	358	358	1	16	250	99	96		0.7857143
5	9	Si5b5	B5b5	362	362	1	16	250	99	96		0.8571429
6	9	La5	A5	358	358	1	16	250	99	96		0.9285714
7	9	Sol5	G5	349	349	1	16	250	95	96		1
8	9	La5	A5	358	358	1	16	250	99	96	ne 	1.071429
9	9	Sol5	G5	349	349	1	16	250	99	96		1.142857
10	9	Fa5	F5	340	340	1	8	500	95	96		1.285714
11	9	Sol5	G5	349	349	1	8	500	95	96	ta	1.428571
12	9	La5	A5	358	358	1	2	2000	95	96	rab	2
13	9	Si5b5	B5b5	362	362	1	8	500	99	96	gâh_	2.142857
14	9	La5	A5	358	358	1	8	500	95	96		2.285714
15	9	Sol5	G5	349	349	1	8	500	95	96	ý 	2.428571
16	9	Fa5	F5	340	340	1	4	1000	95	96	mey 	2.714286
17	9	Mi5	E5	336	336	1	4	1000	95	96	i 	3
18	9	Fa5	F5	340	340	1	32	125	99	96	a	3.035714
19	9	Mi5	E5	336	336	1	32	125	99	96		3.071429
20	9	Fa5	F5	340	340	1	32	125	99	96		3.107143
21	9	Sol5	G5	349	349	1	32	125	99	96		3.142857
22	9	Fa5	F5	340	340	1	16	250	99	96		3.214286
23	9	Mi5	E5	336	336	1	16	250	99	96		3.285714
24	9	Re5	D5	327	327	1	16	250	99	96		3.357143
25	9	Do5#4	C5#4	322	322	1	16	250	99	96		3.428571
26	9	Re5	D5	327	327	1	2	2000	95	96		4
27	9	Sol5	G5	349	349	1	4	1000	95	96	þâm_	4.285714
28	9	La5	A5	358	358	1	8	500	95	96	ý 	4.428571
29	9	Si5b5	B5b5	362	362	1	16	250	99	96	ci	4.5
30	9	La5	A5	358	358	1	16	250	99	96		4.571429
31	9	Sol5	G5	349	349	1	8	500	95	96		4.714286
32	9	La5	A5	358	358	1	8	500	99	96	hân	4.857143
33	8	Do6	C6	371	371	0	0	0	99	96		4.857143
34	9	Si5b5	B5b5	362	362	1	16	250	99	96		4.928571
35	9	La5	A5	358	358	1	16	250	95	96		5
36	9	La5	A5	358	358	1	4	1000	95	96	dýr  	5.285714
37	9	Sol5	G5	349	349	1	8	500	95	96	SAZ 	5.428571
38	9	La5	A5	358	358	1	16	250	95	96	.	5.5
39	9	Sol5	G5	349	349	1	16	250	95	96	.	5.571429
40	9	Fa5	F5	340	340	1	16	250	95	96	.	5.642857
41	9	Sol5	G5	349	349	1	16	250	95	96	.	5.714286
42	9	La5	A5	358	358	1	4	1000	95	96	.	6
43	9	La5	A5	358	358	1	8	500	99	96	Pey	6.142857
44	9	Si5b5	B5b5	362	362	1	8	500	99	96		6.285714
45	9	Do6	C6	371	371	1	8	500	95	96		6.428571
46	9	La5	A5	358	358	1	8	500	99	96	ma	6.571429
47	8	Do6	C6	371	371	0	0	0	99	96		6.571429
48	9	Si5b5	B5b5	362	362	1	16	250	99	96		6.642857
49	9	La5	A5	358	358	1	16	250	99	96		6.714286
50	9	Sol5	G5	349	349	1	4	1000	95	96		7
51	9	Fa5	F5	340	340	1	8	500	99	96	ne 	7.142857
52	9	Sol5	G5	349	349	1	8	500	95	96		7.285714
53	9	La5	A5	358	358	1	8	500	95	96	sa	7.428571
54	9	La5	A5	358	358	1	16	250	99	96	fa 	7.5
55	9	Sol5	G5	349	349	1	16	250	99	96		7.571429
56	8	La5	A5	358	358	0	0	0	99	96		7.571429
57	9	Sol5	G5	349	349	1	16	250	99	96		7.642857
58	9	Fa5	F5	340	340	1	16	250	99	96		7.714286
59	9	Fa5	F5	340	340	1	16	250	99	96		7.785714
60	9	Mi5	E5	336	336	1	16	250	99	96		7.857143
61	8	Fa5	F5	340	340	0	0	0	99	96		7.857143
62	9	Mi5	E5	336	336	1	16	250	99	96		7.928571
63	9	Re5	D5	327	327	1	16	250	95	96		8
64	9	Do5	C5	318	318	1	8	500	99	96	bah	8.142858
65	9	Re5	D5	327	327	1	8	500	95	96		8.285714
66	9	Fa5	F5	340	340	1	16	250	99	96	þý 	8.357142
67	9	Mi5	E5	336	336	1	16	250	95	96		8.428572
68	9	Mi5	E5	336	336	1	16	250	99	96	di	8.5
69	9	Re5	D5	327	327	1	16	250	99	96		8.571428
70	8	Mi5	E5	336	336	0	0	0	99	96		8.571428
71	9	Re5	D5	327	327	1	16	250	99	96		8.642858
72	9	Do5	C5	318	318	1	16	250	99	96		8.714286
73	9	Re5	D5	327	327	1	4	1000	95	96		9
74	9	Do5	C5	318	318	1	8	500	99	96	li 	9.142858
75	9	Re5	D5	327	327	1	8	500	99	96		9.285714
76	8	Mi5	E5	336	336	0	0	0	99	96		9.285714
77	9	Re5	D5	327	327	1	16	250	99	96		9.357142
78	9	Do5	C5	318	318	1	16	250	99	96		9.428572
79	9	Do5	C5	318	318	1	16	250	99	96		9.5
80	9	Si4b2	B4b1	312	313	1	16	250	99	96		9.571428
81	9	Si4b2	B4b1	312	313	1	16	250	99	96		9.642858
82	9	La4	A4	305	305	1	16	250	99	96		9.714286
83	9	La4	A4	305	305	3	16	750	99	96		9.928572
84	9	Sol4	G4	296	296	1	16	250	95	96		10
85	9	Mi5	E5	336	336	1	4	1000	99	96	pîr 	10.28571
86	8	Fa5#3	F5#4	343	344	0	0	0	95	96		10.28571
87	9	Mi5	E5	336	336	1	16	250	99	96	ü 	10.35714
88	9	Re5	D5	327	327	1	16	250	95	96		10.42857
89	9	Re5	D5	327	327	1	16	250	99	96	ci	10.5
90	9	Do5	C5	318	318	1	8	500	99	96		10.64286
91	9	Do5	C5	318	318	1	16	250	95	96		10.71429
92	9	Do5	C5	318	318	1	16	250	99	96	vân	10.78571
93	9	Si4b2	B4b1	312	313	1	16	250	99	96		10.85714
94	9	Si4b2	B4b1	312	313	1	16	250	99	96		10.92857
95	9	La4	A4	305	305	1	16	250	95	96		11
96	9	La4	A4	305	305	3	32	375	95	96	dýr  	11.10714
97	9	Si4b2	B4b1	312	313	1	32	125	95	96	SAZ 	11.14286
98	9	Do5	C5	318	318	1	16	250	95	96	.	11.21429
99	9	Re5	D5	327	327	1	16	250	95	96	.	11.28571
100	9	Mi5	E5	336	336	1	16	250	95	96	.	11.35714
101	9	Fa5#3	F5#4	343	344	1	16	250	95	96	.	11.42857
102	9	Sol5	G5	349	349	1	16	250	95	96	.	11.5
103	9	Fa5#3	F5#4	343	344	1	32	125	95	96	.	11.53571
104	9	Mi5	E5	336	336	1	32	125	95	96	.	11.57143
105	9	Fa5#3	F5#4	343	344	1	16	250	95	96	.	11.64286
106	9	Sol5	G5	349	349	1	16	250	95	96	.	11.71429
107	9	La5	A5	358	358	1	4	1000	95	96	.	12
108	52			0	0	1	8	0	120	0		12.14286
109	9	La5	A5	358	358	1	8	500	99	96	Pey	12.28571
110	9	Si5b5	B5b5	362	362	1	8	500	99	96		12.42857
111	9	Do6	C6	371	371	1	8	500	95	96		12.57143
112	9	La5	A5	358	358	1	8	500	99	96	ma	12.71429
113	8	Do6	C6	371	371	0	0	0	99	96		12.71429
114	9	Si5b5	B5b5	362	362	1	16	250	99	96		12.78571
115	9	La5	A5	358	358	1	16	250	99	96		12.85714
116	9	Sol5	G5	349	349	1	4	1000	95	96		13.14286
117	9	Fa5	F5	340	340	1	8	500	99	96	ne 	13.28571
118	9	Sol5	G5	349	349	1	8	500	95	96		13.42857
119	9	La5	A5	358	358	1	8	500	95	96	sa	13.57143
120	9	La5	A5	358	358	1	16	250	99	96	fa 	13.64286
121	9	Sol5	G5	349	349	1	16	250	99	96		13.71429
122	8	La5	A5	358	358	0	0	0	99	96		13.71429
123	9	Sol5	G5	349	349	1	16	250	99	96		13.78571
124	9	Fa5	F5	340	340	1	16	250	99	96		13.85714
125	9	Fa5	F5	340	340	1	16	250	99	96		13.92857
126	9	Mi5	E5	336	336	1	16	250	99	96		14
127	8	Fa5	F5	340	340	0	0	0	99	96		14
128	9	Mi5	E5	336	336	1	16	250	99	96		14.07143
129	9	Re5	D5	327	327	1	16	250	95	96		14.14286
130	9	Do5	C5	318	318	1	8	500	99	96	bah	14.28571
131	9	Re5	D5	327	327	1	8	500	95	96		14.42857
132	9	Fa5	F5	340	340	1	16	250	99	96	þý 	14.5
133	9	Mi5	E5	336	336	1	16	250	95	96		14.57143
134	9	Mi5	E5	336	336	1	16	250	99	96	di	14.64286
135	9	Re5	D5	327	327	1	16	250	99	96		14.71429
136	8	Mi5	E5	336	336	0	0	0	99	96		14.71429
137	9	Re5	D5	327	327	1	16	250	99	96		14.78571
138	9	Do5	C5	318	318	1	16	250	99	96		14.85714
139	9	Re5	D5	327	327	1	4	1000	95	96		15.14286
140	9	Do5	C5	318	318	1	8	500	99	96	li 	15.28571
141	9	Re5	D5	327	327	1	8	500	99	96		15.42857
142	8	Mi5	E5	336	336	0	0	0	99	96		15.42857
143	9	Re5	D5	327	327	1	16	250	99	96		15.5
144	9	Do5	C5	318	318	1	16	250	99	96		15.57143
145	9	Do5	C5	318	318	1	16	250	99	96		15.64286
146	9	Si4b2	B4b1	312	313	1	16	250	99	96		15.71429
147	9	Si4b2	B4b1	312	313	1	16	250	99	96		15.78571
148	9	La4	A4	305	305	1	16	250	99	96		15.85714
149	9	La4	A4	305	305	3	16	750	99	96		16.07143
150	9	Sol4	G4	296	296	1	16	250	95	96		16.14286
151	9	Mi5	E5	336	336	1	4	1000	99	96	pîr 	16.42857
152	8	Fa5#3	F5#4	343	344	0	0	0	95	96		16.42857
153	9	Mi5	E5	336	336	1	16	250	99	96	ü 	16.5
154	9	Re5	D5	327	327	1	16	250	95	96		16.57143
155	9	Re5	D5	327	327	1	16	250	99	96	ci	16.64286
156	9	Do5	C5	318	318	1	8	500	99	96		16.78572
157	9	Do5	C5	318	318	1	16	250	95	96		16.85714
158	9	Do5	C5	318	318	1	16	250	99	96	vân	16.92857
159	9	Si4b2	B4b1	312	313	1	16	250	99	96		17
160	9	Si4b2	B4b1	312	313	1	16	250	99	96		17.07143
161	9	La4	A4	305	305	1	16	250	95	96		17.14286
162	9	La4	A4	305	305	1	4	1000	95	96	dýr  	17.42857
163	9	Do6	C6	371	371	1	8	500	95	96	SAZ 	17.57143
164	9	Do6	C6	371	371	1	16	250	95	96	.	17.64286
165	9	Si5b2	B5b1	365	366	1	16	250	95	96	.	17.71428
166	9	La5	A5	358	358	1	16	250	95	96	.	17.78572
167	9	Si5b2	B5b1	365	366	1	16	250	95	96	.	17.85714
168	9	Do6	C6	371	371	1	4	1000	95	96	.	18.14286
169	9	Si5b2	B5b1	365	366	1	4	1000	99	96	Ver	18.42857
170	9	Re6	D6	380	380	1	8	500	95	96		18.57143
171	9	Do6	C6	371	371	1	16	250	99	96	mez 	18.64286
172	9	Si5b2	B5b1	365	366	1	32	125	99	96		18.67857
173	9	Re6	D6	380	380	1	32	125	99	96		18.71428
174	9	Do6	C6	371	371	1	16	250	99	96		18.78572
175	9	Si5b2	B5b1	365	366	1	16	250	99	96		18.85714
176	9	La5	A5	358	358	1	4	1000	95	96		19.14286
177	9	Si5b2	B5b1	365	366	1	16	250	99	96	fe	19.21428
178	9	La5	A5	358	358	1	16	250	99	96		19.28572
179	9	Si5b2	B5b1	365	366	1	8	500	95	96		19.42857
180	9	Do6	C6	371	371	1	8	500	95	96	le	19.57143
181	9	La5	A5	358	358	1	16	250	99	96	ðe 	19.64286
182	9	Sol5	G5	349	349	1	32	125	99	96		19.67857
183	9	Si5b2	B5b1	365	366	1	32	125	99	96		19.71428
184	9	La5	A5	358	358	1	16	250	99	96		19.78572
185	9	Sol5	G5	349	349	1	16	250	99	96		19.85714
186	9	Fa5#3	F5#4	343	344	1	4	1000	95	96		20.14286
187	9	La5	A5	358	358	1	4	1000	99	96	kû	20.42857
188	9	Sol5	G5	349	349	1	16	250	99	96		20.5
189	9	Fa5#3	F5#4	343	344	1	16	250	99	96		20.57143
190	9	La5	A5	358	358	1	16	250	99	96		20.64286
191	9	Sol5	G5	349	349	1	16	250	99	96		20.71428
192	9	Fa5#3	F5#4	343	344	1	16	250	99	96		20.78572
193	9	Mi5	E5	336	336	1	16	250	99	96		20.85714
194	9	Re5	D5	327	327	1	4	1000	95	96		21.14286
195	9	Sol5	G5	349	349	1	8	500	99	96	þe 	21.28572
196	9	Fa5#3	F5#4	343	344	1	8	500	95	96		21.42857
197	9	Sol5	G5	349	349	1	8	500	95	96	i 	21.57143
198	9	La5	A5	358	358	1	4	1000	99	96	mey	21.85714
199	9	Si5b5	B5b5	362	362	1	16	250	99	96		21.92857
200	9	La5	A5	358	358	1	16	250	99	96		22
201	9	Sol5	G5	349	349	1	8	500	95	96		22.14286
202	9	La5	A5	358	358	1	8	500	99	96	hâ	22.28572
203	9	Si5b2	B5b1	365	366	1	8	500	95	96		22.42857
204	9	Re6	D6	380	380	1	8	500	95	96	ne 	22.57143
205	9	Do6	C6	371	371	3	16	750	99	96	i 	22.78572
206	9	Si5b2	B5b1	365	366	1	16	250	95	96		22.85714
207	9	Si5b2	B5b1	365	366	1	16	250	99	96	rin	22.92857
208	9	La5	A5	358	358	1	16	250	99	96		23
209	8	Do6	C6	371	371	0	0	0	99	96		23
210	9	Si5b2	B5b1	365	366	1	16	250	99	96		23.07143
211	9	La5	A5	358	358	1	16	250	95	96		23.14286
212	9	La5	A5	358	358	1	4	1000	95	96	dân	23.42857
213	9	Sol5	G5	349	349	1	8	500	95	96	SAZ 	23.57143
214	9	La5	A5	358	358	1	16	250	95	96	.	23.64286
215	9	Sol5	G5	349	349	1	16	250	95	96	.	23.71428
216	9	Fa5#3	F5#4	343	344	1	16	250	95	96	.	23.78572
217	9	Sol5	G5	349	349	1	16	250	95	96	.	23.85714
218	9	La5	A5	358	358	1	4	1000	95	96	.	24.14286
219	9	La5	A5	358	358	1	8	500	99	96	Pey	24.28572
220	9	Si5b5	B5b5	362	362	1	8	500	99	96		24.42857
221	9	Do6	C6	371	371	1	8	500	95	96		24.57143
222	9	La5	A5	358	358	1	8	500	99	96	ma	24.71428
223	8	Do6	C6	371	371	0	0	0	99	96		24.71428
224	9	Si5b5	B5b5	362	362	1	16	250	99	96		24.78572
225	9	La5	A5	358	358	1	16	250	99	96		24.85714
226	9	Sol5	G5	349	349	1	4	1000	95	96		25.14286
227	9	Fa5	F5	340	340	1	8	500	99	96	ne 	25.28572
228	9	Sol5	G5	349	349	1	8	500	95	96		25.42857
229	9	La5	A5	358	358	1	8	500	95	96	sa	25.57143
230	9	La5	A5	358	358	1	16	250	99	96	fa 	25.64286
231	9	Sol5	G5	349	349	1	16	250	99	96		25.71428
232	8	La5	A5	358	358	0	0	0	99	96		25.71428
233	9	Sol5	G5	349	349	1	16	250	99	96		25.78572
234	9	Fa5	F5	340	340	1	16	250	99	96		25.85714
235	9	Fa5	F5	340	340	1	16	250	99	96		25.92857
236	9	Mi5	E5	336	336	1	16	250	99	96		26
237	8	Fa5	F5	340	340	0	0	0	99	96		26
238	9	Mi5	E5	336	336	1	16	250	99	96		26.07143
239	9	Re5	D5	327	327	1	16	250	95	96		26.14286
240	9	Do5	C5	318	318	1	8	500	99	96	bah	26.28572
241	9	Re5	D5	327	327	1	8	500	95	96		26.42857
242	9	Fa5	F5	340	340	1	16	250	99	96	þý 	26.5
243	9	Mi5	E5	336	336	1	16	250	95	96		26.57143
244	9	Mi5	E5	336	336	1	16	250	99	96	di	26.64286
245	9	Re5	D5	327	327	1	16	250	99	96		26.71428
246	8	Mi5	E5	336	336	0	0	0	99	96		26.71428
247	9	Re5	D5	327	327	1	16	250	99	96		26.78572
248	9	Do5	C5	318	318	1	16	250	99	96		26.85714
249	9	Re5	D5	327	327	1	4	1000	95	96		27.14286
250	9	Do5	C5	318	318	1	8	500	99	96	li 	27.28572
251	9	Re5	D5	327	327	1	8	500	99	96		27.42857
252	8	Mi5	E5	336	336	0	0	0	99	96		27.42857
253	9	Re5	D5	327	327	1	16	250	99	96		27.5
254	9	Do5	C5	318	318	1	16	250	99	96		27.57143
255	9	Do5	C5	318	318	1	16	250	99	96		27.64286
256	9	Si4b2	B4b1	312	313	1	16	250	99	96		27.71428
257	9	Si4b2	B4b1	312	313	1	16	250	99	96		27.78572
258	9	La4	A4	305	305	1	16	250	99	96		27.85714
259	9	La4	A4	305	305	3	16	750	99	96		28.07143
260	9	Sol4	G4	296	296	1	16	250	95	96		28.14286
261	9	Mi5	E5	336	336	1	4	1000	99	96	pîr 	28.42857
262	8	Fa5#3	F5#4	343	344	0	0	0	95	96		28.42857
263	9	Mi5	E5	336	336	1	16	250	99	96	ü 	28.5
264	9	Re5	D5	327	327	1	16	250	95	96		28.57143
265	9	Re5	D5	327	327	1	16	250	99	96	ci	28.64286
266	9	Do5	C5	318	318	1	8	500	99	96		28.78572
267	9	Do5	C5	318	318	1	16	250	95	96		28.85714
268	9	Do5	C5	318	318	1	16	250	99	96	vân	28.92857
269	9	Si4b2	B4b1	312	313	1	16	250	99	96		29
270	9	Si4b2	B4b1	312	313	1	16	250	99	96		29.07143
271	9	La4	A4	305	305	1	16	250	95	96		29.14286
272	9	La4	A4	305	305	3	32	375	95	96	dýr  	29.25
273	9	Si4b2	B4b1	312	313	1	32	125	95	96	SAZ 	29.28572
274	9	Do5	C5	318	318	1	16	250	95	96	.	29.35714
275	9	Re5	D5	327	327	1	16	250	95	96	.	29.42857
276	9	Mi5	E5	336	336	1	16	250	95	96	.	29.5
277	9	Fa5#3	F5#4	343	344	1	16	250	95	96	.	29.57143
278	9	Sol5	G5	349	349	1	16	250	95	96	.	29.64286
279	9	Fa5#3	F5#4	343	344	1	32	125	95	96	.	29.67857
280	9	Mi5	E5	336	336	1	32	125	95	96	.	29.71428
281	9	Fa5#3	F5#4	343	344	1	16	250	95	96	.	29.78572
282	9	Sol5	G5	349	349	1	16	250	95	96	.	29.85714
283	9	La5	A5	358	358	1	4	1000	95	96	.	30.14286
284	9	La5	A5	358	358	1	8	500	99	96	Pey	30.28572
285	9	Si5b5	B5b5	362	362	1	8	500	99	96		30.42857
286	9	Do6	C6	371	371	1	8	500	95	96		30.57143
287	9	La5	A5	358	358	1	8	500	99	96	ma	30.71428
288	8	Do6	C6	371	371	0	0	0	99	96		30.71428
289	9	Si5b5	B5b5	362	362	1	16	250	99	96		30.78572
290	9	La5	A5	358	358	1	16	250	99	96		30.85714
291	9	Sol5	G5	349	349	1	4	1000	95	96		31.14286
292	9	Fa5	F5	340	340	1	8	500	99	96	ne 	31.28572
293	9	Sol5	G5	349	349	1	8	500	95	96		31.42857
294	9	La5	A5	358	358	1	8	500	95	96	sa	31.57143
295	9	La5	A5	358	358	1	16	250	99	96	fa 	31.64286
296	9	Sol5	G5	349	349	1	16	250	99	96		31.71428
297	8	La5	A5	358	358	0	0	0	99	96		31.71428
298	9	Sol5	G5	349	349	1	16	250	99	96		31.78572
299	9	Fa5	F5	340	340	1	16	250	99	96		31.85714
300	9	Fa5	F5	340	340	1	16	250	99	96		31.92857
301	9	Mi5	E5	336	336	1	16	250	99	96		32
302	8	Fa5	F5	340	340	0	0	0	99	96		32
303	9	Mi5	E5	336	336	1	16	250	99	96		32.07143
304	9	Re5	D5	327	327	1	16	250	95	96		32.14286
305	9	Do5	C5	318	318	1	8	500	99	96	bah	32.28571
306	9	Re5	D5	327	327	1	8	500	95	96		32.42857
307	9	Fa5	F5	340	340	1	16	250	99	96	þý 	32.5
308	9	Mi5	E5	336	336	1	16	250	95	96		32.57143
309	9	Mi5	E5	336	336	1	16	250	99	96	di	32.64286
310	9	Re5	D5	327	327	1	16	250	99	96		32.71429
311	8	Mi5	E5	336	336	0	0	0	99	96		32.71429
312	9	Re5	D5	327	327	1	16	250	99	96		32.78571
313	9	Do5	C5	318	318	1	16	250	99	96		32.85714
314	9	Re5	D5	327	327	1	4	1000	95	96		33.14286
315	9	Do5	C5	318	318	1	8	500	99	96	li 	33.28571
316	9	Re5	D5	327	327	1	8	500	99	96		33.42857
317	8	Mi5	E5	336	336	0	0	0	99	96		33.42857
318	9	Re5	D5	327	327	1	16	250	99	96		33.5
319	9	Do5	C5	318	318	1	16	250	99	96		33.57143
320	9	Do5	C5	318	318	1	16	250	99	96		33.64286
321	9	Si4b2	B4b1	312	313	1	16	250	99	96		33.71429
322	9	Si4b2	B4b1	312	313	1	16	250	99	96		33.78571
323	9	La4	A4	305	305	1	16	250	99	96		33.85714
324	9	La4	A4	305	305	3	16	750	99	96		34.07143
325	9	Sol4	G4	296	296	1	16	250	95	96		34.14286
326	9	Mi5	E5	336	336	1	4	1000	99	96	pîr 	34.42857
327	8	Fa5#3	F5#4	343	344	0	0	0	95	96		34.42857
328	9	Mi5	E5	336	336	1	16	250	99	96	ü 	34.5
329	9	Re5	D5	327	327	1	16	250	95	96		34.57143
330	9	Re5	D5	327	327	1	16	250	99	96	ci	34.64286
331	9	Do5	C5	318	318	1	8	500	99	96		34.78571
332	9	Do5	C5	318	318	1	16	250	95	96		34.85714
333	9	Do5	C5	318	318	1	16	250	99	96	vân	34.92857
334	9	Si4b2	B4b1	312	313	1	16	250	99	96		35
335	9	Si4b2	B4b1	312	313	1	16	250	99	96		35.07143
336	9	La4	A4	305	305	1	16	250	95	96		35.14286
337	9	La4	A4	305	305	1	4	1000	95	96	dýr  	35.42857
338	51			0	0	10	8	0	28	0		35.42857
339	52			0	0	1	8	0	127	83		35.52857
340	9	La4	A4	305	305	3	8	857	95	96	dýr  	35.82857
341	9	Sol5	G5	349	349	1	4	571	95	96	SAZ 	36.02857
342	9	Fa5#3	F5#4	343	344	1	8	286	95	96	.	36.12857
343	9	La5	A5	358	358	1	8	286	95	96	.	36.22857
344	9	Sol5	G5	349	349	1	4	571	95	96	.	36.42857
345	9			-1	-1	1	8	286	100	0		36.52857
346	9	Sol5	G5	349	349	3	8	857	99	96	Ter	36.82857
347	9	Fa5#3	F5#4	343	344	1	4	571	95	96		37.02857
348	9	Sol5	G5	349	349	1	8	286	99	96	ket	37.12857
349	9	Fa5#3	F5#4	343	344	1	8	286	99	96		37.22857
350	9	Sol5	G5	349	349	1	4	571	99	96		37.42857
351	9	Fa5#3	F5#4	343	344	1	8	286	95	96		37.52857
352	9	Sol5	G5	349	349	1	4	571	99	96	me 	37.72857
353	9	Fa5#3	F5#4	343	344	1	8	286	95	96		37.82857
354	9	La5	A5	358	358	1	8	286	99	96	der_	37.92857
355	9	Fa5#3	F5#4	343	344	1	8	286	95	96		38.02857
356	9	Sol5	G5	349	349	1	8	286	99	96	i 	38.12857
357	9	Mi5	E5	336	336	1	8	286	99	96		38.22857
358	9	Mi5	E5	336	336	1	4	571	95	96		38.42857
359	9			-1	-1	1	8	286	100	0		38.52857
360	9	Re5	D5	327	327	3	8	857	99	96	mey	38.82857
361	9	Mi5	E5	336	336	1	4	571	95	96		39.02857
362	9	Mi5	E5	336	336	1	4	571	95	96	de	39.22857
363	9	Mi5	E5	336	336	1	4	571	99	96	yi 	39.42857
364	9	Re5	D5	327	327	1	8	286	95	96		39.52857
365	9	Sol5	G5	349	349	1	4	571	99	96	her 	39.72857
366	9	Fa5#3	F5#4	343	344	1	8	286	95	96		39.82857
367	9	Sol5	G5	349	349	1	4	571	95	96	sö	40.02857
368	9	La5	A5	358	358	1	4	571	95	96	ze 	40.22857
369	9	Do6	C6	371	371	1	8	286	99	96	bak	40.32857
370	9	Si5b2	B5b1	365	366	1	8	286	99	96		40.42857
371	9	La5	A5	358	358	1	8	286	95	96		40.52857
372	9	La5	A5	358	358	3	16	429	99	96	ma  	40.67857
373	9	Sol5	G5	349	349	1	16	143	99	96	SAZ 	40.72857
374	9	Fa5	F5	340	340	1	8	286	99	96	.	40.82857
375	9	Mi5	E5	336	336	1	8	286	99	96	.	40.92857
376	9	Re5	D5	327	327	1	8	286	99	96	.	41.02857
377	9	Do5	C5	318	318	1	8	286	99	96	.	41.12857
378	9	Si4b2	B4b1	312	313	1	8	286	99	96	.	41.22857
379	9	La4	A4	305	305	1	4	571	95	96	.	41.42857
380	9			-1	-1	1	8	286	100	0		41.52857
381	9	Sol5	G5	349	349	3	8	857	99	96	Ter	41.82857
382	9	Fa5#3	F5#4	343	344	1	4	571	95	96		42.02857
383	9	Sol5	G5	349	349	1	8	286	99	96	ket	42.12857
384	9	Fa5#3	F5#4	343	344	1	8	286	99	96		42.22857
385	9	Sol5	G5	349	349	1	4	571	99	96		42.42857
386	9	Fa5#3	F5#4	343	344	1	8	286	95	96		42.52857
387	9	Sol5	G5	349	349	1	4	571	99	96	me 	42.72857
388	9	Fa5#3	F5#4	343	344	1	8	286	95	96		42.82857
389	9	La5	A5	358	358	1	8	286	99	96	der_	42.92857
390	9	Fa5#3	F5#4	343	344	1	8	286	95	96		43.02857
391	9	Sol5	G5	349	349	1	8	286	99	96	i 	43.12857
392	9	Mi5	E5	336	336	1	8	286	99	96		43.22857
393	9	Mi5	E5	336	336	1	4	571	95	96		43.42857
394	9			-1	-1	1	8	286	100	0		43.52857
395	9	Re5	D5	327	327	3	8	857	99	96	mey	43.82857
396	9	Mi5	E5	336	336	1	4	571	95	96		44.02857
397	9	Mi5	E5	336	336	1	4	571	95	96	de	44.22857
398	9	Mi5	E5	336	336	1	4	571	99	96	yi 	44.42857
399	9	Re5	D5	327	327	1	8	286	95	96		44.52857
400	9	Sol5	G5	349	349	1	4	571	99	96	her 	44.72857
401	9	Fa5#3	F5#4	343	344	1	8	286	95	96		44.82857
402	9	Sol5	G5	349	349	1	4	571	95	96	sö	45.02857
403	9	La5	A5	358	358	1	4	571	95	96	ze 	45.22857
404	9	Do6	C6	371	371	1	8	286	99	96	bak	45.32857
405	9	Si5b2	B5b1	365	366	1	8	286	99	96		45.42857
406	9	La5	A5	358	358	1	8	286	95	96		45.52857
407	9	La5	A5	358	358	1	4	571	99	96	ma  	45.72857
408	9	Si5b5	B5b5	362	362	1	8	286	99	96	SAZ 	45.82857
409	9	La5	A5	358	358	1	8	286	99	96	.	45.92857
410	9	Sol5	G5	349	349	1	8	286	99	96	.	46.02857
411	9	Fa5#3	F5#4	343	344	1	8	286	99	96	.	46.12857
412	9	Sol5	G5	349	349	1	8	286	99	96	.	46.22857
413	9	La5	A5	358	358	1	4	571	95	96	.	46.42857
414	9			-1	-1	1	8	286	100	0		46.52857
415	9	Sol5	G5	349	349	3	8	857	99	96	Bî	46.82857
416	9	Sol5	G5	349	349	1	4	571	95	96		47.02857
417	9	Sol5	G5	349	349	1	8	286	99	96	gâ	47.12857
418	9	Fa5#4	F5#4	344	344	1	8	286	99	96		47.22857
419	9	Mi5b4	E5b4	332	332	1	8	286	99	96		47.32857
420	9	Re5	D5	327	327	1	8	286	99	96		47.42857
421	9	Mi5b4	E5b4	332	332	1	8	286	95	96		47.52857
422	9	Fa5#4	F5#4	344	344	1	4	571	99	96	ne	47.72857
423	9	Mi5b4	E5b4	332	332	1	8	286	95	96		47.82857
424	9	Mi5b4	E5b4	332	332	1	8	286	99	96	le	47.92857
425	9	Re5	D5	327	327	1	8	286	95	96		48.02857
426	9	Re5	D5	327	327	1	8	286	99	96	re 	48.12857
427	9	Do5	C5	318	318	1	8	286	99	96		48.22857
428	9	Re5	D5	327	327	1	4	571	95	96		48.42857
429	9			-1	-1	1	8	286	100	0		48.52857
430	9	Do5	C5	318	318	3	8	857	95	96	an	48.82857
431	9	Re5	D5	327	327	1	4	571	95	96	da	49.02857
432	9	Re5	D5	327	327	1	4	571	95	96	ki 	49.22857
433	9	Re5	D5	327	327	1	4	571	99	96	es	49.42857
434	9	Do5	C5	318	318	1	8	286	95	96		49.52857
435	9	La5	A5	358	358	1	4	571	99	96	râr 	49.72857
436	9	Sol5	G5	349	349	1	8	286	99	96		49.82857
437	9	Sol5	G5	349	349	1	8	286	99	96		49.92857
438	9	Fa5#4	F5#4	344	344	1	8	286	95	96		50.02857
439	9	Fa5#4	F5#4	344	344	1	8	286	99	96	ni	50.12857
440	9	Mi5b4	E5b4	332	332	1	8	286	95	96		50.22857
441	9	Mi5b4	E5b4	332	332	1	4	571	99	96	hân	50.42857
442	9	Re5	D5	327	327	1	8	286	95	96		50.52857
443	9	Re5	D5	327	327	1	4	571	99	96	dýr  	50.72857
444	9	Mi5b4	E5b4	332	332	1	8	286	99	96	SAZ 	50.82857
445	9	Re5	D5	327	327	1	8	286	99	96	.	50.92857
446	9	Do5	C5	318	318	1	8	286	99	96	.	51.02857
447	9	Si4b2	B4b1	312	313	1	8	286	99	96	.	51.12857
448	9	Do5	C5	318	318	1	8	286	99	96	.	51.22857
449	9	Re5	D5	327	327	1	4	571	95	96	.	51.42857
450	9			-1	-1	1	8	286	100	0		51.52857
451	9	Re5	D5	327	327	1	8	286	99	96	Bî	51.62857
452	9	Do5	C5	318	318	1	8	286	99	96		51.72857
453	9	Re5	D5	327	327	1	8	286	99	96		51.82857
454	9	Mi5	E5	336	336	1	4	571	95	96		52.02857
455	9	Do5	C5	318	318	1	8	286	99	96	gâ	52.12857
456	9	Si4b2	B4b1	312	313	1	8	286	99	96		52.22857
457	9	Do5	C5	318	318	1	8	286	99	96		52.32857
458	9	Re5	D5	327	327	1	4	571	95	96		52.52857
459	9	Si4b2	B4b1	312	313	1	8	286	99	96	ne	52.62857
460	9	La4	A4	305	305	1	8	286	95	96		52.72857
461	9	Do5	C5	318	318	1	8	286	99	96	le	52.82857
462	9	Si4b2	B4b1	312	313	1	8	286	99	96		52.92857
463	9	La4	A4	305	305	1	8	286	95	96		53.02857
464	9	La4	A4	305	305	1	2	1142	95	96	re 	53.42857
465	9			-1	-1	1	8	286	100	0		53.52857
466	9	Do5	C5	318	318	3	8	857	95	96	an	53.82857
467	9	Re5	D5	327	327	1	4	571	95	96	da	54.02857
468	9	Re5	D5	327	327	1	8	286	99	96	ki 	54.12857
469	9	Do5	C5	318	318	1	8	286	95	96		54.22857
470	9	Si4b2	B4b1	312	313	1	8	286	99	96	es	54.32857
471	9	La4	A4	305	305	1	8	286	99	96		54.42857
472	9	Sol4	G4	296	296	1	8	286	95	96		54.52857
473	9	Mi5	E5	336	336	1	4	571	99	96	râr 	54.72857
474	9	Re5	D5	327	327	1	8	286	99	96		54.82857
475	9	Re5	D5	327	327	1	8	286	99	96		54.92857
476	9	Do5	C5	318	318	1	8	286	95	96		55.02857
477	9	Do5	C5	318	318	1	8	286	99	96	ni	55.12857
478	9	Si4b2	B4b1	312	313	1	8	286	95	96		55.22857
479	9	Si4b2	B4b1	312	313	1	4	571	99	96	hân	55.42857
480	9	La4	A4	305	305	1	8	286	95	96		55.52857
481	9	La4	A4	305	305	1	4	571	99	96	dýr  	55.72857
482	9	Mi5b4	E5b4	332	332	1	8	286	99	96	SAZ 	55.82857
483	9	Re5	D5	327	327	1	8	286	99	96	.	55.92857
484	9	Do5	C5	318	318	1	8	286	99	96	.	56.02857
485	9	Si4b2	B4b1	312	313	1	8	286	99	96	.	56.12857
486	9	Do5	C5	318	318	1	8	286	99	96	.	56.22857
487	9	Re5	D5	327	327	1	4	571	95	96	.	56.42857
488	9			-1	-1	1	8	286	100	0		56.52857
489	9	Do5	C5	318	318	3	8	857	99	96	Ýç 	56.82857
490	9	Re5	D5	327	327	1	4	571	95	96		57.02857
491	9	Re5	D5	327	327	1	8	286	99	96	bâ	57.12857
492	9	Do5	C5	318	318	1	8	286	99	96		57.22857
493	9	Si4b2	B4b1	312	313	1	8	286	99	96		57.32857
494	9	La4	A4	305	305	1	8	286	99	96		57.42857
495	9	Sol4	G4	296	296	1	8	286	95	96		57.52857
496	9	Do5	C5	318	318	1	4	571	99	96	de 	57.72857
497	9	Re5	D5	327	327	1	8	286	95	96		57.82857
498	9	Mi5b4	E5b4	332	332	1	8	286	99	96	gü	57.92857
499	9	Re5	D5	327	327	1	8	286	95	96		58.02857
500	9	Re5	D5	327	327	1	2	1142	95	96	zel 	58.42857
501	9			-1	-1	1	8	286	100	0		58.52857
502	9	Do5	C5	318	318	3	8	857	95	96	sev 	58.82857
503	9	Re5	D5	327	327	1	4	571	95	96	de 	59.02857
504	9	Re5	D5	327	327	1	4	571	95	96	ne 	59.22857
505	9	Mi5b4	E5b4	332	332	3	16	429	99	96	der	59.37857
506	9	Re5	D5	327	327	1	16	143	99	96		59.42857
507	9	Do5	C5	318	318	1	8	286	95	96		59.52857
508	9	La5	A5	358	358	1	4	571	99	96	ler	59.72857
509	9	Sol5	G5	349	349	1	8	286	95	96		59.82857
510	9	Sol5	G5	349	349	1	8	286	99	96	se 	59.92857
511	9	Fa5#3	F5#4	343	344	1	8	286	95	96		60.02857
512	9	Fa5#3	F5#4	343	344	1	8	286	99	96	de	60.12857
513	9	Mi5b4	E5b4	332	332	1	8	286	95	96		60.22857
514	9	Mi5	E5	336	336	1	4	571	99	96	sin	60.42857
515	9	Re5	D5	327	327	1	8	286	95	96		60.52857
516	9	Re5	D5	327	327	1	4	571	99	96	ler  	60.72857
517	9	Mi5b4	E5b4	332	332	1	8	286	99	96	SAZ 	60.82857
518	9	Re5	D5	327	327	1	8	286	99	96	.	60.92857
519	9	Do5	C5	318	318	1	8	286	99	96	.	61.02857
520	9	Si4b2	B4b1	312	313	1	8	286	99	96	.	61.12857
521	9	Do5	C5	318	318	1	8	286	99	96	.	61.22857
522	9	Re5	D5	327	327	1	4	571	95	96	.	61.42857
523	9			-1	-1	1	8	286	100	0		61.52857
524	9	Re5	D5	327	327	1	8	286	99	96	Mey	61.62857
525	9	Do5	C5	318	318	1	8	286	99	96		61.72857
526	9	Re5	D5	327	327	1	8	286	99	96		61.82857
527	9	Mi5	E5	336	336	1	4	571	95	96		62.02857
528	9	Do5	C5	318	318	1	8	286	99	96	hâ	62.12857
529	9	Si4b2	B4b1	312	313	1	8	286	99	96		62.22857
530	9	Do5	C5	318	318	1	8	286	99	96		62.32857
531	9	Re5	D5	327	327	1	4	571	95	96		62.52857
532	9	Si4b2	B4b1	312	313	1	8	286	99	96	ne	62.62857
533	9	La4	A4	305	305	1	8	286	95	96		62.72857
534	9	Do5	C5	318	318	1	8	286	99	96	de 	62.82857
535	9	Si4b2	B4b1	312	313	1	8	286	99	96		62.92857
536	9	La4	A4	305	305	1	8	286	95	96		63.02857
537	9	La4	A4	305	305	1	2	1142	95	96	yat 	63.42857
538	9			-1	-1	1	8	286	100	0		63.52857
539	9	Do5	C5	318	318	3	8	857	95	96	ev	63.82857
540	9	Re5	D5	327	327	1	4	571	95	96	de 	64.02857
541	9	Re5	D5	327	327	1	8	286	99	96	ne 	64.12857
542	9	Do5	C5	318	318	1	8	286	95	96		64.22857
543	9	Si4b2	B4b1	312	313	1	8	286	99	96	yer	64.32858
544	9	La4	A4	305	305	1	8	286	99	96		64.42857
545	9	Sol4	G4	296	296	1	8	286	95	96		64.52857
546	9	Mi5	E5	336	336	1	4	571	99	96	ler	64.72857
547	9	Re5	D5	327	327	1	8	286	95	96		64.82858
548	9	Re5	D5	327	327	1	8	286	99	96	se 	64.92857
549	9	Do5	C5	318	318	1	8	286	95	96		65.02857
550	9	Do5	C5	318	318	1	8	286	99	96	ye	65.12857
551	9	Si4b2	B4b1	312	313	1	8	286	95	96		65.22857
552	9	Si4b2	B4b1	312	313	1	4	571	99	96	sin	65.42857
553	9	La4	A4	305	305	1	8	286	95	96		65.52857
554	9	La4	A4	305	305	3	16	429	95	96	ler  	65.67857
555	9	Si4b2	B4b1	312	313	1	16	143	95	96	SAZ 	65.72857
556	9	Do5	C5	318	318	1	8	286	95	96	.	65.82858
557	9	Re5	D5	327	327	1	8	286	95	96	.	65.92857
558	9	Mi5	E5	336	336	1	8	286	95	96	.	66.02857
559	9	Fa5#3	F5#4	343	344	1	8	286	95	96	.	66.12857
560	9	Sol5	G5	349	349	1	8	286	95	96	.	66.22857
561	9	La5	A5	358	358	1	4	571	95	96	.	66.42857
562	9			-1	-1	1	8	286	100	0	.	66.52857
563	51			0	0	7	8	0	14	0		66.52857
564	52			0	0	1	8	0	120	0		66.67142
565	9	La5	A5	358	358	1	8	500	99	96	Mey	66.81429
566	9	Si5b5	B5b5	362	362	1	8	500	99	96		66.95715
567	9	Do6	C6	371	371	1	8	500	95	96		67.1
568	9	La5	A5	358	358	1	8	500	99	96	hâ	67.24286
569	8	Do6	C6	371	371	0	0	0	99	96		67.24286
570	9	Si5b5	B5b5	362	362	1	16	250	99	96		67.31429
571	9	La5	A5	358	358	1	16	250	99	96		67.38571
572	9	Sol5	G5	349	349	1	4	1000	95	96		67.67142
573	9	Fa5	F5	340	340	1	8	500	99	96	ne	67.81429
574	9	Sol5	G5	349	349	1	8	500	95	96		67.95715
575	9	La5	A5	358	358	1	8	500	95	96	de 	68.1
576	9	La5	A5	358	358	1	16	250	99	96	yat 	68.17142
577	9	Sol5	G5	349	349	1	16	250	99	96		68.24286
578	8	La5	A5	358	358	0	0	0	99	96		68.24286
579	9	Sol5	G5	349	349	1	16	250	99	96		68.31429
580	9	Fa5	F5	340	340	1	16	250	99	96		68.38571
581	9	Fa5	F5	340	340	1	16	250	99	96		68.45715
582	9	Mi5	E5	336	336	1	16	250	99	96		68.52857
583	8	Fa5	F5	340	340	0	0	0	99	96		68.52857
584	9	Mi5	E5	336	336	1	16	250	99	96		68.6
585	9	Re5	D5	327	327	1	16	250	95	96		68.67142
586	9	Do5	C5	318	318	1	8	500	99	96	ev	68.81429
587	9	Re5	D5	327	327	1	8	500	95	96		68.95715
588	9	Fa5	F5	340	340	1	16	250	99	96	de 	69.02857
589	9	Mi5	E5	336	336	1	16	250	95	96		69.1
590	9	Mi5	E5	336	336	1	16	250	99	96	ne 	69.17142
591	9	Re5	D5	327	327	1	16	250	99	96		69.24286
592	8	Mi5	E5	336	336	0	0	0	99	96		69.24286
593	9	Re5	D5	327	327	1	16	250	99	96		69.31429
594	9	Do5	C5	318	318	1	16	250	99	96		69.38571
595	9	Re5	D5	327	327	1	4	1000	95	96		69.67142
596	9	Do5	C5	318	318	1	8	500	99	96	yer	69.81429
597	9	Re5	D5	327	327	1	8	500	99	96		69.95715
598	8	Mi5	E5	336	336	0	0	0	99	96		69.95715
599	9	Re5	D5	327	327	1	16	250	99	96		70.02857
600	9	Do5	C5	318	318	1	16	250	99	96		70.1
601	9	Do5	C5	318	318	1	16	250	99	96		70.17142
602	9	Si4b2	B4b1	312	313	1	16	250	99	96		70.24286
603	9	Si4b2	B4b1	312	313	1	16	250	99	96		70.31429
604	9	La4	A4	305	305	1	16	250	99	96		70.38571
605	9	La4	A4	305	305	3	16	750	99	96		70.6
606	9	Sol4	G4	296	296	1	16	250	95	96		70.67142
607	9	Mi5	E5	336	336	1	4	1000	95	96	ler	70.95715
608	8	Fa5#3	F5#4	343	344	0	0	0	95	96		70.95715
609	9	Mi5	E5	336	336	1	16	250	99	96	se 	71.02857
610	9	Re5	D5	327	327	1	16	250	95	96		71.1
611	9	Re5	D5	327	327	1	16	250	99	96	ye	71.17142
612	9	Do5	C5	318	318	1	8	500	99	96		71.31429
613	9	Re5	D5	327	327	1	16	250	95	96		71.38571
614	9	Do5	C5	318	318	1	16	250	99	96	sin	71.45715
615	9	Si4b2	B4b1	312	313	1	16	250	99	96		71.52857
616	9	Si4b2	B4b1	312	313	1	16	250	99	96		71.6
617	9	La4	A4	305	305	1	16	250	95	96		71.67142
618	9	La4	A4	305	305	3	32	375	95	96	ler  	71.77857
619	9	Si4b2	B4b1	312	313	1	32	125	95	96	SAZ 	71.81429
620	9	Do5	C5	318	318	1	16	250	95	96	.	71.88571
621	9	Re5	D5	327	327	1	16	250	95	96	.	71.95715
622	9	Mi5	E5	336	336	1	16	250	95	96	.	72.02857
623	9	Fa5#3	F5#4	343	344	1	16	250	95	96	.	72.1
624	9	Sol5	G5	349	349	1	16	250	95	96	.	72.17142
625	9	Fa5#3	F5#4	343	344	1	32	125	95	96	.	72.20715
626	9	Mi5	E5	336	336	1	32	125	95	96	.	72.24286
627	9	Fa5#3	F5#4	343	344	1	16	250	95	96	.	72.31429
628	9	Sol5	G5	349	349	1	16	250	95	96	.	72.38571
629	9	La5	A5	358	358	1	4	1000	95	96	.	72.67142
630	9	La5	A5	358	358	1	8	500	99	96	Mey	72.81429
631	9	Si5b5	B5b5	362	362	1	8	500	99	96		72.95715
632	9	Do6	C6	371	371	1	8	500	95	96		73.1
633	9	La5	A5	358	358	1	8	500	99	96	hâ	73.24286
634	8	Do6	C6	371	371	0	0	0	99	96		73.24286
635	9	Si5b5	B5b5	362	362	1	16	250	99	96		73.31429
636	9	La5	A5	358	358	1	16	250	99	96		73.38571
637	9	Sol5	G5	349	349	1	4	1000	95	96		73.67142
638	9	Fa5	F5	340	340	1	8	500	99	96	ne	73.81429
639	9	Sol5	G5	349	349	1	8	500	95	96		73.95715
640	9	La5	A5	358	358	1	8	500	95	96	de 	74.1
641	9	La5	A5	358	358	1	16	250	99	96	yat 	74.17142
642	9	Sol5	G5	349	349	1	16	250	99	96		74.24286
643	8	La5	A5	358	358	0	0	0	99	96		74.24286
644	9	Sol5	G5	349	349	1	16	250	99	96		74.31429
645	9	Fa5	F5	340	340	1	16	250	99	96		74.38571
646	9	Fa5	F5	340	340	1	16	250	99	96		74.45715
647	9	Mi5	E5	336	336	1	16	250	99	96		74.52857
648	8	Fa5	F5	340	340	0	0	0	99	96		74.52857
649	9	Mi5	E5	336	336	1	16	250	99	96		74.6
650	9	Re5	D5	327	327	1	16	250	95	96		74.67142
651	9	Do5	C5	318	318	1	8	500	99	96	ev	74.81429
652	9	Re5	D5	327	327	1	8	500	95	96		74.95715
653	9	Fa5	F5	340	340	1	16	250	99	96	de 	75.02857
654	9	Mi5	E5	336	336	1	16	250	95	96		75.1
655	9	Mi5	E5	336	336	1	16	250	99	96	ne 	75.17142
656	9	Re5	D5	327	327	1	16	250	99	96		75.24286
657	8	Mi5	E5	336	336	0	0	0	99	96		75.24286
658	9	Re5	D5	327	327	1	16	250	99	96		75.31429
659	9	Do5	C5	318	318	1	16	250	99	96		75.38571
660	9	Re5	D5	327	327	1	4	1000	95	96		75.67142
661	9	Do5	C5	318	318	1	8	500	99	96	yer	75.81429
662	9	Re5	D5	327	327	1	8	500	99	96		75.95715
663	8	Mi5	E5	336	336	0	0	0	99	96		75.95715
664	9	Re5	D5	327	327	1	16	250	99	96		76.02857
665	9	Do5	C5	318	318	1	16	250	99	96		76.1
666	9	Do5	C5	318	318	1	16	250	99	96		76.17142
667	9	Si4b2	B4b1	312	313	1	16	250	99	96		76.24286
668	9	Si4b2	B4b1	312	313	1	16	250	99	96		76.31429
669	9	La4	A4	305	305	1	16	250	99	96		76.38571
670	9	La4	A4	305	305	3	16	750	99	96		76.6
671	9	Sol4	G4	296	296	1	16	250	95	96		76.67142
672	9	Mi5	E5	336	336	1	4	1000	95	96	ler	76.95715
673	8	Fa5#3	F5#4	343	344	0	0	0	95	96		76.95715
674	9	Mi5	E5	336	336	1	16	250	99	96	se 	77.02857
675	9	Re5	D5	327	327	1	16	250	95	96		77.1
676	9	Re5	D5	327	327	1	16	250	99	96	ye	77.17142
677	9	Do5	C5	318	318	1	8	500	99	96		77.31429
678	9	Re5	D5	327	327	1	16	250	95	96		77.38571
679	9	Do5	C5	318	318	1	16	250	99	96	sin	77.45715
680	9	Si4b2	B4b1	312	313	1	16	250	99	96		77.52857
681	9	Si4b2	B4b1	312	313	1	16	250	99	96		77.6
682	9	La4	A4	305	305	1	16	250	95	96		77.67142
683	9	La4	A4	305	305	3	4	3000	95	96	ler  	78.52857
684	9			-1	-1	1	8	500	100	0		78.67142
