Sira	Kod	Nota53	NotaAE	Koma53	KomaAE	Pay	Payda	Ms	LNS	Bas	Soz1	Offset
1	9			-1	-1	1	4	741	100	0		0.2222222
2	9	Do5#4	C5#4	322	322	1	4	741	95	96	Gön	0.4444444
3	9	Re5	D5	327	327	1	4	741	95	96	lüm	0.6666667
4	9	Do5#4	C5#4	322	322	3	8	1111	95	96		1
5	9	Re5	D5	327	327	1	8	370	95	96	a	1.111111
6	9	Mi5b4	E5b4	332	332	1	8	370	95	96		1.222222
7	9	Fa5#4	F5#4	344	344	1	8	370	95	96		1.333333
8	9	Sol5	G5	349	349	1	8	370	95	96		1.444444
9	9	Fa5#4	F5#4	344	344	1	16	185	95	96	lıp	1.5
10	9	Mi5b4	E5b4	332	332	1	16	185	95	96		1.555556
11	9	Re5	D5	327	327	1	16	185	95	96		1.611111
12	9	Do5#4	C5#4	322	322	1	16	185	95	96		1.666667
13	9	Re5	D5	327	327	3	8	1111	95	96		2
14	9			-1	-1	1	4	741	100	0		2.222222
15	9	Re5	D5	327	327	1	4	741	95	96	ey	2.444444
16	9	La5	A5	358	358	1	4	741	95	96	kâ	2.666667
17	9	Sol5	G5	349	349	1	4	741	95	96		2.888889
18	9	Fa5#4	F5#4	344	344	1	8	370	95	96		3
19	9	Fa5#4	F5#4	344	344	1	8	370	95	96	şı	3.111111
20	9	Mi5b4	E5b4	332	332	1	8	370	95	96		3.222222
21	9	Mi5b4	E5b4	332	332	1	8	370	95	96		3.333333
22	9	Re5	D5	327	327	1	8	370	95	96		3.444444
23	9	Fa5#4	F5#4	344	344	1	16	185	95	96	yâ	3.5
24	9	Mi5b4	E5b4	332	332	1	16	185	95	96		3.555556
25	9	Re5	D5	327	327	1	16	185	95	96		3.611111
26	9	Do5#4	C5#4	322	322	1	16	185	95	96		3.666667
27	9	Re5	D5	327	327	3	8	1111	95	96		4
28	9			-1	-1	1	4	741	100	0		4.222222
29	9	Re5	D5	327	327	1	4	741	95	96	Kad	4.444445
30	9	Fa5#4	F5#4	344	344	1	8	370	95	96	dim	4.555555
31	9	Mi5b4	E5b4	332	332	1	8	370	95	96		4.666667
32	9	Re5	D5	327	327	1	8	370	95	96		4.777778
33	9	Do5#4	C5#4	322	322	1	8	370	95	96		4.888889
34	9	Si4b4	B4b4	310	310	1	8	370	95	96		5
35	9	Fa5#4	F5#4	344	344	1	8	370	95	96	e	5.111111
36	9	Mi5b4	E5b4	332	332	1	8	370	95	96		5.222222
37	9	Re5	D5	327	327	1	8	370	95	96		5.333333
38	9	Do5#4	C5#4	322	322	1	8	370	95	96		5.444445
39	9	Si4b4	B4b4	310	310	1	8	370	95	96	den	5.555555
40	9	La4	A4	305	305	1	8	370	95	96		5.666667
41	9	Sol4	G4	296	296	1	8	370	95	96		5.777778
42	9	Fa4#4	F4#4	291	291	1	8	370	95	96		5.888889
43	9	Sol4	G4	296	296	1	8	370	95	96		6
44	9			-1	-1	1	4	741	100	0		6.222222
45	9	Mi5b4	E5b4	332	332	1	4	741	95	96	sen	6.444445
46	9	Re5	D5	327	327	1	8	370	95	96	sin	6.555555
47	9	Do5#4	C5#4	322	322	1	8	370	95	96		6.666667
48	9	Si4b4	B4b4	310	310	1	4	741	95	96		6.888889
49	9	La4	A4	305	305	1	8	370	95	96		7
50	9	Si4b4	B4b4	310	310	1	8	370	95	96	dü	7.111111
51	9	La4	A4	305	305	1	8	370	95	96		7.222222
52	9	Sol4	G4	296	296	1	8	370	95	96		7.333333
53	9	Fa4#4	F4#4	291	291	1	8	370	95	96		7.444445
54	9	Sol4	G4	296	296	1	8	370	95	96	tâ	7.555555
55	9	La4	A4	305	305	1	8	370	95	96		7.666667
56	9	Si4b4	B4b4	310	310	1	8	370	95	96		7.777778
57	9	Do5#4	C5#4	322	322	1	8	370	95	96		7.888889
58	9	Re5	D5	327	327	1	8	370	95	96		8
59	9			-1	-1	1	4	741	100	0		8.222222
60	9	Re5	D5	327	327	1	4	741	95	96	Kad	8.444445
61	9	Fa5#4	F5#4	344	344	1	8	370	95	96	dim	8.555555
62	9	Mi5b4	E5b4	332	332	1	8	370	95	96		8.666667
63	9	Re5	D5	327	327	1	8	370	95	96		8.777778
64	9	Do5#4	C5#4	322	322	1	8	370	95	96		8.888889
65	9	Si4b4	B4b4	310	310	1	8	370	95	96		9
66	9	Fa5#4	F5#4	344	344	1	8	370	95	96	e	9.111111
67	9	Mi5b4	E5b4	332	332	1	8	370	95	96		9.222222
68	9	Re5	D5	327	327	1	8	370	95	96		9.333333
69	9	Do5#4	C5#4	322	322	1	8	370	95	96		9.444445
70	9	Si4b4	B4b4	310	310	1	8	370	95	96	den	9.555555
71	9	La4	A4	305	305	1	8	370	95	96		9.666667
72	9	Sol4	G4	296	296	1	8	370	95	96		9.777778
73	9	Fa4#4	F4#4	291	291	1	8	370	95	96		9.888889
74	9	Sol4	G4	296	296	1	8	370	95	96		10
75	9			-1	-1	1	4	741	100	0		10.22222
76	9	Mi5b4	E5b4	332	332	1	4	741	95	96	sen	10.44444
77	9	Re5	D5	327	327	1	8	370	95	96	sin	10.55556
78	9	Do5#4	C5#4	322	322	1	8	370	95	96		10.66667
79	9	Si4b4	B4b4	310	310	1	4	741	95	96		10.88889
80	9	La4	A4	305	305	1	8	370	95	96		11
81	9	Si4b4	B4b4	310	310	1	8	370	95	96	dü	11.11111
82	9	La4	A4	305	305	1	8	370	95	96		11.22222
83	9	Sol4	G4	296	296	1	8	370	95	96		11.33333
84	9	Fa4#4	F4#4	291	291	1	8	370	95	96		11.44444
85	9	Sol4	G4	296	296	1	4	741	95	96	tâ	11.66667
86	9	Sol5	G5	349	349	1	8	370	95	96	SAZ	11.77778
87	9	Fa5#4	F5#4	344	344	1	8	370	95	96		11.88889
88	9	La5	A5	358	358	1	8	370	95	96		12
89	9	Sol5	G5	349	349	1	4	741	95	96		12.22222
90	9	Fa5#4	F5#4	344	344	1	4	741	95	96	Vâh	12.44444
91	9	Sol5	G5	349	349	1	4	741	95	96	ey	12.66667
92	9	Sol5	G5	349	349	1	4	741	95	96		12.88889
93	9			-1	-1	1	8	370	100	0		13
94	9	La5	A5	358	358	1	12	247	99	96	te	13.07407
95	9	Sol5	G5	349	349	1	12	247	99	96		13.14815
96	9	Fa5#4	F5#4	344	344	1	12	247	95	96		13.22222
97	9	Mi5b4	E5b4	332	332	1	12	247	99	96		13.2963
98	9	Re5	D5	327	327	1	12	247	99	96		13.37037
99	9	Mi5b4	E5b4	332	332	1	12	247	95	96		13.44444
100	9	Fa5#4	F5#4	344	344	1	4	741	95	96	gâ	13.66667
101	9	Sol5	G5	349	349	1	8	370	95	96		13.77778
102	9	Fa5#4	F5#4	344	344	1	8	370	95	96		13.88889
103	9	Mi5b4	E5b4	332	332	1	8	370	95	96		14
104	9	Re5	D5	327	327	1	4	741	95	96		14.22222
105	9	Fa5#4	F5#4	344	344	1	8	370	95	96	fül	14.33333
106	9	Sol5	G5	349	349	1	8	370	95	96		14.44444
107	9	La5	A5	358	358	1	4	741	95	96	â	14.66667
108	9	Sol5	G5	349	349	1	4	741	95	96		14.88889
109	9	Fa5#4	F5#4	344	344	1	8	370	95	96		15
110	9	Fa5#4	F5#4	344	344	1	8	370	95	96	şi	15.11111
111	9	Mi5b4	E5b4	332	332	1	8	370	95	96		15.22222
112	9	Mi5b4	E5b4	332	332	1	8	370	95	96		15.33333
113	9	Re5	D5	327	327	1	8	370	95	96		15.44444
114	9	Re5	D5	327	327	1	8	370	95	96	nâ	15.55556
115	9	Mi5b4	E5b4	332	332	1	8	370	95	96		15.66667
116	9	Fa5#4	F5#4	344	344	1	8	370	95	96		15.77778
117	9	Sol5	G5	349	349	1	8	370	95	96		15.88889
118	9	La5	A5	358	358	1	8	370	95	96		16
119	9	Sol5	G5	349	349	1	4	741	95	96		16.22222
120	9	Fa5#4	F5#4	344	344	1	4	741	95	96	Vâh	16.44444
121	9	Sol5	G5	349	349	1	4	741	95	96	ey	16.66667
122	9	Sol5	G5	349	349	1	4	741	95	96		16.88889
123	9			-1	-1	1	8	370	100	0		17
124	9	La5	A5	358	358	1	12	247	99	96	te	17.07407
125	9	Sol5	G5	349	349	1	12	247	99	96		17.14815
126	9	Fa5#4	F5#4	344	344	1	12	247	95	96		17.22222
127	9	Mi5b4	E5b4	332	332	1	12	247	99	96		17.2963
128	9	Re5	D5	327	327	1	12	247	99	96		17.37037
129	9	Mi5b4	E5b4	332	332	1	12	247	95	96		17.44444
130	9	Fa5#4	F5#4	344	344	1	4	741	95	96	gâ	17.66667
131	9	Sol5	G5	349	349	1	8	370	95	96		17.77778
132	9	Fa5#4	F5#4	344	344	1	8	370	95	96		17.88889
133	9	Mi5b4	E5b4	332	332	1	8	370	95	96		18
134	9	Re5	D5	327	327	1	4	741	95	96		18.22222
135	9	Fa5#4	F5#4	344	344	1	8	370	95	96	fül	18.33333
136	9	Sol5	G5	349	349	1	8	370	95	96		18.44444
137	9	La5	A5	358	358	1	4	741	95	96	â	18.66667
138	9	Sol5	G5	349	349	1	4	741	95	96		18.88889
139	9	Fa5#4	F5#4	344	344	1	8	370	95	96		19
140	9	Fa5#4	F5#4	344	344	1	8	370	95	96	şi	19.11111
141	9	Mi5b4	E5b4	332	332	1	8	370	95	96		19.22222
142	9	Mi5b4	E5b4	332	332	1	8	370	95	96		19.33333
143	9	Re5	D5	327	327	1	8	370	95	96		19.44444
144	9	Fa5#4	F5#4	344	344	1	16	185	95	96	nâ	19.5
145	9	Mi5b4	E5b4	332	332	1	16	185	95	96		19.55556
146	9	Re5	D5	327	327	1	16	185	95	96		19.61111
147	9	Do5#4	C5#4	322	322	1	16	185	95	96		19.66667
148	9	Re5	D5	327	327	3	8	1111	95	96		20
149	9			-1	-1	1	4	741	100	0		20.22222
150	9	Re5	D5	327	327	1	4	741	95	96	Git	20.44444
151	9	Fa5#4	F5#4	344	344	1	8	370	95	96	tik	20.55556
152	9	Mi5b4	E5b4	332	332	1	8	370	95	96		20.66667
153	9	Re5	D5	327	327	1	8	370	95	96		20.77778
154	9	Do5#4	C5#4	322	322	1	8	370	95	96		20.88889
155	9	Si4b4	B4b4	310	310	1	8	370	95	96		21
156	9	Fa5#4	F5#4	344	344	1	8	370	95	96	ce	21.11111
157	9	Mi5b4	E5b4	332	332	1	8	370	95	96		21.22222
158	9	Re5	D5	327	327	1	8	370	95	96		21.33333
159	9	Do5#4	C5#4	322	322	1	8	370	95	96		21.44444
160	9	Si4b4	B4b4	310	310	1	8	370	95	96	ol	21.55556
161	9	La4	A4	305	305	1	8	370	95	96		21.66667
162	9	Sol4	G4	296	296	1	8	370	95	96		21.77778
163	9	Fa4#4	F4#4	291	291	1	8	370	95	96		21.88889
164	9	Sol4	G4	296	296	1	8	370	95	96		22
165	9	Sol4	G4	296	296	1	4	741	95	96		22.22222
166	9	Mi5b4	E5b4	332	332	1	4	741	95	96	dun	22.44444
167	9	Re5	D5	327	327	1	8	370	95	96	bî	22.55556
168	9	Do5#4	C5#4	322	322	1	8	370	95	96		22.66667
169	9	Si4b4	B4b4	310	310	1	4	741	95	96		22.88889
170	9	La4	A4	305	305	1	8	370	95	96		23
171	9	Si4b4	B4b4	310	310	1	8	370	95	96	ve	23.11111
172	9	La4	A4	305	305	1	8	370	95	96		23.22222
173	9	Sol4	G4	296	296	1	8	370	95	96		23.33333
174	9	Fa4#4	F4#4	291	291	1	8	370	95	96		23.44444
175	9	Sol4	G4	296	296	1	8	370	95	96	fâ	23.55556
176	9	La4	A4	305	305	1	8	370	95	96		23.66667
177	9	Si4b4	B4b4	310	310	1	8	370	95	96		23.77778
178	9	Do5#4	C5#4	322	322	1	8	370	95	96		23.88889
179	9	Re5	D5	327	327	1	8	370	95	96		24
180	9			-1	-1	1	4	741	100	0		24.22222
181	9	Re5	D5	327	327	1	4	741	95	96	Git	24.44444
182	9	Fa5#4	F5#4	344	344	1	8	370	95	96	tik	24.55556
183	9	Mi5b4	E5b4	332	332	1	8	370	95	96		24.66667
184	9	Re5	D5	327	327	1	8	370	95	96		24.77778
185	9	Do5#4	C5#4	322	322	1	8	370	95	96		24.88889
186	9	Si4b4	B4b4	310	310	1	8	370	95	96		25
187	9	Fa5#4	F5#4	344	344	1	8	370	95	96	ce	25.11111
188	9	Mi5b4	E5b4	332	332	1	8	370	95	96		25.22222
189	9	Re5	D5	327	327	1	8	370	95	96		25.33333
190	9	Do5#4	C5#4	322	322	1	8	370	95	96		25.44444
191	9	Si4b4	B4b4	310	310	1	8	370	95	96	ol	25.55556
192	9	La4	A4	305	305	1	8	370	95	96		25.66667
193	9	Sol4	G4	296	296	1	8	370	95	96		25.77778
194	9	Fa4#4	F4#4	291	291	1	8	370	95	96		25.88889
195	9	Sol4	G4	296	296	1	8	370	95	96		26
196	9	Sol4	G4	296	296	1	4	741	95	96		26.22222
197	9	Mi5b4	E5b4	332	332	1	4	741	95	96	dun	26.44444
198	9	Re5	D5	327	327	1	8	370	95	96	bî	26.55556
199	9	Do5#4	C5#4	322	322	1	8	370	95	96		26.66667
200	9	Si4b4	B4b4	310	310	1	4	741	95	96		26.88889
201	9	La4	A4	305	305	1	8	370	95	96		27
202	9	Si4b4	B4b4	310	310	1	8	370	95	96	ve	27.11111
203	9	La4	A4	305	305	1	8	370	95	96		27.22222
204	9	Sol4	G4	296	296	1	8	370	95	96		27.33333
205	9	Fa4#4	F4#4	291	291	1	8	370	95	96		27.44444
206	9	Sol4	G4	296	296	1	4	741	95	96	fâ	27.66667
207	9	Sol4	G4	296	296	1	4	741	95	96		27.88889
208	9			-1	-1	1	8	370	100	0		28
209	9	Re5	D5	327	327	1	8	370	95	96		28.11111
210	9	Do5#4	C5#4	322	322	1	8	370	95	96		28.22222
211	9	Re5	D5	327	327	1	8	370	95	96		28.33333
212	9	Mi5b4	E5b4	332	332	1	8	370	95	96		28.44444
213	9	Re5	D5	327	327	1	8	370	95	96		28.55556
214	9	Do5#4	C5#4	322	322	1	8	370	95	96		28.66667
215	9	Si4b4	B4b4	310	310	1	8	370	95	96		28.77778
216	9	La4	A4	305	305	1	8	370	95	96		28.88889
217	9	Sol4	G4	296	296	1	8	370	95	96		29
218	9	La4	A4	305	305	1	12	247	99	96		29.07407
219	9	Sol4	G4	296	296	1	12	247	99	96		29.14815
220	9	La4	A4	305	305	1	12	247	95	96		29.22222
221	9	Si4b4	B4b4	310	310	1	12	247	99	96		29.2963
222	9	La4	A4	305	305	1	12	247	99	96		29.37037
223	9	Si4b4	B4b4	310	310	1	12	247	95	96		29.44444
224	9	Do5#4	C5#4	322	322	1	12	247	99	96		29.51852
225	9	Si4b4	B4b4	310	310	1	12	247	99	96		29.59259
226	9	Do5#4	C5#4	322	322	1	12	247	95	96		29.66667
227	9	Re5	D5	327	327	1	4	741	95	96		29.88889
228	9			-1	-1	1	8	370	100	0		30
229	9	Fa5#4	F5#4	344	344	1	8	370	95	96		30.11111
230	9	Mi5b4	E5b4	332	332	1	8	370	95	96		30.22222
231	9	Re5	D5	327	327	1	8	370	95	96		30.33333
232	9	Do5#4	C5#4	322	322	1	8	370	95	96		30.44444
233	9	Si4b4	B4b4	310	310	1	8	370	95	96		30.55556
234	9	La4	A4	305	305	1	8	370	95	96		30.66667
235	9	Si4b4	B4b4	310	310	1	8	370	95	96		30.77778
236	9	Do5#4	C5#4	322	322	1	8	370	95	96		30.88889
237	9	Re5	D5	327	327	1	8	370	95	96		31
238	9	Do5#4	C5#4	322	322	1	8	370	95	96		31.11111
239	9	Si4b4	B4b4	310	310	1	8	370	95	96		31.22222
240	9	La4	A4	305	305	1	8	370	95	96		31.33333
241	9	Sol4	G4	296	296	1	8	370	95	96		31.44444
242	9	La4	A4	305	305	1	8	370	95	96		31.55556
243	9	Fa4#4	F4#4	291	291	1	8	370	95	96		31.66667
244	9	Sol4	G4	296	296	1	4	741	95	96		31.88889
245	9			-1	-1	1	8	370	100	0		32
246	9	Re5	D5	327	327	1	8	370	95	96		32.11111
247	9	Do5#4	C5#4	322	322	1	8	370	95	96		32.22222
248	9	Re5	D5	327	327	1	8	370	95	96		32.33333
249	9	Mi5b4	E5b4	332	332	1	8	370	95	96		32.44444
250	9	Re5	D5	327	327	1	8	370	95	96		32.55556
251	9	Do5#4	C5#4	322	322	1	8	370	95	96		32.66667
252	9	Si4b4	B4b4	310	310	1	8	370	95	96		32.77778
253	9	La4	A4	305	305	1	8	370	95	96		32.88889
254	9	Sol4	G4	296	296	1	8	370	95	96		33
255	9	La4	A4	305	305	1	12	247	99	96		33.07407
256	9	Sol4	G4	296	296	1	12	247	99	96		33.14815
257	9	La4	A4	305	305	1	12	247	95	96		33.22222
258	9	Si4b4	B4b4	310	310	1	12	247	99	96		33.2963
259	9	La4	A4	305	305	1	12	247	99	96		33.37037
260	9	Si4b4	B4b4	310	310	1	12	247	95	96		33.44444
261	9	Do5#4	C5#4	322	322	1	12	247	99	96		33.51852
262	9	Si4b4	B4b4	310	310	1	12	247	99	96		33.59259
263	9	Do5#4	C5#4	322	322	1	12	247	95	96		33.66667
264	9	Re5	D5	327	327	1	4	741	95	96		33.88889
265	9			-1	-1	1	8	370	100	0		34
266	9	Fa5#4	F5#4	344	344	1	8	370	95	96		34.11111
267	9	Mi5b4	E5b4	332	332	1	8	370	95	96		34.22222
268	9	Re5	D5	327	327	1	8	370	95	96		34.33333
269	9	Do5#4	C5#4	322	322	1	8	370	95	96		34.44444
270	9	Si4b4	B4b4	310	310	1	8	370	95	96		34.55556
271	9	La4	A4	305	305	1	8	370	95	96		34.66667
272	9	Si4b4	B4b4	310	310	1	8	370	95	96		34.77778
273	9	Do5#4	C5#4	322	322	1	8	370	95	96		34.88889
274	9	Re5	D5	327	327	1	8	370	95	96		35
275	9	Do5#4	C5#4	322	322	1	8	370	95	96		35.11111
276	9	Si4b4	B4b4	310	310	1	8	370	95	96		35.22222
277	9	La4	A4	305	305	1	8	370	95	96		35.33333
278	9	Sol4	G4	296	296	1	8	370	95	96		35.44444
279	9	La4	A4	305	305	1	8	370	95	96		35.55556
280	9	Fa4#4	F4#4	291	291	1	8	370	95	96		35.66667
281	9	Sol4	G4	296	296	1	4	741	95	96		35.88889
282	9			-1	-1	1	8	370	100	0		36
