Sira	Kod	Nota53	NotaAE	Koma53	KomaAE	Pay	Payda	Ms	LNS	Bas	Soz1	Offset
1	9	Sol4	G4	296	296	1	4	769	95	96	Ah 	0.125
2	9	Sol4	G4	296	296	1	8	385	99	96	sey	0.1875
3	9	La4	A4	305	305	1	8	385	99	96		0.25
4	9	Sol4	G4	296	296	1	4	769	99	96		0.375
5	9	Fa4#4	F4#4	291	291	1	4	769	99	96		0.5
6	9	Sol4	G4	296	296	1	8	385	99	96		0.5625
7	9	La4	A4	305	305	1	8	385	99	96		0.625
8	9	Sol4	G4	296	296	1	8	385	99	96		0.6875
9	9	Fa4#4	F4#4	291	291	1	8	385	99	96		0.75
10	9	Sol4	G4	296	296	1	4	769	99	96		0.875
11	9	Si4b1	B4b1	313	313	1	4	769	95	96		1
12	9	Do5	C5	318	318	3	16	577	99	96	rey 	1.09375
13	9	Si4b1	B4b1	313	313	1	16	192	99	96		1.125
14	9	La4#4	A4#4	309	309	1	8	385	99	96		1.1875
15	9	Si4b1	B4b1	313	313	1	8	385	99	96		1.25
16	9	La4#4	A4#4	309	309	1	8	385	99	96		1.3125
17	9	Si4b1	B4b1	313	313	1	8	385	99	96		1.375
18	9	Do5	C5	318	318	1	8	385	99	96		1.4375
19	9	Si4b1	B4b1	313	313	1	8	385	99	96		1.5
20	9	Si4b1	B4b1	313	313	3	4	2308	95	96		1.875
21	9			-1	-1	1	4	769	100	0		2
22	9	Si4b1	B4b1	313	313	1	8	385	99	96	rey	2.0625
23	9	Do5	C5	318	318	1	8	385	99	96		2.125
24	9	Si4b1	B4b1	313	313	1	8	385	99	96		2.1875
25	9	La4	A4	305	305	1	8	385	95	96		2.25
26	9	Sol4	G4	296	296	1	4	769	95	96	le 	2.375
27	9	Si4b1	B4b1	313	313	1	4	769	95	96	o 	2.5
28	9	Si4b1	B4b1	313	313	3	16	577	99	96	bil 	2.59375
29	9	La4	A4	305	305	1	16	192	99	96		2.625
30	9	Si4b1	B4b1	313	313	1	8	385	99	96		2.6875
31	9	Do5	C5	318	318	1	8	385	99	96		2.75
32	9	Si4b1	B4b1	313	313	1	4	769	99	96		2.875
33	9	La4	A4	305	305	1	4	769	95	96		3
34	9			-1	-1	1	4	769	100	0		3.125
35	9	La4	A4	305	305	1	8	385	99	96	bil	3.1875
36	9	Si4b1	B4b1	313	313	1	8	385	99	96		3.25
37	9	Do5	C5	318	318	1	4	769	99	96		3.375
38	9	Re5	D5	327	327	1	4	769	95	96		3.5
39	9			-1	-1	1	8	385	100	0		3.5625
40	9	Do5	C5	318	318	1	4	769	99	96	lur 	3.6875
41	9	Si4b1	B4b1	313	313	1	8	385	99	96		3.75
42	9	Si4b1	B4b1	313	313	3	16	577	99	96		3.84375
43	9	La4	A4	305	305	1	16	192	99	96		3.875
44	9	Sol4	G4	296	296	1	4	769	99	96		4
45	9	La4	A4	305	305	1	8	385	99	96		4.0625
46	9	Do5	C5	318	318	1	8	385	99	96		4.125
47	9	Si4b1	B4b1	313	313	1	8	385	99	96		4.1875
48	9	La4	A4	305	305	1	8	385	99	96		4.25
49	9	Sol4	G4	296	296	3	16	577	99	96		4.34375
50	9	Fa4#4	F4#4	291	291	1	16	192	99	96		4.375
51	9	Mi4	E4	283	283	1	8	385	99	96		4.4375
52	9	Fa4#4	F4#4	291	291	1	8	385	99	96		4.5
53	9	Sol4	G4	296	296	3	8	1154	95	96		4.6875
54	9			-1	-1	1	8	385	100	0		4.75
55	9	Re5	D5	327	327	3	16	577	99	96	lur 	4.84375
56	9	Do5	C5	318	318	1	16	192	99	96		4.875
57	9	Si4b1	B4b1	313	313	1	8	385	95	96		4.9375
58	9	Re5	D5	327	327	1	8	385	95	96	be	5
59	9	Do5	C5	318	318	1	4	769	99	96	den 	5.125
60	9	Re5	D5	327	327	1	2	1538	99	96		5.375
61	9	Mi5	E5	336	336	1	4	769	95	96		5.5
62	9			-1	-1	1	8	385	100	0		5.5625
63	9	Re5	D5	327	327	1	4	769	99	96	ta	5.6875
64	9	Do5	C5	318	318	1	8	385	99	96		5.75
65	9	Si4b1	B4b1	313	313	3	16	577	99	96		5.84375
66	9	La4	A4	305	305	1	16	192	99	96		5.875
67	9	Sol4	G4	296	296	1	8	385	99	96		5.9375
68	9	Mi5	E5	336	336	1	8	385	99	96		6
69	9	Re5	D5	327	327	1	2	1538	95	96		6.25
70	9	Mi5	E5	336	336	1	8	385	99	96	ze 	6.3125
71	9	Re5	D5	327	327	1	8	385	95	96		6.375
72	9	Do5	C5	318	318	1	8	385	99	96	Fi	6.4375
73	9	Si4b1	B4b1	313	313	1	8	385	95	96		6.5
74	9	Do5	C5	318	318	3	16	577	99	96	ren	6.59375
75	9	Si4b1	B4b1	313	313	1	16	192	99	96		6.625
76	9	Do5	C5	318	318	1	8	385	99	96		6.6875
77	9	Re5	D5	327	327	1	8	385	99	96		6.75
78	9	Do5	C5	318	318	1	8	385	99	96		6.8125
79	9	Re5	D5	327	327	1	8	385	99	96		6.875
80	9	Do5	C5	318	318	1	8	385	99	96		6.9375
81	9	Si4b1	B4b1	313	313	1	8	385	99	96		7
82	9	Si4b1	B4b1	313	313	1	4	769	99	96		7.125
83	9	La4	A4	305	305	1	8	385	99	96		7.1875
84	9	Si4b1	B4b1	313	313	1	8	385	99	96		7.25
85	9	Do5	C5	318	318	1	4	769	99	96		7.375
86	9	Re5	D5	327	327	1	4	769	95	96		7.5
87	9			-1	-1	1	8	385	100	0		7.5625
88	9	Do5	C5	318	318	1	4	769	99	96	gi  	7.6875
89	9	Si4b1	B4b1	313	313	1	8	385	99	96		7.75
90	9	Si4b1	B4b1	313	313	3	16	577	99	96		7.84375
91	9	La4	A4	305	305	1	16	192	99	96		7.875
92	9	Sol4	G4	296	296	1	4	769	95	96		8
93	9			-1	-1	1	8	385	100	0		8.0625
94	9	Sol4	G4	296	296	1	4	769	95	96	Ye 	8.1875
95	9	Fa4#4	F4#4	291	291	1	8	385	95	96	le 	8.25
96	9	Sol4	G4	296	296	1	4	769	95	96	lel 	8.375
97	9	Si4b1	B4b1	313	313	1	4	769	95	96	lel 	8.5
98	9	Re5	D5	327	327	1	8	385	95	96	le 	8.5625
99	9	Do5	C5	318	318	1	8	385	95	96	le 	8.625
100	9	Si4b1	B4b1	313	313	1	8	385	95	96	le 	8.6875
101	9	La4	A4	305	305	1	8	385	95	96	le 	8.75
102	9	Do5	C5	318	318	1	4	769	95	96	lel 	8.875
103	9	Si4b1	B4b1	313	313	1	4	769	95	96	li 	9
104	9			-1	-1	1	8	385	100	0		9.0625
105	9	Re5	D5	327	327	1	4	769	95	96	te 	9.1875
106	9	Mi5	E5	336	336	1	8	385	95	96	re 	9.25
107	9	Re5	D5	327	327	1	4	769	95	96	lel 	9.375
108	9	Si4b1	B4b1	313	313	1	4	769	95	96	lel 	9.5
109	9	Re5	D5	327	327	1	8	385	95	96	le 	9.5625
110	9	Do5	C5	318	318	1	8	385	95	96	le 	9.625
111	9	Si4b1	B4b1	313	313	1	8	385	95	96	le 	9.6875
112	9	La4	A4	305	305	1	8	385	95	96	le 	9.75
113	9	Do5	C5	318	318	1	4	769	95	96	lel 	9.875
114	9	Si4b1	B4b1	313	313	1	4	769	95	96	li 	10
115	9	Sol4	G4	296	296	1	4	769	95	96	yen 	10.125
116	9	Sol4	G4	296	296	1	4	769	95	96	tir 	10.25
117	9	Sol4	G4	296	296	1	4	769	95	96	yel 	10.375
118	9	La4	A4	305	305	1	4	769	95	96	lal 	10.5
119	9			-1	-1	1	4	769	100	0		10.625
120	9	Sol4	G4	296	296	1	8	385	95	96	le 	10.6875
121	9	Fa4#4	F4#4	291	291	1	8	385	95	96	le 	10.75
122	9	Sol4	G4	296	296	1	4	769	95	96	lel 	10.875
123	9	Si4b1	B4b1	313	313	1	4	769	95	96	lel 	11
124	9			-1	-1	1	8	385	100	0		11.0625
125	9	Si4b1	B4b1	313	313	1	4	769	95	96	le 	11.1875
126	9	Do5	C5	318	318	1	8	385	95	96	le 	11.25
127	9	Si4b1	B4b1	313	313	3	16	577	99	96	lel 	11.34375
128	9	La4	A4	305	305	1	16	192	95	96		11.375
129	9	Sol4	G4	296	296	1	4	769	95	96	li 	11.5
130	9			-1	-1	1	8	385	100	0		11.5625
131	9	Re5	D5	327	327	1	4	769	99	96	hey 	11.6875
132	9	Mi5	E5	336	336	1	8	385	95	96		11.75
133	9	Re5	D5	327	327	3	16	577	99	96	ca	11.84375
134	9	Do5	C5	318	318	1	16	192	95	96		11.875
135	9	Si4b1	B4b1	313	313	1	4	769	95	96	ným 	12
136	9			-1	-1	1	8	385	100	0		12.0625
137	9	Do5	C5	318	318	1	4	769	99	96	hey 	12.1875
138	9	Re5	D5	327	327	1	8	385	95	96		12.25
139	9	Do5	C5	318	318	3	16	577	99	96	öm	12.34375
140	9	Si4b1	B4b1	313	313	1	16	192	95	96		12.375
141	9	La4	A4	305	305	1	4	769	95	96	rüm 	12.5
142	9			-1	-1	1	8	385	100	0		12.5625
143	9	Si4b1	B4b1	313	313	1	4	769	99	96	hey 	12.6875
144	9	Do5	C5	318	318	1	8	385	95	96		12.75
145	9	Si4b1	B4b1	313	313	3	16	577	99	96	mi	12.84375
146	9	La4	A4	305	305	1	16	192	95	96		12.875
147	9	Sol4	G4	296	296	1	8	385	99	96	rim 	12.9375
148	9	Mi5	E5	336	336	1	8	385	95	96		13
149	9	Re5	D5	327	327	1	8	385	99	96	vay 	13.0625
150	9	Do5	C5	318	318	1	8	385	99	96		13.125
151	9	Si4b1	B4b1	313	313	1	8	385	99	96		13.1875
152	9	La4	A4	305	305	1	8	385	99	96		13.25
153	9	La4	A4	305	305	1	2	1538	95	96		13.5
154	9	Sol4	G4	296	296	3	16	577	99	96	hey 	13.59375
155	9	Fa4#4	F4#4	291	291	1	16	192	99	96		13.625
156	9	Mi4	E4	283	283	1	8	385	99	96		13.6875
157	9	Fa4#4	F4#4	291	291	1	8	385	99	96		13.75
158	9	Sol4	G4	296	296	1	2	1538	95	96		14
159	9	La4	A4	305	305	1	4	769	95	96	te 	14.125
160	9	Sol4	G4	296	296	1	4	769	95	96	nen 	14.25
161	9	La4	A4	305	305	3	8	1154	99	96	ta 	14.4375
162	9	Sol4	G4	296	296	1	8	385	95	96		14.5
163	9	La4	A4	305	305	1	8	385	99	96	dir 	14.5625
164	9	Do5	C5	318	318	1	8	385	99	96		14.625
165	9	Si4b1	B4b1	313	313	1	8	385	99	96		14.6875
166	9	La4	A4	305	305	1	8	385	95	96		14.75
167	9	La4	A4	305	305	3	16	577	99	96	ney 	14.84375
168	9	Sol4	G4	296	296	1	16	192	99	96		14.875
169	9	Fa4#4	F4#4	291	291	1	8	385	99	96		14.9375
170	9	Sol4	G4	296	296	1	8	385	95	96		15
171	9	Fa4#4	F4#4	291	291	1	8	385	95	96		15.0625
172	9	Sol4	G4	296	296	1	8	385	95	96		15.125
173	9	La4	A4	305	305	1	8	385	95	96		15.1875
174	9	Sol4	G4	296	296	1	8	385	95	96		15.25
175	9	Sol4	G4	296	296	1	2	1538	95	96		15.5
176	9	Sol4	G4	296	296	3	16	577	99	96	hey 	15.59375
177	9	Fa4#4	F4#4	291	291	1	16	192	95	96		15.625
178	9	Mi4	E4	283	283	1	8	385	99	96	ca	15.6875
179	9	Fa4#4	F4#4	291	291	1	8	385	95	96		15.75
180	9	Sol4	G4	296	296	1	2	1538	95	96	ným  	16
181	52			0	0	1	2	0	39	0		16.25
182	9	Sol4	G4	296	296	1	4	769	95	96	Ah 	16.375
183	9	Sol4	G4	296	296	1	8	385	99	96	sey	16.4375
184	9	La4	A4	305	305	1	8	385	99	96		16.5
185	9	Sol4	G4	296	296	1	4	769	99	96		16.625
186	9	Fa4#4	F4#4	291	291	1	4	769	99	96		16.75
187	9	Sol4	G4	296	296	1	8	385	99	96		16.8125
188	9	La4	A4	305	305	1	8	385	99	96		16.875
189	9	Sol4	G4	296	296	1	8	385	99	96		16.9375
190	9	Fa4#4	F4#4	291	291	1	8	385	99	96		17
191	9	Sol4	G4	296	296	1	4	769	99	96		17.125
192	9	Si4b1	B4b1	313	313	1	4	769	95	96		17.25
193	9	Do5	C5	318	318	3	16	577	99	96	rey 	17.34375
194	9	Si4b1	B4b1	313	313	1	16	192	99	96		17.375
195	9	La4#4	A4#4	309	309	1	8	385	99	96		17.4375
196	9	Si4b1	B4b1	313	313	1	8	385	99	96		17.5
197	9	La4#4	A4#4	309	309	1	8	385	99	96		17.5625
198	9	Si4b1	B4b1	313	313	1	8	385	99	96		17.625
199	9	Do5	C5	318	318	1	8	385	99	96		17.6875
200	9	Si4b1	B4b1	313	313	1	8	385	99	96		17.75
201	9	Si4b1	B4b1	313	313	3	4	2308	95	96		18.125
202	9			-1	-1	1	4	769	100	0		18.25
203	9	Si4b1	B4b1	313	313	1	8	385	99	96	rey	18.3125
204	9	Do5	C5	318	318	1	8	385	99	96		18.375
205	9	Si4b1	B4b1	313	313	1	8	385	99	96		18.4375
206	9	La4	A4	305	305	1	8	385	95	96		18.5
207	9	Sol4	G4	296	296	1	4	769	95	96	le 	18.625
208	9	Si4b1	B4b1	313	313	1	4	769	95	96	o 	18.75
209	9	Si4b1	B4b1	313	313	3	16	577	99	96	bil 	18.84375
210	9	La4	A4	305	305	1	16	192	99	96		18.875
211	9	Si4b1	B4b1	313	313	1	8	385	99	96		18.9375
212	9	Do5	C5	318	318	1	8	385	99	96		19
213	9	Si4b1	B4b1	313	313	1	4	769	99	96		19.125
214	9	La4	A4	305	305	1	4	769	95	96		19.25
215	9			-1	-1	1	4	769	100	0		19.375
216	9	La4	A4	305	305	1	8	385	99	96	bil	19.4375
217	9	Si4b1	B4b1	313	313	1	8	385	99	96		19.5
218	9	Do5	C5	318	318	1	4	769	99	96		19.625
219	9	Re5	D5	327	327	1	4	769	95	96		19.75
220	9			-1	-1	1	8	385	100	0		19.8125
221	9	Do5	C5	318	318	1	4	769	99	96	lur 	19.9375
222	9	Si4b1	B4b1	313	313	1	8	385	99	96		20
223	9	Si4b1	B4b1	313	313	3	16	577	99	96		20.09375
224	9	La4	A4	305	305	1	16	192	99	96		20.125
225	9	Sol4	G4	296	296	1	4	769	99	96		20.25
226	9	La4	A4	305	305	1	8	385	99	96		20.3125
227	9	Do5	C5	318	318	1	8	385	99	96		20.375
228	9	Si4b1	B4b1	313	313	1	8	385	99	96		20.4375
229	9	La4	A4	305	305	1	8	385	99	96		20.5
230	9	Sol4	G4	296	296	3	16	577	99	96		20.59375
231	9	Fa4#4	F4#4	291	291	1	16	192	99	96		20.625
232	9	Mi4	E4	283	283	1	8	385	99	96		20.6875
233	9	Fa4#4	F4#4	291	291	1	8	385	99	96		20.75
234	9	Sol4	G4	296	296	3	8	1154	95	96		20.9375
235	9			-1	-1	1	8	385	100	0		21
236	9	Re5	D5	327	327	3	16	577	99	96	lur 	21.09375
237	9	Do5	C5	318	318	1	16	192	99	96		21.125
238	9	Si4b1	B4b1	313	313	1	8	385	95	96		21.1875
239	9	Re5	D5	327	327	1	8	385	95	96	be	21.25
240	9	Do5	C5	318	318	1	4	769	99	96	den 	21.375
241	9	Re5	D5	327	327	1	2	1538	99	96		21.625
242	9	Mi5	E5	336	336	1	4	769	95	96		21.75
243	9			-1	-1	1	8	385	100	0		21.8125
244	9	Re5	D5	327	327	1	4	769	99	96	ta	21.9375
245	9	Do5	C5	318	318	1	8	385	99	96		22
246	9	Si4b1	B4b1	313	313	3	16	577	99	96		22.09375
247	9	La4	A4	305	305	1	16	192	99	96		22.125
248	9	Sol4	G4	296	296	1	8	385	99	96		22.1875
249	9	Mi5	E5	336	336	1	8	385	99	96		22.25
250	9	Re5	D5	327	327	1	2	1538	95	96		22.5
251	9	Mi5	E5	336	336	1	8	385	99	96	ze 	22.5625
252	9	Re5	D5	327	327	1	8	385	95	96		22.625
253	9	Do5	C5	318	318	1	8	385	99	96	Fi	22.6875
254	9	Si4b1	B4b1	313	313	1	8	385	95	96		22.75
255	9	Do5	C5	318	318	3	16	577	99	96	ren	22.84375
256	9	Si4b1	B4b1	313	313	1	16	192	99	96		22.875
257	9	Do5	C5	318	318	1	8	385	99	96		22.9375
258	9	Re5	D5	327	327	1	8	385	99	96		23
259	9	Do5	C5	318	318	1	8	385	99	96		23.0625
260	9	Re5	D5	327	327	1	8	385	99	96		23.125
261	9	Do5	C5	318	318	1	8	385	99	96		23.1875
262	9	Si4b1	B4b1	313	313	1	8	385	99	96		23.25
263	9	Si4b1	B4b1	313	313	1	4	769	99	96		23.375
264	9	La4	A4	305	305	1	8	385	99	96		23.4375
265	9	Si4b1	B4b1	313	313	1	8	385	99	96		23.5
266	9	Do5	C5	318	318	1	4	769	99	96		23.625
267	9	Re5	D5	327	327	1	4	769	95	96		23.75
268	9			-1	-1	1	8	385	100	0		23.8125
269	9	Do5	C5	318	318	1	4	769	99	96	gi  	23.9375
270	9	Si4b1	B4b1	313	313	1	8	385	99	96		24
271	9	Si4b1	B4b1	313	313	3	16	577	99	96		24.09375
272	9	La4	A4	305	305	1	16	192	99	96		24.125
273	9	Sol4	G4	296	296	1	4	769	95	96		24.25
274	9			-1	-1	1	8	385	100	0		24.3125
275	9	Sol4	G4	296	296	1	4	769	95	96	Ye 	24.4375
276	9	Fa4#4	F4#4	291	291	1	8	385	95	96	le 	24.5
277	9	Sol4	G4	296	296	1	4	769	95	96	lel 	24.625
278	9	Si4b1	B4b1	313	313	1	4	769	95	96	lel 	24.75
279	9	Re5	D5	327	327	1	8	385	95	96	le 	24.8125
280	9	Do5	C5	318	318	1	8	385	95	96	le 	24.875
281	9	Si4b1	B4b1	313	313	1	8	385	95	96	le 	24.9375
282	9	La4	A4	305	305	1	8	385	95	96	le 	25
283	9	Do5	C5	318	318	1	4	769	95	96	lel 	25.125
284	9	Si4b1	B4b1	313	313	1	4	769	95	96	li 	25.25
285	9			-1	-1	1	8	385	100	0		25.3125
286	9	Re5	D5	327	327	1	4	769	95	96	te 	25.4375
287	9	Mi5	E5	336	336	1	8	385	95	96	re 	25.5
288	9	Re5	D5	327	327	1	4	769	95	96	lel 	25.625
289	9	Si4b1	B4b1	313	313	1	4	769	95	96	lel 	25.75
290	9	Re5	D5	327	327	1	8	385	95	96	le 	25.8125
291	9	Do5	C5	318	318	1	8	385	95	96	le 	25.875
292	9	Si4b1	B4b1	313	313	1	8	385	95	96	le 	25.9375
293	9	La4	A4	305	305	1	8	385	95	96	le 	26
294	9	Do5	C5	318	318	1	4	769	95	96	lel 	26.125
295	9	Si4b1	B4b1	313	313	1	4	769	95	96	li 	26.25
296	9	Sol4	G4	296	296	1	4	769	95	96	yen 	26.375
297	9	Sol4	G4	296	296	1	4	769	95	96	tir 	26.5
298	9	Sol4	G4	296	296	1	4	769	95	96	yel 	26.625
299	9	La4	A4	305	305	1	4	769	95	96	lal 	26.75
300	9			-1	-1	1	4	769	100	0		26.875
301	9	Sol4	G4	296	296	1	8	385	95	96	le 	26.9375
302	9	Fa4#4	F4#4	291	291	1	8	385	95	96	le 	27
303	9	Sol4	G4	296	296	1	4	769	95	96	lel 	27.125
304	9	Si4b1	B4b1	313	313	1	4	769	95	96	lel 	27.25
305	9			-1	-1	1	8	385	100	0		27.3125
306	9	Si4b1	B4b1	313	313	1	4	769	95	96	le 	27.4375
307	9	Do5	C5	318	318	1	8	385	95	96	le 	27.5
308	9	Si4b1	B4b1	313	313	3	16	577	99	96	lel 	27.59375
309	9	La4	A4	305	305	1	16	192	95	96		27.625
310	9	Sol4	G4	296	296	1	4	769	95	96	li 	27.75
311	9			-1	-1	1	8	385	100	0		27.8125
312	9	Re5	D5	327	327	1	4	769	99	96	hey 	27.9375
313	9	Mi5	E5	336	336	1	8	385	95	96		28
314	9	Re5	D5	327	327	3	16	577	99	96	ca	28.09375
315	9	Do5	C5	318	318	1	16	192	95	96		28.125
316	9	Si4b1	B4b1	313	313	1	4	769	95	96	ným 	28.25
317	9			-1	-1	1	8	385	100	0		28.3125
318	9	Do5	C5	318	318	1	4	769	99	96	hey 	28.4375
319	9	Re5	D5	327	327	1	8	385	95	96		28.5
320	9	Do5	C5	318	318	3	16	577	99	96	öm	28.59375
321	9	Si4b1	B4b1	313	313	1	16	192	95	96		28.625
322	9	La4	A4	305	305	1	4	769	95	96	rüm 	28.75
323	9			-1	-1	1	8	385	100	0		28.8125
324	9	Si4b1	B4b1	313	313	1	4	769	99	96	hey 	28.9375
325	9	Do5	C5	318	318	1	8	385	95	96		29
326	9	Si4b1	B4b1	313	313	3	16	577	99	96	mi	29.09375
327	9	La4	A4	305	305	1	16	192	95	96		29.125
328	9	Sol4	G4	296	296	1	8	385	99	96	rim 	29.1875
329	9	Mi5	E5	336	336	1	8	385	95	96		29.25
330	9	Re5	D5	327	327	1	8	385	99	96	vay 	29.3125
331	9	Do5	C5	318	318	1	8	385	99	96		29.375
332	9	Si4b1	B4b1	313	313	1	8	385	99	96		29.4375
333	9	La4	A4	305	305	1	8	385	99	96		29.5
334	9	La4	A4	305	305	1	2	1538	95	96		29.75
335	9	Sol4	G4	296	296	3	16	577	99	96	hey 	29.84375
336	9	Fa4#4	F4#4	291	291	1	16	192	99	96		29.875
337	9	Mi4	E4	283	283	1	8	385	99	96		29.9375
338	9	Fa4#4	F4#4	291	291	1	8	385	99	96		30
339	9	Sol4	G4	296	296	1	2	1538	95	96		30.25
340	9	La4	A4	305	305	1	4	769	95	96	te 	30.375
341	9	Sol4	G4	296	296	1	4	769	95	96	nen 	30.5
342	9	La4	A4	305	305	3	8	1154	99	96	ta 	30.6875
343	9	Sol4	G4	296	296	1	8	385	95	96		30.75
344	9	La4	A4	305	305	1	8	385	99	96	dir 	30.8125
345	9	Do5	C5	318	318	1	8	385	99	96		30.875
346	9	Si4b1	B4b1	313	313	1	8	385	99	96		30.9375
347	9	La4	A4	305	305	1	8	385	95	96		31
348	9	La4	A4	305	305	3	16	577	99	96	ney 	31.09375
349	9	Sol4	G4	296	296	1	16	192	99	96		31.125
350	9	Fa4#4	F4#4	291	291	1	8	385	99	96		31.1875
351	9	Sol4	G4	296	296	1	8	385	95	96		31.25
352	9	Fa4#4	F4#4	291	291	1	8	385	95	96		31.3125
353	9	Sol4	G4	296	296	1	8	385	95	96		31.375
354	9	La4	A4	305	305	1	8	385	95	96		31.4375
355	9	Sol4	G4	296	296	1	8	385	95	96		31.5
356	9	Sol4	G4	296	296	1	2	1538	95	96		31.75
357	9	Fa5	F5	340	340	1	8	385	99	96	hey 	31.8125
358	9	Mi5	E5	336	336	1	8	385	95	96		31.875
359	9	Re5	D5	327	327	1	8	385	99	96	ca	31.9375
360	9	Do5#4	C5#4	322	322	1	8	385	95	96		32
361	9	Re5	D5	327	327	1	2	1538	95	96	ným  	32.25
362	9	Re5	D5	327	327	1	4	769	95	96	Ah 	32.375
363	9	Re5	D5	327	327	1	8	385	99	96	mis	32.4375
364	9	Mi5	E5	336	336	1	8	385	99	96		32.5
365	9	Re5	D5	327	327	1	4	769	99	96		32.625
366	9	Do5#4	C5#4	322	322	1	4	769	99	96		32.75
367	9	Re5	D5	327	327	1	8	385	99	96		32.8125
368	9	Mi5	E5	336	336	1	8	385	99	96		32.875
369	9	Re5	D5	327	327	1	8	385	99	96		32.9375
370	9	Do5#4	C5#4	322	322	1	8	385	99	96		33
371	9	Re5	D5	327	327	1	4	769	99	96		33.125
372	9	Fa5#4	F5#4	344	344	1	4	769	95	96		33.25
373	9	Sol5	G5	349	349	3	16	577	99	96	lin 	33.34375
374	9	Fa5#4	F5#4	344	344	1	16	192	99	96		33.375
375	9	Mi5#4	E5#4	340	340	1	8	385	99	96		33.4375
376	9	Fa5#4	F5#4	344	344	1	8	385	99	96		33.5
377	9	Mi5#4	E5#4	340	340	1	8	385	99	96		33.5625
378	9	Fa5#4	F5#4	344	344	1	8	385	99	96		33.625
379	9	Sol5	G5	349	349	1	8	385	99	96		33.6875
380	9	Fa5#4	F5#4	344	344	1	8	385	99	96		33.75
381	9	Fa5#4	F5#4	344	344	3	4	2308	95	96		34.125
382	9			-1	-1	1	4	769	100	0		34.25
383	9	Fa5#4	F5#4	344	344	1	8	385	99	96	lin 	34.3125
384	9	Sol5	G5	349	349	1	8	385	99	96		34.375
385	9	Fa5#4	F5#4	344	344	1	8	385	99	96		34.4375
386	9	Mi5	E5	336	336	1	8	385	95	96		34.5
387	9	Re5	D5	327	327	1	4	769	95	96	bu	34.625
388	9	Fa5#4	F5#4	344	344	1	4	769	95	96	la	34.75
389	9	Fa5#4	F5#4	344	344	3	16	577	99	96	maz	34.84375
390	9	Mi5	E5	336	336	1	16	192	99	96		34.875
391	9	Fa5#4	F5#4	344	344	1	8	385	99	96		34.9375
392	9	Sol5	G5	349	349	1	8	385	99	96		35
393	9	Fa5#4	F5#4	344	344	1	8	385	99	96		35.0625
394	9	Sol5	G5	349	349	1	8	385	99	96		35.125
395	9	Fa5#4	F5#4	344	344	1	8	385	99	96		35.1875
396	9	Mi5	E5	336	336	1	8	385	99	96		35.25
397	9	Mi5	E5	336	336	1	4	769	95	96		35.375
398	9	Mi5	E5	336	336	1	8	385	99	96	sýn 	35.4375
399	9	Fa5#4	F5#4	344	344	1	8	385	99	96		35.5
400	9	Sol5	G5	349	349	1	4	769	99	96		35.625
401	9	La5	A5	358	358	1	4	769	95	96		35.75
402	9			-1	-1	1	8	385	100	0		35.8125
403	9	Sol5	G5	349	349	1	4	769	99	96	sýn 	35.9375
404	9	Fa5#4	F5#4	344	344	1	8	385	99	96		36
405	9	Fa5#4	F5#4	344	344	3	16	577	99	96		36.09375
406	9	Mi5	E5	336	336	1	16	192	99	96		36.125
407	9	Re5	D5	327	327	1	4	769	99	96		36.25
408	9	Mi5	E5	336	336	1	8	385	99	96		36.3125
409	9	Sol5	G5	349	349	1	8	385	99	96		36.375
410	9	Fa5#4	F5#4	344	344	1	8	385	99	96		36.4375
411	9	Mi5	E5	336	336	1	8	385	99	96		36.5
412	9	Re5	D5	327	327	3	16	577	99	96		36.59375
413	9	Do5#4	C5#4	322	322	1	16	192	99	96		36.625
414	9	Si4	B4	314	314	1	8	385	99	96		36.6875
415	9	Do5#4	C5#4	322	322	1	8	385	99	96		36.75
416	9	Re5	D5	327	327	1	4	769	95	96		36.875
417	9			-1	-1	1	4	769	100	0		37
418	9	Sol4	G4	296	296	1	4	769	95	96	o 	37.125
419	9	Re5	D5	327	327	1	4	769	95	96	büt_	37.25
420	9	Re5	D5	327	327	1	2	1538	95	96	i 	37.5
421	9	Re5	D5	327	327	3	8	1154	99	96	iþ	37.6875
422	9	Do5	C5	318	318	1	8	385	99	96		37.75
423	9	Do5	C5	318	318	3	8	1154	99	96		37.9375
424	9	Si4b1	B4b1	313	313	1	8	385	99	96		38
425	9	Si4b1	B4b1	313	313	3	16	577	99	96		38.09375
426	9	La4	A4	305	305	1	16	192	99	96		38.125
427	9	Sol4	G4	296	296	1	8	385	99	96		38.1875
428	9	Mi5	E5	336	336	1	8	385	99	96		38.25
429	9	Re5	D5	327	327	1	2	1538	95	96		38.5
430	9	Mi5	E5	336	336	1	8	385	99	96	ve	38.5625
431	9	Re5	D5	327	327	1	8	385	95	96		38.625
432	9	Do5	C5	318	318	1	8	385	99	96	pe	38.6875
433	9	Si4b1	B4b1	313	313	1	8	385	95	96		38.75
434	9			-1	-1	1	8	385	100	0		38.8125
435	9	La4	A4	305	305	1	4	769	99	96	res 	38.9375
436	9	Si4b1	B4b1	313	313	1	8	385	99	96		39
437	9	Re5	D5	327	327	1	8	385	99	96		39.0625
438	9	Do5	C5	318	318	1	8	385	99	96		39.125
439	9	Si4b1	B4b1	313	313	1	8	385	99	96		39.1875
440	9	La4	A4	305	305	1	8	385	99	96		39.25
441	9	Sol4	G4	296	296	1	4	769	95	96		39.375
442	9	Mi5	E5	336	336	1	8	385	99	96	res	39.4375
443	9	Fa5#4	F5#4	344	344	1	8	385	99	96		39.5
444	9	Sol5	G5	349	349	1	4	769	99	96		39.625
445	9	La5	A5	358	358	1	4	769	95	96		39.75
446	9			-1	-1	1	8	385	100	0		39.8125
447	9	Sol5	G5	349	349	1	4	769	99	96	tin  	39.9375
448	9	Fa5#4	F5#4	344	344	1	8	385	99	96		40
449	9	Fa5#4	F5#4	344	344	3	16	577	99	96		40.09375
450	9	Mi5	E5	336	336	1	16	192	99	96		40.125
451	9	Re5	D5	327	327	1	4	769	95	96		40.25
452	9			-1	-1	1	8	385	100	0		40.3125
453	9	Re5	D5	327	327	1	4	769	95	96	Ye 	40.4375
454	9	Do5#4	C5#4	322	322	1	8	385	95	96	le 	40.5
455	9	Re5	D5	327	327	1	4	769	95	96	lel 	40.625
456	9	Fa5#4	F5#4	344	344	1	4	769	95	96	lel 	40.75
457	9	La5	A5	358	358	1	8	385	95	96	le 	40.8125
458	9	Sol5	G5	349	349	1	8	385	95	96	le 	40.875
459	9	Fa5#4	F5#4	344	344	1	8	385	95	96	le 	40.9375
460	9	Mi5	E5	336	336	1	8	385	95	96	le 	41
461	9	Sol5	G5	349	349	1	4	769	95	96	lel 	41.125
462	9	Fa5#4	F5#4	344	344	1	4	769	95	96	li 	41.25
463	9			-1	-1	1	8	385	100	0		41.3125
464	9	La5	A5	358	358	1	4	769	95	96	te	41.4375
465	9	Si5	B5	367	367	1	8	385	95	96	re 	41.5
466	9	La5	A5	358	358	1	4	769	95	96	lel 	41.625
467	9	Fa5#4	F5#4	344	344	1	4	769	95	96	lel 	41.75
468	9	La5	A5	358	358	1	8	385	95	96	le 	41.8125
469	9	Sol5	G5	349	349	1	8	385	95	96	le 	41.875
470	9	Fa5#4	F5#4	344	344	1	8	385	95	96	le 	41.9375
471	9	Mi5	E5	336	336	1	8	385	95	96	le 	42
472	9	Sol5	G5	349	349	1	4	769	95	96	lel 	42.125
473	9	Fa5#4	F5#4	344	344	1	4	769	95	96	li 	42.25
474	9	Re5	D5	327	327	1	4	769	95	96	yen 	42.375
475	9	Re5	D5	327	327	1	4	769	95	96	tir 	42.5
476	9	Re5	D5	327	327	1	4	769	95	96	yel 	42.625
477	9	Mi5	E5	336	336	1	4	769	95	96	lel 	42.75
478	9			-1	-1	1	4	769	100	0		42.875
479	9	Re5	D5	327	327	1	8	385	95	96	le 	42.9375
480	9	Do5#4	C5#4	322	322	1	8	385	95	96	le 	43
481	9	Re5	D5	327	327	1	4	769	95	96	lel 	43.125
482	9	Fa5#4	F5#4	344	344	1	4	769	95	96	lel 	43.25
483	9			-1	-1	1	8	385	100	0		43.3125
484	9	Fa5#4	F5#4	344	344	1	4	769	95	96	le 	43.4375
485	9	Sol5	G5	349	349	1	8	385	95	96	le 	43.5
486	9	Fa5#4	F5#4	344	344	3	16	577	99	96	lel 	43.59375
487	9	Mi5	E5	336	336	1	16	192	95	96		43.625
488	9	Re5	D5	327	327	1	4	769	95	96	li 	43.75
489	9			-1	-1	1	8	385	100	0		43.8125
490	9	Re5	D5	327	327	1	4	769	99	96	hey 	43.9375
491	9	Mi5	E5	336	336	1	8	385	95	96		44
492	9	Re5	D5	327	327	3	16	577	99	96	ca	44.09375
493	9	Do5	C5	318	318	1	16	192	95	96		44.125
494	9	Si4b1	B4b1	313	313	1	4	769	95	96	ným 	44.25
495	9			-1	-1	1	8	385	100	0		44.3125
496	9	Do5	C5	318	318	1	4	769	99	96	hey 	44.4375
497	9	Re5	D5	327	327	1	8	385	95	96		44.5
498	9	Do5	C5	318	318	3	16	577	99	96	öm	44.59375
499	9	Si4b1	B4b1	313	313	1	16	192	95	96		44.625
500	9	La4	A4	305	305	1	4	769	95	96	rüm 	44.75
501	9			-1	-1	1	8	385	100	0		44.8125
502	9	Si4b1	B4b1	313	313	1	4	769	99	96	hey 	44.9375
503	9	Do5	C5	318	318	1	8	385	95	96		45
504	9	Si4b1	B4b1	313	313	3	16	577	99	96	mi	45.09375
505	9	La4	A4	305	305	1	16	192	95	96		45.125
506	9	Sol4	G4	296	296	1	8	385	99	96	rim 	45.1875
507	9	Mi5	E5	336	336	1	8	385	95	96		45.25
508	9	Re5	D5	327	327	1	8	385	99	96	vay 	45.3125
509	9	Do5	C5	318	318	1	8	385	99	96		45.375
510	9	Si4b1	B4b1	313	313	1	8	385	99	96		45.4375
511	9	La4	A4	305	305	1	8	385	99	96		45.5
512	9	La4	A4	305	305	1	2	1538	95	96		45.75
513	9	Sol4	G4	296	296	3	16	577	99	96	hey 	45.84375
514	9	Fa4#4	F4#4	291	291	1	16	192	99	96		45.875
515	9	Mi4	E4	283	283	1	8	385	99	96		45.9375
516	9	Fa4#4	F4#4	291	291	1	8	385	99	96		46
517	9	Sol4	G4	296	296	1	2	1538	95	96		46.25
518	9	La4	A4	305	305	1	4	769	95	96	te 	46.375
519	9	Sol4	G4	296	296	1	4	769	95	96	nen 	46.5
520	9	La4	A4	305	305	3	8	1154	99	96	ta 	46.6875
521	9	Sol4	G4	296	296	1	8	385	95	96		46.75
522	9	La4	A4	305	305	1	8	385	99	96	dir 	46.8125
523	9	Do5	C5	318	318	1	8	385	99	96		46.875
524	9	Si4b1	B4b1	313	313	1	8	385	99	96		46.9375
525	9	La4	A4	305	305	1	8	385	95	96		47
526	9	La4	A4	305	305	3	16	577	99	96	ney 	47.09375
527	9	Sol4	G4	296	296	1	16	192	99	96		47.125
528	9	Fa4#4	F4#4	291	291	1	8	385	99	96		47.1875
529	9	Sol4	G4	296	296	1	8	385	99	96		47.25
530	9	Fa4#4	F4#4	291	291	1	8	385	99	96		47.3125
531	9	Sol4	G4	296	296	1	8	385	99	96		47.375
532	9	La4	A4	305	305	1	8	385	99	96		47.4375
533	9	Sol4	G4	296	296	1	8	385	99	96		47.5
534	9	Sol4	G4	296	296	1	2	1538	95	96		47.75
535	9	Sol4	G4	296	296	3	16	577	99	96	hey 	47.84375
536	9	Fa4#4	F4#4	291	291	1	16	192	95	96		47.875
537	9	Mi4	E4	283	283	1	8	385	99	96	ca	47.9375
538	9	Fa4#4	F4#4	291	291	1	8	385	95	96		48
539	9	Sol4	G4	296	296	1	2	1538	95	96	ným  	48.25
540	9	Sol4	G4	296	296	1	4	769	95	96	Ah 	48.375
541	9	Sol4	G4	296	296	1	8	385	99	96	sey	48.4375
542	9	La4	A4	305	305	1	8	385	99	96		48.5
543	9	Sol4	G4	296	296	1	4	769	99	96		48.625
544	9	Fa4#4	F4#4	291	291	1	4	769	99	96		48.75
545	9	Sol4	G4	296	296	1	8	385	99	96		48.8125
546	9	La4	A4	305	305	1	8	385	99	96		48.875
547	9	Sol4	G4	296	296	1	8	385	99	96		48.9375
548	9	Fa4#4	F4#4	291	291	1	8	385	99	96		49
549	9	Sol4	G4	296	296	1	4	769	99	96		49.125
550	9	Si4b1	B4b1	313	313	1	4	769	95	96		49.25
551	9	Do5	C5	318	318	3	16	577	99	96	rey 	49.34375
552	9	Si4b1	B4b1	313	313	1	16	192	99	96		49.375
553	9	La4#4	A4#4	309	309	1	8	385	99	96		49.4375
554	9	Si4b1	B4b1	313	313	1	8	385	99	96		49.5
555	9	La4#4	A4#4	309	309	1	8	385	99	96		49.5625
556	9	Si4b1	B4b1	313	313	1	8	385	99	96		49.625
557	9	Do5	C5	318	318	1	8	385	99	96		49.6875
558	9	Si4b1	B4b1	313	313	1	8	385	99	96		49.75
559	9	Si4b1	B4b1	313	313	3	4	2308	95	96		50.125
560	9			-1	-1	1	4	769	100	0		50.25
561	9	Si4b1	B4b1	313	313	1	8	385	99	96	rey	50.3125
562	9	Do5	C5	318	318	1	8	385	99	96		50.375
563	9	Si4b1	B4b1	313	313	1	8	385	99	96		50.4375
564	9	La4	A4	305	305	1	8	385	95	96		50.5
565	9	Sol4	G4	296	296	1	4	769	95	96	le 	50.625
566	9	Si4b1	B4b1	313	313	1	4	769	95	96	o 	50.75
567	9	Si4b1	B4b1	313	313	3	16	577	99	96	bil 	50.84375
568	9	La4	A4	305	305	1	16	192	99	96		50.875
569	9	Si4b1	B4b1	313	313	1	8	385	99	96		50.9375
570	9	Do5	C5	318	318	1	8	385	99	96		51
571	9	Si4b1	B4b1	313	313	1	4	769	99	96		51.125
572	9	La4	A4	305	305	1	4	769	95	96		51.25
573	9			-1	-1	1	4	769	100	0		51.375
574	9	La4	A4	305	305	1	8	385	99	96	bil	51.4375
575	9	Si4b1	B4b1	313	313	1	8	385	99	96		51.5
576	9	Do5	C5	318	318	1	4	769	99	96		51.625
577	9	Re5	D5	327	327	1	4	769	95	96		51.75
578	9			-1	-1	1	8	385	100	0		51.8125
579	9	Do5	C5	318	318	1	4	769	99	96	lur 	51.9375
580	9	Si4b1	B4b1	313	313	1	8	385	99	96		52
581	9	Si4b1	B4b1	313	313	3	16	577	99	96		52.09375
582	9	La4	A4	305	305	1	16	192	99	96		52.125
583	9	Sol4	G4	296	296	1	4	769	99	96		52.25
584	9	La4	A4	305	305	1	8	385	99	96		52.3125
585	9	Do5	C5	318	318	1	8	385	99	96		52.375
586	9	Si4b1	B4b1	313	313	1	8	385	99	96		52.4375
587	9	La4	A4	305	305	1	8	385	99	96		52.5
588	9	Sol4	G4	296	296	3	16	577	99	96		52.59375
589	9	Fa4#4	F4#4	291	291	1	16	192	99	96		52.625
590	9	Mi4	E4	283	283	1	8	385	99	96		52.6875
591	9	Fa4#4	F4#4	291	291	1	8	385	99	96		52.75
592	9	Sol4	G4	296	296	3	8	1154	95	96		52.9375
593	9			-1	-1	1	8	385	100	0		53
594	9	Re5	D5	327	327	3	16	577	99	96	lur 	53.09375
595	9	Do5	C5	318	318	1	16	192	99	96		53.125
596	9	Si4b1	B4b1	313	313	1	8	385	95	96		53.1875
597	9	Re5	D5	327	327	1	8	385	95	96	be	53.25
598	9	Do5	C5	318	318	1	4	769	99	96	den 	53.375
599	9	Re5	D5	327	327	1	2	1538	99	96		53.625
600	9	Mi5	E5	336	336	1	4	769	95	96		53.75
601	9			-1	-1	1	8	385	100	0		53.8125
602	9	Re5	D5	327	327	1	4	769	99	96	ta	53.9375
603	9	Do5	C5	318	318	1	8	385	99	96		54
604	9	Si4b1	B4b1	313	313	3	16	577	99	96		54.09375
605	9	La4	A4	305	305	1	16	192	99	96		54.125
606	9	Sol4	G4	296	296	1	8	385	99	96		54.1875
607	9	Mi5	E5	336	336	1	8	385	99	96		54.25
608	9	Re5	D5	327	327	1	2	1538	95	96		54.5
609	9	Mi5	E5	336	336	1	8	385	99	96	ze 	54.5625
610	9	Re5	D5	327	327	1	8	385	95	96		54.625
611	9	Do5	C5	318	318	1	8	385	99	96	Fi	54.6875
612	9	Si4b1	B4b1	313	313	1	8	385	95	96		54.75
613	9	Do5	C5	318	318	3	16	577	99	96	ren	54.84375
614	9	Si4b1	B4b1	313	313	1	16	192	99	96		54.875
615	9	Do5	C5	318	318	1	8	385	99	96		54.9375
616	9	Re5	D5	327	327	1	8	385	99	96		55
617	9	Do5	C5	318	318	1	8	385	99	96		55.0625
618	9	Re5	D5	327	327	1	8	385	99	96		55.125
619	9	Do5	C5	318	318	1	8	385	99	96		55.1875
620	9	Si4b1	B4b1	313	313	1	8	385	99	96		55.25
621	9	Si4b1	B4b1	313	313	1	4	769	99	96		55.375
622	9	La4	A4	305	305	1	8	385	99	96		55.4375
623	9	Si4b1	B4b1	313	313	1	8	385	99	96		55.5
624	9	Do5	C5	318	318	1	4	769	99	96		55.625
625	9	Re5	D5	327	327	1	4	769	95	96		55.75
626	9			-1	-1	1	8	385	100	0		55.8125
627	9	Do5	C5	318	318	1	4	769	99	96	gi  	55.9375
628	9	Si4b1	B4b1	313	313	1	8	385	99	96		56
629	9	Si4b1	B4b1	313	313	3	16	577	99	96		56.09375
630	9	La4	A4	305	305	1	16	192	99	96		56.125
631	9	Sol4	G4	296	296	1	4	769	95	96		56.25
632	9			-1	-1	1	8	385	100	0		56.3125
633	9	Sol4	G4	296	296	1	4	769	95	96	Ye 	56.4375
634	9	Fa4#4	F4#4	291	291	1	8	385	95	96	le 	56.5
635	9	Sol4	G4	296	296	1	4	769	95	96	lel 	56.625
636	9	Si4b1	B4b1	313	313	1	4	769	95	96	lel 	56.75
637	9	Re5	D5	327	327	1	8	385	95	96	le 	56.8125
638	9	Do5	C5	318	318	1	8	385	95	96	le 	56.875
639	9	Si4b1	B4b1	313	313	1	8	385	95	96	le 	56.9375
640	9	La4	A4	305	305	1	8	385	95	96	le 	57
641	9	Do5	C5	318	318	1	4	769	95	96	lel 	57.125
642	9	Si4b1	B4b1	313	313	1	4	769	95	96	li 	57.25
643	9			-1	-1	1	8	385	100	0		57.3125
644	9	Re5	D5	327	327	1	4	769	95	96	te 	57.4375
645	9	Mi5	E5	336	336	1	8	385	95	96	re 	57.5
646	9	Re5	D5	327	327	1	4	769	95	96	lel 	57.625
647	9	Si4b1	B4b1	313	313	1	4	769	95	96	lel 	57.75
648	9	Re5	D5	327	327	1	8	385	95	96	le 	57.8125
649	9	Do5	C5	318	318	1	8	385	95	96	le 	57.875
650	9	Si4b1	B4b1	313	313	1	8	385	95	96	le 	57.9375
651	9	La4	A4	305	305	1	8	385	95	96	le 	58
652	9	Do5	C5	318	318	1	4	769	95	96	lel 	58.125
653	9	Si4b1	B4b1	313	313	1	4	769	95	96	li 	58.25
654	9	Sol4	G4	296	296	1	4	769	95	96	yen 	58.375
655	9	Sol4	G4	296	296	1	4	769	95	96	tir 	58.5
656	9	Sol4	G4	296	296	1	4	769	95	96	yel 	58.625
657	9	La4	A4	305	305	1	4	769	95	96	lal 	58.75
658	9			-1	-1	1	4	769	100	0		58.875
659	9	Sol4	G4	296	296	1	8	385	95	96	le 	58.9375
660	9	Fa4#4	F4#4	291	291	1	8	385	95	96	le 	59
661	9	Sol4	G4	296	296	1	4	769	95	96	lel 	59.125
662	9	Si4b1	B4b1	313	313	1	4	769	95	96	lel 	59.25
663	9			-1	-1	1	8	385	100	0		59.3125
664	9	Si4b1	B4b1	313	313	1	4	769	95	96	le 	59.4375
665	9	Do5	C5	318	318	1	8	385	95	96	le 	59.5
666	9	Si4b1	B4b1	313	313	3	16	577	99	96	lel 	59.59375
667	9	La4	A4	305	305	1	16	192	95	96		59.625
668	9	Sol4	G4	296	296	1	4	769	95	96	li 	59.75
669	9			-1	-1	1	8	385	100	0		59.8125
670	9	Re5	D5	327	327	1	4	769	99	96	hey 	59.9375
671	9	Mi5	E5	336	336	1	8	385	95	96		60
672	9	Re5	D5	327	327	3	16	577	99	96	ca	60.09375
673	9	Do5	C5	318	318	1	16	192	95	96		60.125
674	9	Si4b1	B4b1	313	313	1	4	769	95	96	ným 	60.25
675	9			-1	-1	1	8	385	100	0		60.3125
676	9	Do5	C5	318	318	1	4	769	99	96	hey 	60.4375
677	9	Re5	D5	327	327	1	8	385	95	96		60.5
678	9	Do5	C5	318	318	3	16	577	99	96	öm	60.59375
679	9	Si4b1	B4b1	313	313	1	16	192	95	96		60.625
680	9	La4	A4	305	305	1	4	769	95	96	rüm 	60.75
681	9			-1	-1	1	8	385	100	0		60.8125
682	9	Si4b1	B4b1	313	313	1	4	769	99	96	hey 	60.9375
683	9	Do5	C5	318	318	1	8	385	95	96		61
684	9	Si4b1	B4b1	313	313	3	16	577	99	96	mi	61.09375
685	9	La4	A4	305	305	1	16	192	95	96		61.125
686	9	Sol4	G4	296	296	1	8	385	99	96	rim 	61.1875
687	9	Mi5	E5	336	336	1	8	385	95	96		61.25
688	9	Re5	D5	327	327	1	8	385	99	96	vay 	61.3125
689	9	Do5	C5	318	318	1	8	385	99	96		61.375
690	9	Si4b1	B4b1	313	313	1	8	385	99	96		61.4375
691	9	La4	A4	305	305	1	8	385	99	96		61.5
692	9	La4	A4	305	305	1	2	1538	95	96		61.75
693	9	Sol4	G4	296	296	3	16	577	99	96	hey 	61.84375
694	9	Fa4#4	F4#4	291	291	1	16	192	99	96		61.875
695	9	Mi4	E4	283	283	1	8	385	99	96		61.9375
696	9	Fa4#4	F4#4	291	291	1	8	385	99	96		62
697	9	Sol4	G4	296	296	1	2	1538	95	96		62.25
698	9	La4	A4	305	305	1	4	769	95	96	te 	62.375
699	9	Sol4	G4	296	296	1	4	769	95	96	nen 	62.5
700	9	La4	A4	305	305	3	8	1154	99	96	ta 	62.6875
701	9	Sol4	G4	296	296	1	8	385	95	96		62.75
702	9	La4	A4	305	305	1	8	385	99	96	dir 	62.8125
703	9	Do5	C5	318	318	1	8	385	99	96		62.875
704	9	Si4b1	B4b1	313	313	1	8	385	99	96		62.9375
705	9	La4	A4	305	305	1	8	385	95	96		63
706	9	La4	A4	305	305	3	16	577	99	96	ney 	63.09375
707	9	Sol4	G4	296	296	1	16	192	99	96		63.125
708	9	Fa4#4	F4#4	291	291	1	8	385	99	96		63.1875
709	9	Sol4	G4	296	296	1	8	385	95	96		63.25
710	9	Fa4#4	F4#4	291	291	1	8	385	99	96		63.3125
711	9	Sol4	G4	296	296	1	8	385	99	96	KARAR	63.375
712	9	La4	A4	305	305	1	8	385	99	96		63.4375
713	9	Sol4	G4	296	296	1	8	385	99	96		63.5
714	9	Sol4	G4	296	296	1	2	1538	95	96		63.75
715	9	Sol4	G4	296	296	1	4	769	95	96	hey 	63.875
716	9	Sol4	G4	296	296	1	4	769	95	96	ca	64
717	9	Sol4	G4	296	296	1	2	1538	95	96	ným  	64.25
