Sira	Kod	Nota53	NotaAE	Koma53	KomaAE	Pay	Payda	Ms	LNS	Bas	Soz1	Offset
1	9	Fa5#4	F5#4	344	344	3	16	517	95	96	ARANAÐME 	0.1666667
2	9	Do6	C6	371	371	1	16	172	95	96	.	0.2222222
3	9	Si5b1	B5b1	366	366	1	8	345	95	96	.	0.3333333
4	9	La5	A5	358	358	1	8	345	95	96	.	0.4444444
5	9	Sol5	G5	349	349	1	8	345	95	96	.	0.5555556
6	9	Fa5#4	F5#4	344	344	1	8	345	95	96	.	0.6666667
7	9	Mi5	E5	336	336	1	4	690	95	96	.	0.8888889
8	9	Re5	D5	327	327	1	8	345	95	96	.	1
9	9	Do5#4	C5#4	322	322	1	16	172	95	96	.	1.055556
10	9	Re5	D5	327	327	1	16	172	95	96	.	1.111111
11	9	Mi5	E5	336	336	1	16	172	95	96	.	1.166667
12	9	Fa5#4	F5#4	344	344	1	16	172	95	96	.	1.222222
13	9	La5	A5	358	358	1	16	172	95	96	.	1.277778
14	9	Sol5	G5	349	349	1	16	172	95	96	.	1.333333
15	9	Fa5	F5	340	340	1	16	172	95	96	.	1.388889
16	9	Mi5	E5	336	336	1	16	172	95	96	.	1.444444
17	9	Mi5	E5	336	336	1	16	172	95	96	.	1.5
18	9	Re5	D5	327	327	1	16	172	95	96	.	1.555556
19	9	Re5	D5	327	327	1	16	172	95	96	.	1.611111
20	9	Do5	C5	318	318	1	16	172	95	96	.	1.666667
21	9	Do5	C5	318	318	1	8	345	95	96	.	1.777778
22	9	Si4b1	B4b1	313	313	1	8	345	95	96	.	1.888889
23	9	La4	A4	305	305	1	8	345	95	96	.	2
24	9	La4	A4	305	305	3	16	517	95	96	.	2.166667
25	9	Mi5	E5	336	336	1	16	172	95	96	.	2.222222
26	9	Mi5	E5	336	336	1	16	172	95	96	.	2.277778
27	9	Re5	D5	327	327	1	16	172	95	96	.	2.333333
28	9	Re5	D5	327	327	1	16	172	95	96	.	2.388889
29	9	Do5	C5	318	318	1	16	172	95	96	.	2.444444
30	9	Do5	C5	318	318	1	16	172	95	96	.	2.5
31	9	Si4b1	B4b1	313	313	1	16	172	95	96	.	2.555556
32	9	Si4b1	B4b1	313	313	1	16	172	95	96	.	2.611111
33	9	La4	A4	305	305	1	16	172	95	96	.	2.666667
34	9	La4	A4	305	305	1	16	172	95	96	.	2.722222
35	9	Si4b1	B4b1	313	313	1	16	172	95	96	.	2.777778
36	9	La4	A4	305	305	1	16	172	95	96	.	2.833333
37	9	Sol4	G4	296	296	1	16	172	95	96	.	2.888889
38	9	Fa4#4	F4#4	291	291	1	16	172	95	96	.	2.944444
39	9	Mi4#3	E4#4	286	287	1	16	172	95	96	.	3
40	9	Fa4#4	F4#4	291	291	1	16	172	95	96	.	3.055556
41	9	Sol4	G4	296	296	1	16	172	95	96	.	3.111111
42	9	La4	A4	305	305	1	16	172	95	96	.	3.166667
43	9	Si4b1	B4b1	313	313	1	16	172	95	96	.	3.222222
44	9	Do5	C5	318	318	1	8	345	95	96	.	3.333333
45	9	Si4b1	B4b1	313	313	1	16	172	95	96	.	3.388889
46	9	La4	A4	305	305	1	16	172	95	96	.	3.444444
47	9	La4	A4	305	305	1	16	172	95	96	.	3.5
48	9	Sol4	G4	296	296	1	16	172	95	96	.	3.555556
49	9	Sol4	G4	296	296	1	16	172	95	96	.	3.611111
50	9	Fa4#4	F4#4	291	291	1	16	172	95	96	.	3.666667
51	9	Fa4#4	F4#4	291	291	1	4	690	95	96	.	3.888889
52	9			-1	-1	1	8	345	100	0		4
53	52			0	0	1	8	0	127	47		4.111111
54	9	Fa5#4	F5#4	344	344	3	16	517	95	96	ARANAÐME 	4.277778
55	9	Do6	C6	371	371	1	16	172	95	96	.	4.333333
56	9	Si5b1	B5b1	366	366	1	8	345	95	96	.	4.444445
57	9	La5	A5	358	358	1	8	345	95	96	.	4.555555
58	9	Sol5	G5	349	349	1	8	345	95	96	.	4.666667
59	9	Fa5#4	F5#4	344	344	1	8	345	95	96	.	4.777778
60	9	Mi5	E5	336	336	1	4	690	95	96	.	5
61	9	Re5	D5	327	327	1	8	345	95	96	.	5.111111
62	9	Do5#4	C5#4	322	322	1	16	172	95	96	.	5.166667
63	9	Re5	D5	327	327	1	16	172	95	96	.	5.222222
64	9	Mi5	E5	336	336	1	16	172	95	96	.	5.277778
65	9	Fa5#4	F5#4	344	344	1	16	172	95	96	.	5.333333
66	9	La5	A5	358	358	1	16	172	95	96	.	5.388889
67	9	Sol5	G5	349	349	1	16	172	95	96	.	5.444445
68	9	Fa5	F5	340	340	1	16	172	95	96	.	5.5
69	9	Mi5	E5	336	336	1	16	172	95	96	.	5.555555
70	9	Mi5	E5	336	336	1	16	172	95	96	.	5.611111
71	9	Re5	D5	327	327	1	16	172	95	96	.	5.666667
72	9	Re5	D5	327	327	1	16	172	95	96	.	5.722222
73	9	Do5	C5	318	318	1	16	172	95	96	.	5.777778
74	9	Do5	C5	318	318	1	8	345	95	96	.	5.888889
75	9	Si4b1	B4b1	313	313	1	8	345	95	96	.	6
76	9	La4	A4	305	305	1	8	345	95	96	.	6.111111
77	9	La4	A4	305	305	3	16	517	95	96	.	6.277778
78	9	Mi5	E5	336	336	1	16	172	95	96	.	6.333333
79	9	Mi5	E5	336	336	1	16	172	95	96	.	6.388889
80	9	Re5	D5	327	327	1	16	172	95	96	.	6.444445
81	9	Re5	D5	327	327	1	16	172	95	96	.	6.5
82	9	Do5	C5	318	318	1	16	172	95	96	.	6.555555
83	9	Do5	C5	318	318	1	16	172	95	96	.	6.611111
84	9	Si4b1	B4b1	313	313	1	16	172	95	96	.	6.666667
85	9	Si4b1	B4b1	313	313	1	16	172	95	96	.	6.722222
86	9	La4	A4	305	305	1	16	172	95	96	.	6.777778
87	9	La4	A4	305	305	1	16	172	95	96	.	6.833333
88	9	Si4b1	B4b1	313	313	1	16	172	95	96	.	6.888889
89	9	La4	A4	305	305	1	16	172	95	96	.	6.944445
90	9	Sol4	G4	296	296	1	16	172	95	96	.	7
91	9	Fa4#4	F4#4	291	291	1	16	172	95	96	.	7.055555
92	9	Mi4#3	E4#4	286	287	1	16	172	95	96	.	7.111111
93	9	Fa4#4	F4#4	291	291	1	16	172	95	96	.	7.166667
94	9	Sol4	G4	296	296	1	16	172	95	96	.	7.222222
95	9	La4	A4	305	305	1	16	172	95	96	.	7.277778
96	9	Si4b1	B4b1	313	313	1	16	172	95	96	.	7.333333
97	9	Do5	C5	318	318	1	8	345	95	96	.	7.444445
98	9	Si4b1	B4b1	313	313	1	16	172	95	96	.	7.5
99	9	La4	A4	305	305	1	16	172	95	96	.	7.555555
100	9	La4	A4	305	305	1	16	172	95	96	.	7.611111
101	9	Sol4	G4	296	296	1	16	172	95	96	.	7.666667
102	9	Sol4	G4	296	296	1	16	172	95	96	.	7.722222
103	9	Fa4#4	F4#4	291	291	1	16	172	95	96	.	7.777778
104	9	Fa4#4	F4#4	291	291	3	16	517	95	96	.	7.944445
105	9	Fa5#4	F5#4	344	344	1	16	172	95	96	.	8
106	9	Mi5#3	E5#4	339	340	1	16	172	95	96	.	8.055555
107	9	Sol5	G5	349	349	1	16	172	95	96	.	8.111111
108	9	Fa5#4	F5#4	344	344	1	4	690	95	96	.	8.333333
109	9	Fa5#4	F5#4	344	344	1	8	345	95	96	El	8.444445
110	9	Fa5#4	F5#4	344	344	1	8	345	95	96	ve	8.555555
111	9	Fa5#4	F5#4	344	344	1	4	690	99	96	dâ 	8.777778
112	9	La5	A5	358	358	1	4	690	99	96		9
113	9	Sol5	G5	349	349	1	8	345	95	96		9.111111
114	9	Fa5#4	F5#4	344	344	1	4	690	95	96	dost 	9.333333
115	9	Sol5	G5	349	349	1	8	345	95	96	de	9.444445
116	9	Sol5	G5	349	349	1	8	345	95	96	li 	9.555555
117	9	Fa5#4	F5#4	344	344	1	4	690	95	96	gö	9.777778
118	9	Mi5#3	E5#4	339	340	1	4	690	99	96	nül 	10
119	9	Fa5#4	F5#4	344	344	1	8	345	95	96		10.11111
120	9	Re5	D5	327	327	1	4	690	95	96	el	10.33333
121	9	Re5	D5	327	327	1	4	690	95	96	ve	10.55556
122	9	Mi5#3	E5#4	339	340	1	8	345	99	96	dâ  	10.66667
123	9	Fa5#4	F5#4	344	344	1	8	345	99	96		10.77778
124	9	Sol5	G5	349	349	1	8	345	99	96		10.88889
125	9	La5	A5	358	358	1	4	690	95	96		11.11111
126	9	Fa5#4	F5#4	344	344	1	8	345	99	96	Ca	11.22222
127	9	Sol5	G5	349	349	1	8	345	99	96		11.33333
128	9	Fa5#4	F5#4	344	344	1	8	345	99	96		11.44444
129	9	Mi5#3	E5#4	339	340	1	8	345	95	96		11.55556
130	9	Re5	D5	327	327	1	4	690	95	96	ným 	11.77778
131	9	Sol5	G5	349	349	1	4	690	99	96	of 	12
132	9	Fa5#4	F5#4	344	344	1	8	345	95	96		12.11111
133	9	Mi5	E5	336	336	1	4	690	95	96	sen 	12.33333
134	9	Fa5	F5	340	340	3	16	517	99	96	gel 	12.5
135	9	Mi5	E5	336	336	1	16	172	95	96		12.55556
136	9	Mi5	E5	336	336	1	16	172	99	96	gel 	12.61111
137	9	Re5	D5	327	327	1	16	172	95	96		12.66667
138	9	Re5	D5	327	327	1	16	172	99	96	a	12.72222
139	9	Do5#4	C5#4	322	322	1	16	172	95	96		12.77778
140	9	Re5	D5	327	327	1	4	690	95	96	man  	13
141	9			-1	-1	1	8	345	100	0		13.11111
142	9	Re5	D5	327	327	3	16	517	95	96	SAZ 	13.27778
143	9	Do5#4	C5#4	322	322	1	16	172	95	96	.	13.33333
144	9	Si4	B4	314	314	1	8	345	95	96	.	13.44444
145	9	Do5#4	C5#4	322	322	1	8	345	95	96	.	13.55556
146	9	Re5	D5	327	327	1	8	345	95	96	.	13.66667
147	9	Do5#4	C5#4	322	322	1	8	345	95	96	.	13.77778
148	9	Re5	D5	327	327	1	4	690	95	96	.	14
149	9			-1	-1	1	8	345	100	0		14.11111
150	9	Mi5	E5	336	336	3	16	517	99	96	Baþ 	14.27778
151	9	Re5	D5	327	327	1	16	172	95	96		14.33333
152	9	Mi5	E5	336	336	1	8	345	99	96	yas	14.44444
153	9	Fa5#4	F5#4	344	344	1	8	345	95	96		14.55556
154	9	Sol5	G5	349	349	1	8	345	99	96	týk	14.66667
155	9	La5	A5	358	358	1	8	345	95	96		14.77778
156	9	Sol5	G5	349	349	1	8	345	99	96	ta 	14.88889
157	9	Fa5	F5	340	340	1	8	345	99	96		15
158	9	Mi5	E5	336	336	1	8	345	95	96		15.11111
159	9	Fa5	F5	340	340	1	16	172	99	96	e	15.16667
160	9	Mi5	E5	336	336	1	16	172	99	96		15.22222
161	9	Fa5	F5	340	340	1	16	172	99	96		15.27778
162	9	Sol5	G5	349	349	1	16	172	95	96		15.33333
163	9	Mi5	E5	336	336	1	8	345	99	96	lâ 	15.44444
164	9	Re5	D5	327	327	1	8	345	95	96		15.55556
165	9	Re5	D5	327	327	1	16	172	99	96	göz	15.61111
166	9	Do5	C5	318	318	1	16	172	99	96		15.66667
167	9	Re5	D5	327	327	1	16	172	99	96		15.72222
168	9	Mi5	E5	336	336	1	16	172	95	96		15.77778
169	9	Do5	C5	318	318	1	4	690	99	96	ler 	16
170	9	Si4b1	B4b1	313	313	1	8	345	95	96		16.11111
171	9	Re5	D5	327	327	1	4	690	95	96	uy	16.33333
172	9	Re5	D5	327	327	1	4	690	95	96	ku	16.55556
173	9	Do5	C5	318	318	1	8	345	99	96	da  	16.66667
174	9	Re5	D5	327	327	1	8	345	99	96		16.77778
175	9	Mi5	E5	336	336	1	4	690	99	96		17
176	9	Re5	D5	327	327	1	8	345	99	96		17.11111
177	9	Do5	C5	318	318	1	4	690	99	96		17.33333
178	9	Si4b1	B4b1	313	313	1	4	690	99	96		17.55556
179	9	La4	A4	305	305	1	8	345	99	96		17.66667
180	9	Si4b1	B4b1	313	313	1	8	345	99	96		17.77778
181	9	Do5	C5	318	318	1	8	345	99	96		17.88889
182	9	Si4b1	B4b1	313	313	1	8	345	99	96		18
183	9	La4	A4	305	305	1	8	345	95	96		18.11111
184	9	La4	A4	305	305	3	16	517	99	96	Uy	18.27778
185	9	Sol4	G4	296	296	1	16	172	95	96		18.33333
186	9	Sol4	G4	296	296	3	16	517	99	96	ku	18.5
187	9	Fa4#4	F4#4	291	291	1	16	172	95	96		18.55556
188	9	Fa4#4	F4#4	291	291	1	2	1380	95	96	da 	19
189	9			-1	-1	1	8	345	100	0		19.11111
190	9	Fa4#4	F4#4	291	291	1	8	345	99	96	yâr 	19.22222
191	9	Sol4	G4	296	296	1	8	345	99	96		19.33333
192	9	La4	A4	305	305	1	8	345	99	96		19.44444
193	9	Si4b1	B4b1	313	313	1	8	345	99	96		19.55556
194	9	Re5	D5	327	327	1	4	690	99	96		19.77778
195	9	Do5	C5	318	318	1	8	345	99	96		19.88889
196	9	Si4b1	B4b1	313	313	1	8	345	99	96		20
197	9	La4	A4	305	305	1	8	345	95	96		20.11111
198	9	La4	A4	305	305	3	16	517	99	96	uy	20.27778
199	9	Sol4	G4	296	296	1	16	172	95	96		20.33333
200	9	Sol4	G4	296	296	3	16	517	99	96	ku	20.5
201	9	Fa4#4	F4#4	291	291	1	16	172	95	96		20.55556
202	9	Fa4#4	F4#4	291	291	1	2	1379	95	96	da  	21
203	9			-1	-1	1	8	345	100	0		21.11111
204	9	Re5	D5	327	327	1	4	690	95	96	Ben 	21.33333
205	9	Re5	D5	327	327	1	8	345	95	96	sa	21.44444
206	9	Re5	D5	327	327	1	8	345	95	96	ra	21.55556
207	9	Re5	D5	327	327	1	16	172	99	96	ma	21.61111
208	9	Do5	C5	318	318	1	16	172	99	96		21.66667
209	9	Re5	D5	327	327	1	16	172	99	96		21.72222
210	9	Mi5	E5	336	336	1	16	172	95	96		21.77778
211	9	Do5	C5	318	318	1	4	690	99	96	dým 	22
212	9	Si4b1	B4b1	313	313	1	8	345	95	96		22.11111
213	9	Re5	D5	327	327	1	8	345	95	96	sa	22.22222
214	9	Re5	D5	327	327	3	8	1034	95	96	ran	22.55556
215	9	Re5	D5	327	327	1	16	172	99	96	la	22.61111
216	9	Do5	C5	318	318	1	16	172	99	96		22.66667
217	9	Re5	D5	327	327	1	16	172	99	96		22.72222
218	9	Mi5	E5	336	336	1	16	172	95	96		22.77778
219	9	Do5	C5	318	318	1	4	690	99	96	ra 	23
220	9	Si4b1	B4b1	313	313	1	8	345	95	96		23.11111
221	9	Re5	D5	327	327	1	4	690	95	96	aþk_	23.33333
222	9	Re5	D5	327	327	1	4	690	95	96	ol	23.55556
223	9	Do5	C5	318	318	1	8	345	99	96	sun  	23.66667
224	9	Re5	D5	327	327	1	8	345	99	96		23.77778
225	9	Mi5	E5	336	336	1	4	690	99	96		24
226	9	Re5	D5	327	327	1	8	345	99	96		24.11111
227	9	Do5	C5	318	318	1	4	690	99	96		24.33333
228	9	Si4b1	B4b1	313	313	1	4	690	99	96		24.55556
229	9	La4	A4	305	305	1	8	345	99	96		24.66667
230	9	Si4b1	B4b1	313	313	1	8	345	99	96		24.77778
231	9	Do5	C5	318	318	1	8	345	99	96		24.88889
232	9	Si4b1	B4b1	313	313	1	8	345	99	96		25
233	9	La4	A4	305	305	1	8	345	95	96		25.11111
234	9	La4	A4	305	305	3	16	517	99	96	Aþk_	25.27778
235	9	Sol4	G4	296	296	1	16	172	95	96		25.33333
236	9	Sol4	G4	296	296	3	16	517	99	96	ol	25.5
237	9	Fa4#4	F4#4	291	291	1	16	172	95	96		25.55556
238	9	Fa4#4	F4#4	291	291	1	2	1379	95	96	sun 	26
239	9			-1	-1	1	8	345	100	0		26.11111
240	9	Fa4#4	F4#4	291	291	1	8	345	99	96	yâr 	26.22222
241	9	Sol4	G4	296	296	1	8	345	99	96		26.33333
242	9	La4	A4	305	305	1	8	345	99	96		26.44444
243	9	Si4b1	B4b1	313	313	1	8	345	99	96		26.55556
244	9	Re5	D5	327	327	1	4	690	99	96		26.77778
245	9	Do5	C5	318	318	1	8	345	99	96		26.88889
246	9	Si4b1	B4b1	313	313	1	8	345	99	96		27
247	9	La4	A4	305	305	1	8	345	95	96		27.11111
248	9	La4	A4	305	305	3	16	517	99	96	aþk_	27.27778
249	9	Sol4	G4	296	296	1	16	172	95	96		27.33333
250	9	Sol4	G4	296	296	3	16	517	99	96	ol	27.5
251	9	Fa4#4	F4#4	291	291	1	16	172	95	96		27.55556
252	9	Fa4#4	F4#4	291	291	1	2	1379	95	96	sun  	28
253	9			-1	-1	1	8	345	100	0		28.11111
254	9	Re5	D5	327	327	1	4	690	95	96	Ben 	28.33333
255	9	Re5	D5	327	327	1	8	345	95	96	sa	28.44444
256	9	Re5	D5	327	327	1	8	345	95	96	ra	28.55556
257	9	Re5	D5	327	327	1	16	172	99	96	ma	28.61111
258	9	Do5	C5	318	318	1	16	172	99	96		28.66667
259	9	Re5	D5	327	327	1	16	172	99	96		28.72222
260	9	Mi5	E5	336	336	1	16	172	95	96		28.77778
261	9	Do5	C5	318	318	1	4	690	99	96	dým 	29
262	9	Si4b1	B4b1	313	313	1	8	345	95	96		29.11111
263	9	Re5	D5	327	327	1	8	345	95	96	sa	29.22222
264	9	Re5	D5	327	327	3	8	1034	95	96	ran	29.55556
265	9	Re5	D5	327	327	1	16	172	99	96	la	29.61111
266	9	Do5	C5	318	318	1	16	172	99	96		29.66667
267	9	Re5	D5	327	327	1	16	172	99	96		29.72222
268	9	Mi5	E5	336	336	1	16	172	95	96		29.77778
269	9	Do5	C5	318	318	1	4	690	99	96	ra 	30
270	9	Si4b1	B4b1	313	313	1	8	345	95	96		30.11111
271	9	Re5	D5	327	327	1	4	690	95	96	aþk_	30.33333
272	9	Re5	D5	327	327	1	4	690	95	96	ol	30.55556
273	9	Do5	C5	318	318	1	8	345	99	96	sun  	30.66667
274	9	Re5	D5	327	327	1	8	345	99	96		30.77778
275	9	Mi5	E5	336	336	1	4	690	99	96		31
276	9	Re5	D5	327	327	1	8	345	99	96		31.11111
277	9	Do5	C5	318	318	1	4	690	99	96		31.33333
278	9	Si4b1	B4b1	313	313	1	4	690	99	96		31.55556
279	9	La4	A4	305	305	1	8	345	99	96		31.66667
280	9	Si4b1	B4b1	313	313	1	8	345	99	96		31.77778
281	9	Do5	C5	318	318	1	8	345	99	96		31.88889
282	9	Si4b1	B4b1	313	313	1	8	345	99	96		32
283	9	La4	A4	305	305	1	8	345	95	96		32.11111
284	9	La4	A4	305	305	3	16	517	99	96	Aþk_	32.27778
285	9	Sol4	G4	296	296	1	16	172	95	96		32.33333
286	9	Sol4	G4	296	296	3	16	517	99	96	ol	32.5
287	9	Fa4#4	F4#4	291	291	1	16	172	95	96		32.55556
288	9	Fa4#4	F4#4	291	291	1	2	1379	95	96	sun 	33
289	9			-1	-1	1	8	345	100	0		33.11111
290	9	Fa4#4	F4#4	291	291	1	8	345	99	96	yâr 	33.22222
291	9	Sol4	G4	296	296	1	8	345	99	96		33.33333
292	9	La4	A4	305	305	1	8	345	99	96		33.44444
293	9	Si4b1	B4b1	313	313	1	8	345	99	96		33.55556
294	9	Re5	D5	327	327	1	4	690	99	96		33.77778
295	9	Do5	C5	318	318	1	8	345	99	96		33.88889
296	9	Si4b1	B4b1	313	313	1	8	345	99	96		34
297	9	La4	A4	305	305	1	8	345	95	96		34.11111
298	9	La4	A4	305	305	3	16	517	99	96	aþk_	34.27778
299	9	Sol4	G4	296	296	1	16	172	95	96		34.33333
300	9	Sol4	G4	296	296	3	16	517	99	96	ol	34.5
301	9	Fa4#4	F4#4	291	291	1	16	172	95	96		34.55556
302	9	Fa4#4	F4#4	291	291	1	2	1379	95	96	sun  	35
303	9			-1	-1	1	8	345	100	0		35.11111
304	9	Fa5#4	F5#4	344	344	3	16	517	95	96	ARANAÐME 	35.27778
305	9	Do6	C6	371	371	1	16	172	95	96	.	35.33333
306	9	Si5b1	B5b1	366	366	1	8	345	95	96	.	35.44444
307	9	La5	A5	358	358	1	8	345	95	96	.	35.55556
308	9	Sol5	G5	349	349	1	8	345	95	96	.	35.66667
309	9	Fa5#4	F5#4	344	344	1	8	345	95	96	.	35.77778
310	9	Mi5	E5	336	336	1	4	690	95	96	.	36
311	9	Re5	D5	327	327	1	8	345	95	96	.	36.11111
312	9	Do5#4	C5#4	322	322	1	16	172	95	96	.	36.16667
313	9	Re5	D5	327	327	1	16	172	95	96	.	36.22222
314	9	Mi5	E5	336	336	1	16	172	95	96	.	36.27778
315	9	Fa5#4	F5#4	344	344	1	16	172	95	96	.	36.33333
316	9	La5	A5	358	358	1	16	172	95	96	.	36.38889
317	9	Sol5	G5	349	349	1	16	172	95	96	.	36.44444
318	9	Fa5	F5	340	340	1	16	172	95	96	.	36.5
319	9	Mi5	E5	336	336	1	16	172	95	96	.	36.55556
320	9	Mi5	E5	336	336	1	16	172	95	96	.	36.61111
321	9	Re5	D5	327	327	1	16	172	95	96	.	36.66667
322	9	Re5	D5	327	327	1	16	172	95	96	.	36.72222
323	9	Do5	C5	318	318	1	16	172	95	96	.	36.77778
324	9	Do5	C5	318	318	1	8	345	95	96	.	36.88889
325	9	Si4b1	B4b1	313	313	1	8	345	95	96	.	37
326	9	La4	A4	305	305	1	8	345	95	96	.	37.11111
327	9	La4	A4	305	305	3	16	517	95	96	.	37.27778
328	9	Mi5	E5	336	336	1	16	172	95	96	.	37.33333
329	9	Mi5	E5	336	336	1	16	172	95	96	.	37.38889
330	9	Re5	D5	327	327	1	16	172	95	96	.	37.44444
331	9	Re5	D5	327	327	1	16	172	95	96	.	37.5
332	9	Do5	C5	318	318	1	16	172	95	96	.	37.55556
333	9	Do5	C5	318	318	1	16	172	95	96	.	37.61111
334	9	Si4b1	B4b1	313	313	1	16	172	95	96	.	37.66667
335	9	Si4b1	B4b1	313	313	1	16	172	95	96	.	37.72222
336	9	La4	A4	305	305	1	16	172	95	96	.	37.77778
337	9	La4	A4	305	305	1	16	172	95	96	.	37.83333
338	9	Si4b1	B4b1	313	313	1	16	172	95	96	.	37.88889
339	9	La4	A4	305	305	1	16	172	95	96	.	37.94444
340	9	Sol4	G4	296	296	1	16	172	95	96	.	38
341	9	Fa4#4	F4#4	291	291	1	16	172	95	96	.	38.05556
342	9	Mi4#3	E4#4	286	287	1	16	172	95	96	.	38.11111
343	9	Fa4#4	F4#4	291	291	1	16	172	95	96	.	38.16667
344	9	Sol4	G4	296	296	1	16	172	95	96	.	38.22222
345	9	La4	A4	305	305	1	16	172	95	96	.	38.27778
346	9	Si4b1	B4b1	313	313	1	16	172	95	96	.	38.33333
347	9	Do5	C5	318	318	1	8	345	95	96	.	38.44444
348	9	Si4b1	B4b1	313	313	1	16	172	95	96	.	38.5
349	9	La4	A4	305	305	1	16	172	95	96	.	38.55556
350	9	La4	A4	305	305	1	16	172	95	96	.	38.61111
351	9	Sol4	G4	296	296	1	16	172	95	96	.	38.66667
352	9	Sol4	G4	296	296	1	16	172	95	96	.	38.72222
353	9	Fa4#4	F4#4	291	291	1	16	172	95	96	.	38.77778
354	9	Fa4#4	F4#4	291	291	1	4	690	95	96	.	39
355	9			-1	-1	1	8	345	100	0		39.11111
356	9	Fa5#4	F5#4	344	344	3	16	517	95	96	ARANAÐME 	39.27778
357	9	Do6	C6	371	371	1	16	172	95	96	.	39.33333
358	9	Si5b1	B5b1	366	366	1	8	345	95	96	.	39.44444
359	9	La5	A5	358	358	1	8	345	95	96	.	39.55556
360	9	Sol5	G5	349	349	1	8	345	95	96	.	39.66667
361	9	Fa5#4	F5#4	344	344	1	8	345	95	96	.	39.77778
362	9	Mi5	E5	336	336	1	4	690	95	96	.	40
363	9	Re5	D5	327	327	1	8	345	95	96	.	40.11111
364	9	Do5#4	C5#4	322	322	1	16	172	95	96	.	40.16667
365	9	Re5	D5	327	327	1	16	172	95	96	.	40.22222
366	9	Mi5	E5	336	336	1	16	172	95	96	.	40.27778
367	9	Fa5#4	F5#4	344	344	1	16	172	95	96	.	40.33333
368	9	La5	A5	358	358	1	16	172	95	96	.	40.38889
369	9	Sol5	G5	349	349	1	16	172	95	96	.	40.44444
370	9	Fa5	F5	340	340	1	16	172	95	96	.	40.5
371	9	Mi5	E5	336	336	1	16	172	95	96	.	40.55556
372	9	Mi5	E5	336	336	1	16	172	95	96	.	40.61111
373	9	Re5	D5	327	327	1	16	172	95	96	.	40.66667
374	9	Re5	D5	327	327	1	16	172	95	96	.	40.72222
375	9	Do5	C5	318	318	1	16	172	95	96	.	40.77778
376	9	Do5	C5	318	318	1	8	345	95	96	.	40.88889
377	9	Si4b1	B4b1	313	313	1	8	345	95	96	.	41
378	9	La4	A4	305	305	1	8	345	95	96	.	41.11111
379	9	La4	A4	305	305	3	16	517	95	96	.	41.27778
380	9	Mi5	E5	336	336	1	16	172	95	96	.	41.33333
381	9	Mi5	E5	336	336	1	16	172	95	96	.	41.38889
382	9	Re5	D5	327	327	1	16	172	95	96	.	41.44444
383	9	Re5	D5	327	327	1	16	172	95	96	.	41.5
384	9	Do5	C5	318	318	1	16	172	95	96	.	41.55556
385	9	Do5	C5	318	318	1	16	172	95	96	.	41.61111
386	9	Si4b1	B4b1	313	313	1	16	172	95	96	.	41.66667
387	9	Si4b1	B4b1	313	313	1	16	172	95	96	.	41.72222
388	9	La4	A4	305	305	1	16	172	95	96	.	41.77778
389	9	La4	A4	305	305	1	16	172	95	96	.	41.83333
390	9	Si4b1	B4b1	313	313	1	16	172	95	96	.	41.88889
391	9	La4	A4	305	305	1	16	172	95	96	.	41.94444
392	9	Sol4	G4	296	296	1	16	172	95	96	.	42
393	9	Fa4#4	F4#4	291	291	1	16	172	95	96	.	42.05556
394	9	Mi4#3	E4#4	286	287	1	16	172	95	96	.	42.11111
395	9	Fa4#4	F4#4	291	291	1	16	172	95	96	.	42.16667
396	9	Sol4	G4	296	296	1	16	172	95	96	.	42.22222
397	9	La4	A4	305	305	1	16	172	95	96	.	42.27778
398	9	Si4b1	B4b1	313	313	1	16	172	95	96	.	42.33333
399	9	Do5	C5	318	318	1	8	345	95	96	.	42.44444
400	9	Si4b1	B4b1	313	313	1	16	172	95	96	.	42.5
401	9	La4	A4	305	305	1	16	172	95	96	.	42.55556
402	9	La4	A4	305	305	1	16	172	95	96	.	42.61111
403	9	Sol4	G4	296	296	1	16	172	95	96	.	42.66667
404	9	Sol4	G4	296	296	1	16	172	95	96	.	42.72222
405	9	Fa4#4	F4#4	291	291	1	16	172	95	96	.	42.77778
406	9	Fa4#4	F4#4	291	291	3	16	517	95	96	.	42.94444
407	9	Fa5#4	F5#4	344	344	1	16	172	95	96	.	43
408	9	Mi5#3	E5#4	339	340	1	16	172	95	96	.	43.05556
409	9	Sol5	G5	349	349	1	16	172	95	96	.	43.11111
410	9	Fa5#4	F5#4	344	344	1	4	690	95	96	.	43.33333
411	9	Fa5#4	F5#4	344	344	1	8	345	95	96	El	43.44444
412	9	Fa5#4	F5#4	344	344	1	8	345	95	96	ve	43.55556
413	9	Fa5#4	F5#4	344	344	1	4	690	99	96	dâ 	43.77778
414	9	La5	A5	358	358	1	4	690	99	96		44
415	9	Sol5	G5	349	349	1	8	345	95	96		44.11111
416	9	Fa5#4	F5#4	344	344	1	4	690	95	96	dost 	44.33333
417	9	Sol5	G5	349	349	1	8	345	95	96	de	44.44444
418	9	Sol5	G5	349	349	1	8	345	95	96	li 	44.55556
419	9	Fa5#4	F5#4	344	344	1	4	690	95	96	gö	44.77778
420	9	Mi5#3	E5#4	339	340	1	4	690	99	96	nül 	45
421	9	Fa5#4	F5#4	344	344	1	8	345	95	96		45.11111
422	9	Re5	D5	327	327	1	4	690	95	96	el	45.33333
423	9	Re5	D5	327	327	1	4	690	95	96	ve	45.55556
424	9	Mi5#3	E5#4	339	340	1	8	345	99	96	dâ  	45.66667
425	9	Fa5#4	F5#4	344	344	1	8	345	99	96		45.77778
426	9	Sol5	G5	349	349	1	8	345	99	96		45.88889
427	9	La5	A5	358	358	1	4	690	95	96		46.11111
428	9	Fa5#4	F5#4	344	344	1	8	345	99	96	Ca	46.22222
429	9	Sol5	G5	349	349	1	8	345	99	96		46.33333
430	9	Fa5#4	F5#4	344	344	1	8	345	99	96		46.44444
431	9	Mi5#3	E5#4	339	340	1	8	345	95	96		46.55556
432	9	Re5	D5	327	327	1	4	690	95	96	ným 	46.77778
433	9	Sol5	G5	349	349	1	4	690	99	96	of 	47
434	9	Fa5#4	F5#4	344	344	1	8	345	95	96		47.11111
435	9	Mi5	E5	336	336	1	4	690	95	96	sen 	47.33333
436	9	Fa5	F5	340	340	3	16	517	99	96	gel 	47.5
437	9	Mi5	E5	336	336	1	16	172	95	96		47.55556
438	9	Mi5	E5	336	336	1	16	172	99	96	gel 	47.61111
439	9	Re5	D5	327	327	1	16	172	95	96		47.66667
440	9	Re5	D5	327	327	1	16	172	99	96	a	47.72222
441	9	Do5#4	C5#4	322	322	1	16	172	95	96		47.77778
442	9	Re5	D5	327	327	1	4	690	95	96	man  	48
443	9			-1	-1	1	8	345	100	0		48.11111
444	9	Re5	D5	327	327	3	16	517	95	96	SAZ 	48.27778
445	9	Do5#4	C5#4	322	322	1	16	172	95	96	.	48.33333
446	9	Si4	B4	314	314	1	8	345	95	96	.	48.44444
447	9	Do5#4	C5#4	322	322	1	8	345	95	96	.	48.55556
448	9	Re5	D5	327	327	1	8	345	95	96	.	48.66667
449	9	Do5#4	C5#4	322	322	1	8	345	95	96	.	48.77778
450	9	Re5	D5	327	327	1	4	690	95	96	.	49
451	9			-1	-1	1	8	345	100	0		49.11111
452	9	Mi5	E5	336	336	3	16	517	99	96	Baþ 	49.27778
453	9	Re5	D5	327	327	1	16	172	95	96		49.33333
454	9	Mi5	E5	336	336	1	8	345	99	96	yas	49.44444
455	9	Fa5#4	F5#4	344	344	1	8	345	95	96		49.55556
456	9	Sol5	G5	349	349	1	8	345	99	96	týk	49.66667
457	9	La5	A5	358	358	1	8	345	95	96		49.77778
458	9	Sol5	G5	349	349	1	8	345	99	96	ta 	49.88889
459	9	Fa5	F5	340	340	1	8	345	99	96		50
460	9	Mi5	E5	336	336	1	8	345	95	96		50.11111
461	9	Fa5	F5	340	340	1	16	172	99	96	e	50.16667
462	9	Mi5	E5	336	336	1	16	172	99	96		50.22222
463	9	Fa5	F5	340	340	1	16	172	99	96		50.27778
464	9	Sol5	G5	349	349	1	16	172	95	96		50.33333
465	9	Mi5	E5	336	336	1	8	345	99	96	lâ 	50.44444
466	9	Re5	D5	327	327	1	8	345	95	96		50.55556
467	9	Re5	D5	327	327	1	16	172	99	96	göz	50.61111
468	9	Do5	C5	318	318	1	16	172	99	96		50.66667
469	9	Re5	D5	327	327	1	16	172	99	96		50.72222
470	9	Mi5	E5	336	336	1	16	172	95	96		50.77778
471	9	Do5	C5	318	318	1	4	690	99	96	ler 	51
472	9	Si4b1	B4b1	313	313	1	8	345	95	96		51.11111
473	9	Re5	D5	327	327	1	4	690	95	96	uy	51.33333
474	9	Re5	D5	327	327	1	4	690	95	96	ku	51.55556
475	9	Do5	C5	318	318	1	8	345	99	96	da  	51.66667
476	9	Re5	D5	327	327	1	8	345	99	96		51.77778
477	9	Mi5	E5	336	336	1	4	690	99	96		52
478	9	Re5	D5	327	327	1	8	345	99	96		52.11111
479	9	Do5	C5	318	318	1	4	690	99	96		52.33333
480	9	Si4b1	B4b1	313	313	1	4	690	99	96		52.55556
481	9	La4	A4	305	305	1	8	345	99	96		52.66667
482	9	Si4b1	B4b1	313	313	1	8	345	99	96		52.77778
483	9	Do5	C5	318	318	1	8	345	99	96		52.88889
484	9	Si4b1	B4b1	313	313	1	8	345	99	96		53
485	9	La4	A4	305	305	1	8	345	95	96		53.11111
486	9	La4	A4	305	305	3	16	517	99	96	Uy	53.27778
487	9	Sol4	G4	296	296	1	16	172	95	96		53.33333
488	9	Sol4	G4	296	296	3	16	517	99	96	ku	53.5
489	9	Fa4#4	F4#4	291	291	1	16	172	95	96		53.55556
490	9	Fa4#4	F4#4	291	291	1	2	1380	95	96	da 	54
491	9			-1	-1	1	8	345	100	0		54.11111
492	9	Fa4#4	F4#4	291	291	1	8	345	99	96	yâr 	54.22222
493	9	Sol4	G4	296	296	1	8	345	99	96		54.33333
494	9	La4	A4	305	305	1	8	345	99	96		54.44444
495	9	Si4b1	B4b1	313	313	1	8	345	99	96		54.55556
496	9	Re5	D5	327	327	1	4	690	99	96		54.77778
497	9	Do5	C5	318	318	1	8	345	99	96		54.88889
498	9	Si4b1	B4b1	313	313	1	8	345	99	96		55
499	9	La4	A4	305	305	1	8	345	95	96		55.11111
500	9	La4	A4	305	305	3	16	517	99	96	uy	55.27778
501	9	Sol4	G4	296	296	1	16	172	95	96		55.33333
502	9	Sol4	G4	296	296	3	16	517	99	96	ku	55.5
503	9	Fa4#4	F4#4	291	291	1	16	172	95	96		55.55556
504	9	Fa4#4	F4#4	291	291	1	2	1379	95	96	da  	56
505	9			-1	-1	1	8	345	100	0		56.11111
506	9	Re5	D5	327	327	1	4	690	95	96	Ben 	56.33333
507	9	Re5	D5	327	327	1	8	345	95	96	sa	56.44444
508	9	Re5	D5	327	327	1	8	345	95	96	ra	56.55556
509	9	Re5	D5	327	327	1	16	172	99	96	ma	56.61111
510	9	Do5	C5	318	318	1	16	172	99	96		56.66667
511	9	Re5	D5	327	327	1	16	172	99	96		56.72222
512	9	Mi5	E5	336	336	1	16	172	95	96		56.77778
513	9	Do5	C5	318	318	1	4	690	99	96	dým 	57
514	9	Si4b1	B4b1	313	313	1	8	345	95	96		57.11111
515	9	Re5	D5	327	327	1	8	345	95	96	sa	57.22222
516	9	Re5	D5	327	327	3	8	1034	95	96	ran	57.55556
517	9	Re5	D5	327	327	1	16	172	99	96	la	57.61111
518	9	Do5	C5	318	318	1	16	172	99	96		57.66667
519	9	Re5	D5	327	327	1	16	172	99	96		57.72222
520	9	Mi5	E5	336	336	1	16	172	95	96		57.77778
521	9	Do5	C5	318	318	1	4	690	99	96	ra 	58
522	9	Si4b1	B4b1	313	313	1	8	345	95	96		58.11111
523	9	Re5	D5	327	327	1	4	690	95	96	aþk_	58.33333
524	9	Re5	D5	327	327	1	4	690	95	96	ol	58.55556
525	9	Do5	C5	318	318	1	8	345	99	96	sun  	58.66667
526	9	Re5	D5	327	327	1	8	345	99	96		58.77778
527	9	Mi5	E5	336	336	1	4	690	99	96		59
528	9	Re5	D5	327	327	1	8	345	99	96		59.11111
529	9	Do5	C5	318	318	1	4	690	99	96		59.33333
530	9	Si4b1	B4b1	313	313	1	4	690	99	96		59.55556
531	9	La4	A4	305	305	1	8	345	99	96		59.66667
532	9	Si4b1	B4b1	313	313	1	8	345	99	96		59.77778
533	9	Do5	C5	318	318	1	8	345	99	96		59.88889
534	9	Si4b1	B4b1	313	313	1	8	345	99	96		60
535	9	La4	A4	305	305	1	8	345	95	96		60.11111
536	9	La4	A4	305	305	3	16	517	99	96	Aþk_	60.27778
537	9	Sol4	G4	296	296	1	16	172	95	96		60.33333
538	9	Sol4	G4	296	296	3	16	517	99	96	ol	60.5
539	9	Fa4#4	F4#4	291	291	1	16	172	95	96		60.55556
540	9	Fa4#4	F4#4	291	291	1	2	1379	95	96	sun 	61
541	9			-1	-1	1	8	345	100	0		61.11111
542	9	Fa4#4	F4#4	291	291	1	8	345	99	96	yâr 	61.22222
543	9	Sol4	G4	296	296	1	8	345	99	96		61.33333
544	9	La4	A4	305	305	1	8	345	99	96		61.44444
545	9	Si4b1	B4b1	313	313	1	8	345	99	96		61.55556
546	9	Re5	D5	327	327	1	4	690	99	96		61.77778
547	9	Do5	C5	318	318	1	8	345	99	96		61.88889
548	9	Si4b1	B4b1	313	313	1	8	345	99	96		62
549	9	La4	A4	305	305	1	8	345	95	96		62.11111
550	9	La4	A4	305	305	3	16	517	99	96	aþk_	62.27778
551	9	Sol4	G4	296	296	1	16	172	95	96		62.33333
552	9	Sol4	G4	296	296	3	16	517	99	96	ol	62.5
553	9	Fa4#4	F4#4	291	291	1	16	172	95	96		62.55556
554	9	Fa4#4	F4#4	291	291	1	2	1379	95	96	sun  	63
555	9			-1	-1	1	8	345	100	0		63.11111
556	9	Re5	D5	327	327	1	4	690	95	96	Ben 	63.33333
557	9	Re5	D5	327	327	1	8	345	95	96	sa	63.44444
558	9	Re5	D5	327	327	1	8	345	95	96	ra	63.55556
559	9	Re5	D5	327	327	1	16	172	99	96	ma	63.61111
560	9	Do5	C5	318	318	1	16	172	99	96		63.66667
561	9	Re5	D5	327	327	1	16	172	99	96		63.72222
562	9	Mi5	E5	336	336	1	16	172	95	96		63.77778
563	9	Do5	C5	318	318	1	4	690	99	96	dým 	64
564	9	Si4b1	B4b1	313	313	1	8	345	95	96		64.11111
565	9	Re5	D5	327	327	1	8	345	95	96	sa	64.22222
566	9	Re5	D5	327	327	3	8	1034	95	96	ran	64.55556
567	9	Re5	D5	327	327	1	16	172	99	96	la	64.61111
568	9	Do5	C5	318	318	1	16	172	99	96		64.66666
569	9	Re5	D5	327	327	1	16	172	99	96		64.72222
570	9	Mi5	E5	336	336	1	16	172	95	96		64.77778
571	9	Do5	C5	318	318	1	4	690	99	96	ra 	65
572	9	Si4b1	B4b1	313	313	1	8	345	95	96		65.11111
573	9	Re5	D5	327	327	1	4	690	95	96	aþk_	65.33334
574	9	Re5	D5	327	327	1	4	690	95	96	ol	65.55556
575	9	Do5	C5	318	318	1	8	345	99	96	sun  	65.66666
576	9	Re5	D5	327	327	1	8	345	99	96		65.77778
577	9	Mi5	E5	336	336	1	4	690	99	96		66
578	9	Re5	D5	327	327	1	8	345	99	96		66.11111
579	9	Do5	C5	318	318	1	4	690	99	96		66.33334
580	9	Si4b1	B4b1	313	313	1	4	690	99	96		66.55556
581	9	La4	A4	305	305	1	8	345	99	96		66.66666
582	9	Si4b1	B4b1	313	313	1	8	345	99	96		66.77778
583	9	Do5	C5	318	318	1	8	345	99	96		66.88889
584	9	Si4b1	B4b1	313	313	1	8	345	99	96		67
585	9	La4	A4	305	305	1	8	345	95	96		67.11111
586	9	La4	A4	305	305	3	16	517	99	96	Aþk_	67.27778
587	9	Sol4	G4	296	296	1	16	172	95	96		67.33334
588	9	Sol4	G4	296	296	3	16	517	99	96	ol	67.5
589	9	Fa4#4	F4#4	291	291	1	16	172	95	96		67.55556
590	9	Fa4#4	F4#4	291	291	1	2	1379	95	96	sun 	68
591	9			-1	-1	1	8	345	100	0		68.11111
592	9	Fa4#4	F4#4	291	291	1	8	345	99	96	yâr 	68.22222
593	9	Sol4	G4	296	296	1	8	345	99	96		68.33334
594	9	La4	A4	305	305	1	8	345	99	96		68.44444
595	9	Si4b1	B4b1	313	313	1	8	345	99	96		68.55556
596	9	Re5	D5	327	327	1	4	690	99	96		68.77778
597	9	Do5	C5	318	318	1	8	345	99	96		68.88889
598	9	Si4b1	B4b1	313	313	1	8	345	99	96		69
599	9	La4	A4	305	305	1	8	345	95	96		69.11111
600	9	La4	A4	305	305	3	16	517	99	96	aþk_	69.27778
601	9	Sol4	G4	296	296	1	16	172	95	96		69.33334
602	9	Sol4	G4	296	296	3	16	517	99	96	ol	69.5
603	9	Fa4#4	F4#4	291	291	1	16	172	95	96		69.55556
604	9	Fa4#4	F4#4	291	291	1	2	1379	95	96	sun  	70
605	9			-1	-1	1	8	345	100	0		70.11111
