Sira	Kod	Nota53	NotaAE	Koma53	KomaAE	Pay	Payda	Ms	LNS	Bas	Soz1	Offset
1	9	Mi5	E5	336	336	1	16	278	95	96	An	0.1
2	9	Re5	D5	327	327	1	16	278	95	96		0.2
3	9	Re5	D5	327	327	1	16	278	95	96		0.3
4	9	Fa5	F5	340	340	1	8	556	95	96	la	0.5
5	9	Mi5	E5	336	336	1	16	278	95	96	dým 	0.6
6	9	Re5	D5	327	327	1	16	278	95	96		0.7
7	9	Do5#4	C5#4	322	322	1	16	278	95	96		0.8
8	9	Si4b4	B4b4	310	310	1	16	278	95	96		0.9
9	9	La4	A4	305	305	1	16	278	95	96		1
10	9	La4	A4	305	305	1	16	278	95	96	sev	1.1
11	9	Si4b4	B4b4	310	310	1	16	278	95	96		1.2
12	9	Do5#4	C5#4	322	322	1	16	278	95	96		1.3
13	9	Re5	D5	327	327	1	16	278	95	96		1.4
14	9	Mi5	E5	336	336	1	16	278	95	96		1.5
15	9	Mi5	E5	336	336	1	32	139	95	96		1.55
16	9	Re5	D5	327	327	1	32	139	95	96		1.6
17	9	Re5	D5	327	327	1	32	139	95	96		1.65
18	9	Do5#4	C5#4	322	322	1	32	139	95	96		1.7
19	9	Re5	D5	327	327	3	16	833	95	96		2
20	9	Re5	D5	327	327	1	16	278	95	96	me	2.1
21	9	Do5#4	C5#4	322	322	1	16	278	95	96		2.2
22	9	Do5#4	C5#4	322	322	1	16	278	95	96		2.3
23	9	Re5	D5	327	327	1	16	278	95	96	ye	2.4
24	9	Sol5	G5	349	349	1	16	278	95	96		2.5
25	9	Fa5	F5	340	340	1	16	278	95	96	cek	2.6
26	9	Mi5	E5	336	336	1	16	278	95	96		2.7
27	9	Re5	D5	327	327	1	16	278	95	96		2.8
28	9	Do5#4	C5#4	322	322	1	16	278	95	96		2.9
29	9	Si4b4	B4b4	310	310	1	16	278	95	96		3
30	9	La4	A4	305	305	1	8	556	95	96	sin 	3.2
31	9	La4	A4	305	305	1	16	278	95	96		3.3
32	9	Si4b4	B4b4	310	310	1	16	278	95	96		3.4
33	9	Do5#4	C5#4	322	322	1	16	278	95	96		3.5
34	9	Do5#4	C5#4	322	322	1	32	139	95	96		3.55
35	9	Si4b4	B4b4	310	310	1	32	139	95	96		3.6
36	9	Si4b4	B4b4	310	310	1	32	139	95	96		3.65
37	9	La4	A4	305	305	1	32	139	95	96		3.7
38	9	La4	A4	305	305	3	16	833	95	96		4
39	9	Sol5	G5	349	349	1	16	278	95	96	be	4.1
40	9	Fa5#4	F5#4	344	344	1	16	278	95	96		4.2
41	9	Mi5	E5	336	336	1	16	278	95	96		4.3
42	9	Re5	D5	327	327	1	16	278	95	96	ni 	4.4
43	9	Mi5	E5	336	336	1	16	278	95	96		4.5
44	9	Fa5#4	F5#4	344	344	1	32	139	95	96	sen 	4.55
45	9	Sol5	G5	349	349	1	32	139	95	96		4.6
46	9	Fa5#4	F5#4	344	344	1	32	139	95	96		4.65
47	9	Mi5	E5	336	336	1	32	139	95	96		4.7
48	9	Re5	D5	327	327	1	16	278	95	96		4.8
49	9	Mi5	E5	336	336	1	8	556	95	96		5
50	9	Re5	D5	327	327	1	16	278	95	96	naz	5.1
51	9	Do5#4	C5#4	322	322	1	16	278	95	96		5.2
52	9	Si4	B4	314	314	1	16	278	95	96		5.3
53	9	La4	A4	305	305	1	16	278	95	96		5.4
54	9	Re5	D5	327	327	1	16	278	95	96		5.5
55	9	Fa5#4	F5#4	344	344	1	16	278	95	96		5.6
56	9	Sol5	G5	349	349	1	16	278	95	96		5.7
57	9	La5	A5	358	358	3	16	833	95	96		6
58	9	Sol5	G5	349	349	1	16	278	95	96	lý 	6.1
59	9	Fa5#4	F5#4	344	344	1	16	278	95	96		6.2
60	9	Fa5#4	F5#4	344	344	1	16	278	95	96		6.3
61	9	Mi5	E5	336	336	1	16	278	95	96		6.4
62	9	Re5	D5	327	327	1	16	278	95	96		6.5
63	9	Fa5#4	F5#4	344	344	1	16	278	95	96		6.6
64	9	Sol5	G5	349	349	1	16	278	95	96		6.7
65	9	Sol5	G5	349	349	1	16	278	95	96		6.8
66	9	Fa5#4	F5#4	344	344	1	16	278	95	96		6.9
67	9	Mi5	E5	336	336	1	16	278	95	96	çi	7
68	9	Re5	D5	327	327	5	8	2778	95	96	çek  	8
69	9	Re5	D5	327	327	1	16	278	95	96	SAZ	8.1
70	9	Do5#4	C5#4	322	322	1	16	278	95	96	.	8.2
71	9	Mi5	E5	336	336	1	16	278	95	96	.	8.3
72	9	Re5	D5	327	327	1	16	278	95	96	.	8.4
73	9	Do5#4	C5#4	322	322	1	16	278	95	96	.	8.5
74	9	Si4b4	B4b4	310	310	1	16	278	95	96	.	8.6
75	9	La4	A4	305	305	1	16	278	95	96	.	8.7
76	9	La4	A4	305	305	3	16	833	95	96	.	9
77	52			0	0	1	16	0	127	89		9.1
78	9	Mi5	E5	336	336	1	16	278	95	96	An	9.2
79	9	Re5	D5	327	327	1	16	278	95	96		9.3
80	9	Re5	D5	327	327	1	16	278	95	96		9.4
81	9	Fa5	F5	340	340	1	8	556	95	96	la	9.6
82	9	Mi5	E5	336	336	1	16	278	95	96	dým 	9.7
83	9	Re5	D5	327	327	1	16	278	95	96		9.8
84	9	Do5#4	C5#4	322	322	1	16	278	95	96		9.9
85	9	Si4b4	B4b4	310	310	1	16	278	95	96		10
86	9	La4	A4	305	305	1	16	278	95	96		10.1
87	9	La4	A4	305	305	1	16	278	95	96	sev	10.2
88	9	Si4b4	B4b4	310	310	1	16	278	95	96		10.3
89	9	Do5#4	C5#4	322	322	1	16	278	95	96		10.4
90	9	Re5	D5	327	327	1	16	278	95	96		10.5
91	9	Mi5	E5	336	336	1	16	278	95	96		10.6
92	9	Mi5	E5	336	336	1	32	139	95	96		10.65
93	9	Re5	D5	327	327	1	32	139	95	96		10.7
94	9	Re5	D5	327	327	1	32	139	95	96		10.75
95	9	Do5#4	C5#4	322	322	1	32	139	95	96		10.8
96	9	Re5	D5	327	327	3	16	833	95	96		11.1
97	9	Re5	D5	327	327	1	16	278	95	96	me	11.2
98	9	Do5#4	C5#4	322	322	1	16	278	95	96		11.3
99	9	Do5#4	C5#4	322	322	1	16	278	95	96		11.4
100	9	Re5	D5	327	327	1	16	278	95	96	ye	11.5
101	9	Sol5	G5	349	349	1	16	278	95	96		11.6
102	9	Fa5	F5	340	340	1	16	278	95	96	cek	11.7
103	9	Mi5	E5	336	336	1	16	278	95	96		11.8
104	9	Re5	D5	327	327	1	16	278	95	96		11.9
105	9	Do5#4	C5#4	322	322	1	16	278	95	96		12
106	9	Si4b4	B4b4	310	310	1	16	278	95	96		12.1
107	9	La4	A4	305	305	1	8	556	95	96	sin 	12.3
108	9	La4	A4	305	305	1	16	278	95	96		12.4
109	9	Si4b4	B4b4	310	310	1	16	278	95	96		12.5
110	9	Do5#4	C5#4	322	322	1	16	278	95	96		12.6
111	9	Do5#4	C5#4	322	322	1	32	139	95	96		12.65
112	9	Si4b4	B4b4	310	310	1	32	139	95	96		12.7
113	9	Si4b4	B4b4	310	310	1	32	139	95	96		12.75
114	9	La4	A4	305	305	1	32	139	95	96		12.8
115	9	La4	A4	305	305	3	16	833	95	96		13.1
116	9	Sol5	G5	349	349	1	16	278	95	96	be	13.2
117	9	Fa5#4	F5#4	344	344	1	16	278	95	96		13.3
118	9	Mi5	E5	336	336	1	16	278	95	96		13.4
119	9	Re5	D5	327	327	1	16	278	95	96	ni 	13.5
120	9	Mi5	E5	336	336	1	16	278	95	96		13.6
121	9	Fa5#4	F5#4	344	344	1	32	139	95	96	sen 	13.65
122	9	Sol5	G5	349	349	1	32	139	95	96		13.7
123	9	Fa5#4	F5#4	344	344	1	32	139	95	96		13.75
124	9	Mi5	E5	336	336	1	32	139	95	96		13.8
125	9	Re5	D5	327	327	1	16	278	95	96		13.9
126	9	Mi5	E5	336	336	1	8	556	95	96		14.1
127	9	Re5	D5	327	327	1	16	278	95	96	naz	14.2
128	9	Do5#4	C5#4	322	322	1	16	278	95	96		14.3
129	9	Si4	B4	314	314	1	16	278	95	96		14.4
130	9	La4	A4	305	305	1	16	278	95	96		14.5
131	9	Re5	D5	327	327	1	16	278	95	96		14.6
132	9	Fa5#4	F5#4	344	344	1	16	278	95	96		14.7
133	9	Sol5	G5	349	349	1	16	278	95	96		14.8
134	9	La5	A5	358	358	3	16	833	95	96		15.1
135	9	Sol5	G5	349	349	1	16	278	95	96	lý 	15.2
136	9	Fa5#4	F5#4	344	344	1	16	278	95	96		15.3
137	9	Fa5#4	F5#4	344	344	1	16	278	95	96		15.4
138	9	Mi5	E5	336	336	1	16	278	95	96		15.5
139	9	Re5	D5	327	327	1	16	278	95	96		15.6
140	9	Fa5#4	F5#4	344	344	1	16	278	95	96		15.7
141	9	Sol5	G5	349	349	1	16	278	95	96		15.8
142	9	Sol5	G5	349	349	1	16	278	95	96		15.9
143	9	Fa5#4	F5#4	344	344	1	16	278	95	96		16
144	9	Mi5	E5	336	336	1	16	278	95	96	çi	16.1
145	9	Re5	D5	327	327	5	8	2778	95	96	çek  	17.1
146	9	La5	A5	358	358	1	16	278	95	96	SAZ	17.2
147	9	Sol5	G5	349	349	1	16	278	95	96	.	17.3
148	9	Fa5#4	F5#4	344	344	1	16	278	95	96	.	17.4
149	9	Mi5	E5	336	336	1	16	278	95	96	.	17.5
150	9	Fa5#4	F5#4	344	344	1	16	278	95	96	.	17.6
151	9	La5	A5	358	358	1	32	139	95	96	.	17.65
152	9	Sol5	G5	349	349	1	32	139	95	96	.	17.7
153	9	Fa5#4	F5#4	344	344	1	32	139	95	96	.	17.75
154	9	Mi5	E5	336	336	1	32	139	95	96	.	17.8
155	9	Re5	D5	327	327	3	16	833	95	96	.	18.1
156	9	La5	A5	358	358	1	8	556	95	96	Has	18.3
157	9	Sol5	G5	349	349	1	16	278	95	96		18.4
158	9	Sol5	G5	349	349	1	16	278	95	96	ta 	18.5
159	9	Fa5#4	F5#4	344	344	1	16	278	95	96		18.6
160	9	Fa5#4	F5#4	344	344	1	16	278	95	96	gön	18.7
161	9	Mi5#4	E5#4	340	340	1	16	278	95	96		18.8
162	9	Re5	D5	327	327	1	8	556	95	96		19
163	9	Mi5#4	E5#4	340	340	1	16	278	95	96		19.1
164	9	Fa5#4	F5#4	344	344	5	16	1389	95	96	lüm 	19.6
165	9	Sol5	G5	349	349	1	24	185	95	96		19.66667
166	9	Fa5#4	F5#4	344	344	1	24	185	95	96		19.73333
167	9	Mi5#4	E5#4	340	340	1	24	185	95	96		19.8
168	9	Fa5#4	F5#4	344	344	3	16	833	95	96		20.1
169	9	La5	A5	358	358	1	16	278	95	96	yi	20.2
170	9	Sol5	G5	349	349	1	16	278	95	96		20.3
171	9	La5	A5	358	358	1	16	278	95	96		20.4
172	9	Sol5	G5	349	349	1	16	278	95	96	ne 	20.5
173	9	Fa5	F5	340	340	1	16	278	95	96		20.6
174	9	Mi5	E5	336	336	1	16	278	95	96	hic	20.7
175	9	Fa5	F5	340	340	1	16	278	95	96		20.8
176	9	Sol5	G5	349	349	1	16	278	95	96		20.9
177	8	La5	A5	358	358	0	0	0	95	96		20.9
178	9	Sol5	G5	349	349	1	32	139	95	96		20.95
179	9	Fa5	F5	340	340	1	32	139	95	96		21
180	9	Mi5	E5	336	336	1	16	278	95	96		21.1
181	9	Mi5	E5	336	336	5	16	1389	95	96	râ	21.6
182	9	Fa5#4	F5#4	344	344	1	24	185	95	96		21.66667
183	9	Mi5	E5	336	336	1	24	185	95	96		21.73333
184	9	Fa5#4	F5#4	344	344	1	24	185	95	96		21.8
185	9	Re5	D5	327	327	3	16	833	95	96		22.1
186	9	La5	A5	358	358	1	16	278	95	96	ný	22.2
187	9	Sol5	G5	349	349	1	16	278	95	96		22.3
188	9	Fa5	F5	340	340	1	16	278	95	96		22.4
189	9	Mi5	E5	336	336	1	16	278	95	96	ný 	22.5
190	9	Re5	D5	327	327	1	16	278	95	96		22.6
191	9	Re5	D5	327	327	1	16	278	95	96	yal	22.7
192	9	Do5	C5	318	318	1	16	278	95	96		22.8
193	9	Re5	D5	327	327	1	16	278	95	96		22.9
194	9	Do5	C5	318	318	1	16	278	95	96		23
195	9	Re5	D5	327	327	1	16	278	95	96		23.1
196	9	Do5	C5	318	318	1	16	278	95	96	nýz 	23.2
197	9	Re5	D5	327	327	1	16	278	95	96		23.3
198	9	Mi5	E5	336	336	1	16	278	95	96		23.4
199	9	Fa5	F5	340	340	1	32	139	95	96		23.45
200	9	Mi5	E5	336	336	1	32	139	95	96		23.5
201	9	Re5	D5	327	327	1	16	278	95	96		23.6
202	9	Do5#4	C5#4	322	322	1	16	278	95	96		23.7
203	9	Si4b4	B4b4	310	310	1	16	278	95	96		23.8
204	9	La4	A4	305	305	3	16	833	95	96		24.1
205	9	La4	A4	305	305	1	32	139	95	96	çe	24.15
206	9	Si4b4	B4b4	310	310	1	32	139	95	96		24.2
207	9	Do5#4	C5#4	322	322	1	32	139	95	96		24.25
208	9	Re5	D5	327	327	1	32	139	95	96		24.3
209	9	Do5#4	C5#4	322	322	1	32	139	95	96		24.35
210	9	Si4b4	B4b4	310	310	1	32	139	95	96		24.4
211	9	Si4b4	B4b4	310	310	1	32	139	95	96		24.45
212	9	La4	A4	305	305	1	32	139	95	96		24.5
213	9	Si4b4	B4b4	310	310	1	32	139	95	96		24.55
214	9	Do5#4	C5#4	322	322	1	32	139	95	96		24.6
215	9	Do5#4	C5#4	322	322	1	32	139	95	96		24.65
216	9	Si4b4	B4b4	310	310	1	32	139	95	96		24.7
217	9	Si4b4	B4b4	310	310	1	32	139	95	96		24.75
218	9	La4	A4	305	305	1	32	139	95	96		24.8
219	9	La4	A4	305	305	1	8	556	95	96		25
220	9	La4	A4	305	305	1	16	278	95	96	ke	25.1
221	9	La4	A4	305	305	5	8	2778	95	96	cek  	26.1
222	9	La5	A5	358	358	1	16	278	95	96	SAZ	26.2
223	9	Sol5	G5	349	349	1	16	278	95	96	.	26.3
224	9	Fa5#4	F5#4	344	344	1	16	278	95	96	.	26.4
225	9	Mi5	E5	336	336	1	16	278	95	96	.	26.5
226	9	Fa5#4	F5#4	344	344	1	16	278	95	96	.	26.6
227	9	La5	A5	358	358	1	32	139	95	96	.	26.65
228	9	Sol5	G5	349	349	1	32	139	95	96	.	26.7
229	9	Fa5#4	F5#4	344	344	1	32	139	95	96	.	26.75
230	9	Mi5	E5	336	336	1	32	139	95	96	.	26.8
231	9	Re5	D5	327	327	3	16	833	95	96	.	27.1
232	9	La5	A5	358	358	1	8	556	95	96	Has	27.3
233	9	Sol5	G5	349	349	1	16	278	95	96		27.4
234	9	Sol5	G5	349	349	1	16	278	95	96	ta 	27.5
235	9	Fa5#4	F5#4	344	344	1	16	278	95	96		27.6
236	9	Fa5#4	F5#4	344	344	1	16	278	95	96	gön	27.7
237	9	Mi5#4	E5#4	340	340	1	16	278	95	96		27.8
238	9	Re5	D5	327	327	1	8	556	95	96		28
239	9	Mi5#4	E5#4	340	340	1	16	278	95	96		28.1
240	9	Fa5#4	F5#4	344	344	5	16	1389	95	96	lüm 	28.6
241	9	Sol5	G5	349	349	1	24	185	95	96		28.66667
242	9	Fa5#4	F5#4	344	344	1	24	185	95	96		28.73333
243	9	Mi5#4	E5#4	340	340	1	24	185	95	96		28.8
244	9	Fa5#4	F5#4	344	344	3	16	833	95	96		29.1
245	9	La5	A5	358	358	1	16	278	95	96	yi	29.2
246	9	Sol5	G5	349	349	1	16	278	95	96		29.3
247	9	La5	A5	358	358	1	16	278	95	96		29.4
248	9	Sol5	G5	349	349	1	16	278	95	96	ne 	29.5
249	9	Fa5	F5	340	340	1	16	278	95	96		29.6
250	9	Mi5	E5	336	336	1	16	278	95	96	hic	29.7
251	9	Fa5	F5	340	340	1	16	278	95	96		29.8
252	9	Sol5	G5	349	349	1	16	278	95	96		29.9
253	8	La5	A5	358	358	0	0	0	95	96		29.9
254	9	Sol5	G5	349	349	1	32	139	95	96		29.95
255	9	Fa5	F5	340	340	1	32	139	95	96		30
256	9	Mi5	E5	336	336	1	16	278	95	96		30.1
257	9	Mi5	E5	336	336	5	16	1389	95	96	râ	30.6
258	9	Fa5#4	F5#4	344	344	1	24	185	95	96		30.66667
259	9	Mi5	E5	336	336	1	24	185	95	96		30.73333
260	9	Fa5#4	F5#4	344	344	1	24	185	95	96		30.8
261	9	Re5	D5	327	327	3	16	833	95	96		31.1
262	9	La5	A5	358	358	1	16	278	95	96	ný	31.2
263	9	Sol5	G5	349	349	1	16	278	95	96		31.3
264	9	Fa5	F5	340	340	1	16	278	95	96		31.4
265	9	Mi5	E5	336	336	1	16	278	95	96	ný 	31.5
266	9	Re5	D5	327	327	1	16	278	95	96		31.6
267	9	Re5	D5	327	327	1	16	278	95	96	yal	31.7
268	9	Do5	C5	318	318	1	16	278	95	96		31.8
269	9	Re5	D5	327	327	1	16	278	95	96		31.9
270	9	Do5	C5	318	318	1	16	278	95	96		32
271	9	Re5	D5	327	327	1	16	278	95	96		32.1
272	9	Do5	C5	318	318	1	16	278	95	96	nýz 	32.2
273	9	Re5	D5	327	327	1	16	278	95	96		32.3
274	9	Mi5	E5	336	336	1	16	278	95	96		32.4
275	9	Fa5	F5	340	340	1	32	139	95	96		32.45
276	9	Mi5	E5	336	336	1	32	139	95	96		32.5
277	9	Re5	D5	327	327	1	16	278	95	96		32.6
278	9	Do5#4	C5#4	322	322	1	16	278	95	96		32.7
279	9	Si4b4	B4b4	310	310	1	16	278	95	96		32.8
280	9	La4	A4	305	305	3	16	833	95	96		33.1
281	9	La4	A4	305	305	1	32	139	95	96	çe	33.15
282	9	Si4b4	B4b4	310	310	1	32	139	95	96		33.2
283	9	Do5#4	C5#4	322	322	1	32	139	95	96		33.25
284	9	Re5	D5	327	327	1	32	139	95	96		33.3
285	9	Do5#4	C5#4	322	322	1	32	139	95	96		33.35
286	9	Si4b4	B4b4	310	310	1	32	139	95	96		33.4
287	9	Si4b4	B4b4	310	310	1	32	139	95	96		33.45
288	9	La4	A4	305	305	1	32	139	95	96		33.5
289	9	Si4b4	B4b4	310	310	1	32	139	95	96		33.55
290	9	Do5#4	C5#4	322	322	1	32	139	95	96		33.6
291	9	Do5#4	C5#4	322	322	1	32	139	95	96		33.65
292	9	Si4b4	B4b4	310	310	1	32	139	95	96		33.7
293	9	Si4b4	B4b4	310	310	1	32	139	95	96		33.75
294	9	La4	A4	305	305	1	32	139	95	96		33.8
295	9	La4	A4	305	305	1	8	556	95	96		34
296	9	La4	A4	305	305	1	16	278	95	96	ke	34.1
297	9	La4	A4	305	305	5	8	2778	95	96	cek  	35.1
298	9	Re5	D5	327	327	1	8	556	95	96	SAZ	35.3
299	9	Sol5	G5	349	349	1	16	278	95	96	.	35.4
300	9	Fa5#4	F5#4	344	344	1	16	278	95	96	.	35.5
301	9	Mi5	E5	336	336	1	16	278	95	96	.	35.6
302	9	Fa5#4	F5#4	344	344	1	16	278	95	96	.	35.7
303	9	Sol5	G5	349	349	1	16	278	95	96	.	35.8
304	9	La5	A5	358	358	3	16	833	95	96	.	36.1
305	9	Sol5	G5	349	349	3	16	833	95	96	Bel	36.4
306	9	La5	A5	358	358	1	8	556	95	96	ki 	36.6
307	9	La5	A5	358	358	1	8	556	95	96	ru	36.8
308	9	Si5b1	B5b1	366	366	1	16	278	95	96		36.9
309	9	Si5b1	B5b1	366	366	1	16	278	95	96		37
310	9	La5	A5	358	358	1	16	278	95	96		37.1
311	9	La5	A5	358	358	5	16	1389	95	96	hum 	37.6
312	9	Si5b5	B5b5	362	362	1	16	278	95	96		37.7
313	9	Si5b5	B5b5	362	362	1	16	278	95	96		37.8
314	9	La5	A5	358	358	3	16	833	95	96		38.1
315	9	Do6	C6	371	371	1	16	278	95	96	se	38.2
316	9	Si5	B5	367	367	1	16	278	95	96		38.3
317	9	La5	A5	358	358	1	16	278	95	96		38.4
318	9	Sol5	G5	349	349	1	16	278	95	96	ni 	38.5
319	9	Fa5#4	F5#4	344	344	1	16	278	95	96		38.6
320	9	Mi5	E5	336	336	1	16	278	95	96	çýl	38.7
321	9	Re5	D5	327	327	1	16	278	95	96		38.8
322	9	Mi5	E5	336	336	1	16	278	95	96		38.9
323	9	Fa5#4	F5#4	344	344	1	16	278	95	96		39
324	9	Sol5	G5	349	349	1	16	278	95	96		39.1
325	9	La5	A5	358	358	1	16	278	95	96	gýn	39.2
326	9	Si5b5	B5b5	362	362	1	16	278	95	96		39.3
327	9	Si5b5	B5b5	362	362	1	16	278	95	96		39.4
328	9	Si5b5	B5b5	362	362	1	16	278	95	96		39.5
329	9	La5	A5	358	358	1	16	278	95	96		39.6
330	9	Do6	C6	371	371	1	32	139	95	96		39.65
331	9	Si5b5	B5b5	362	362	1	32	139	95	96		39.7
332	9	Si5b5	B5b5	362	362	1	32	139	95	96		39.75
333	9	La5	A5	358	358	1	32	139	95	96		39.8
334	9	Si5b5	B5b5	362	362	1	8	556	95	96		40
335	9	La5	A5	358	358	1	16	278	95	96		40.1
336	9	Si5b5	B5b5	362	362	1	16	278	95	96	ca 	40.2
337	9	La5	A5	358	358	1	16	278	95	96		40.3
338	9	La5	A5	358	358	1	16	278	95	96		40.4
339	9	La5	A5	358	358	1	16	278	95	96	se	40.5
340	9	Do6#4	C6#4	375	375	1	16	278	95	96		40.6
341	9	Do6#4	C6#4	375	375	1	32	139	95	96	ver	40.65
342	9	Si5b5	B5b5	362	362	1	32	139	95	96		40.7
343	9	Si5b5	B5b5	362	362	1	32	139	95	96		40.75
344	9	La5	A5	358	358	1	32	139	95	96		40.8
345	9	La5	A5	358	358	3	16	833	95	96		41.1
346	9	La5	A5	358	358	1	16	278	95	96	ken 	41.2
347	9	Si5	B5	367	367	1	16	278	95	96		41.3
348	9	Do6	C6	371	371	3	32	417	95	96		41.45
349	9	Si5	B5	367	367	1	32	139	95	96		41.5
350	9	La5	A5	358	358	1	16	278	95	96		41.6
351	9	Sol5	G5	349	349	1	16	278	95	96		41.7
352	9	Fa5#4	F5#4	344	344	1	16	278	95	96		41.8
353	9	Mi5	E5	336	336	1	16	278	95	96		41.9
354	9	Re5	D5	327	327	1	8	556	95	96		42.1
355	9			-1	-1	1	8	556	100	0		42.3
356	9	Sol5	G5	349	349	1	16	278	95	96	ö	42.4
357	9	Fa5#4	F5#4	344	344	1	16	278	95	96		42.5
358	9	Mi5	E5	336	336	1	16	278	95	96		42.6
359	9	Fa5#4	F5#4	344	344	1	16	278	95	96		42.7
360	9	Sol5	G5	349	349	1	16	278	95	96		42.8
361	8	La5	A5	358	358	0	0	0	95	96		42.8
362	9	Sol5	G5	349	349	1	16	278	95	96		42.9
363	9	Fa5#4	F5#4	344	344	1	16	278	95	96	le	43
364	9	Mi5	E5	336	336	1	16	278	95	96		43.1
365	9	Re5	D5	327	327	5	8	2778	95	96	cek  	44.1
366	9	Re5	D5	327	327	1	8	556	95	96	SAZ	44.3
367	9	Sol5	G5	349	349	1	16	278	95	96	.	44.4
368	9	Fa5#4	F5#4	344	344	1	16	278	95	96	.	44.5
369	9	Mi5	E5	336	336	1	16	278	95	96	.	44.6
370	9	Fa5#4	F5#4	344	344	1	16	278	95	96	.	44.7
371	9	Sol5	G5	349	349	1	16	278	95	96	.	44.8
372	9	La5	A5	358	358	3	16	833	95	96	.	45.1
373	9	Sol5	G5	349	349	3	16	833	95	96	Bel	45.4
374	9	La5	A5	358	358	1	8	556	95	96	ki 	45.6
375	9	La5	A5	358	358	1	8	556	95	96	ru	45.8
376	9	Si5b1	B5b1	366	366	1	16	278	95	96		45.9
377	9	Si5b1	B5b1	366	366	1	16	278	95	96		46
378	9	La5	A5	358	358	1	16	278	95	96		46.1
379	9	La5	A5	358	358	5	16	1389	95	96	hum 	46.6
380	9	Si5b5	B5b5	362	362	1	16	278	95	96		46.7
381	9	Si5b5	B5b5	362	362	1	16	278	95	96		46.8
382	9	La5	A5	358	358	3	16	833	95	96		47.1
383	9	Do6	C6	371	371	1	16	278	95	96	se	47.2
384	9	Si5	B5	367	367	1	16	278	95	96		47.3
385	9	La5	A5	358	358	1	16	278	95	96		47.4
386	9	Sol5	G5	349	349	1	16	278	95	96	ni 	47.5
387	9	Fa5#4	F5#4	344	344	1	16	278	95	96		47.6
388	9	Mi5	E5	336	336	1	16	278	95	96	çýl	47.7
389	9	Re5	D5	327	327	1	16	278	95	96		47.8
390	9	Mi5	E5	336	336	1	16	278	95	96		47.9
391	9	Fa5#4	F5#4	344	344	1	16	278	95	96		48
392	9	Sol5	G5	349	349	1	16	278	95	96		48.1
393	9	La5	A5	358	358	1	16	278	95	96	gýn	48.2
394	9	Si5b5	B5b5	362	362	1	16	278	95	96		48.3
395	9	Si5b5	B5b5	362	362	1	16	278	95	96		48.4
396	9	Si5b5	B5b5	362	362	1	16	278	95	96		48.5
397	9	La5	A5	358	358	1	16	278	95	96		48.6
398	9	Do6	C6	371	371	1	32	139	95	96		48.65
399	9	Si5b5	B5b5	362	362	1	32	139	95	96		48.7
400	9	Si5b5	B5b5	362	362	1	32	139	95	96		48.75
401	9	La5	A5	358	358	1	32	139	95	96		48.8
402	9	Si5b5	B5b5	362	362	1	8	556	95	96		49
403	9	La5	A5	358	358	1	16	278	95	96		49.1
404	9	Si5b5	B5b5	362	362	1	16	278	95	96	ca 	49.2
405	9	La5	A5	358	358	1	16	278	95	96		49.3
406	9	La5	A5	358	358	1	16	278	95	96		49.4
407	9	La5	A5	358	358	1	16	278	95	96	se	49.5
408	9	Do6#4	C6#4	375	375	1	16	278	95	96		49.6
409	9	Do6#4	C6#4	375	375	1	32	139	95	96	ver	49.65
410	9	Si5b5	B5b5	362	362	1	32	139	95	96		49.7
411	9	Si5b5	B5b5	362	362	1	32	139	95	96		49.75
412	9	La5	A5	358	358	1	32	139	95	96		49.8
413	9	La5	A5	358	358	3	16	833	95	96		50.1
414	9	La5	A5	358	358	1	16	278	95	96	ken 	50.2
415	9	Si5	B5	367	367	1	16	278	95	96		50.3
416	9	Do6	C6	371	371	3	32	417	95	96		50.45
417	9	Si5	B5	367	367	1	32	139	95	96		50.5
418	9	La5	A5	358	358	1	16	278	95	96		50.6
419	9	Sol5	G5	349	349	1	16	278	95	96		50.7
420	9	Fa5#4	F5#4	344	344	1	16	278	95	96		50.8
421	9	Mi5	E5	336	336	1	16	278	95	96		50.9
422	9	Re5	D5	327	327	1	8	556	95	96		51.1
423	9			-1	-1	1	8	556	100	0		51.3
424	9	Sol5	G5	349	349	1	16	278	95	96	ö	51.4
425	9	Fa5#4	F5#4	344	344	1	16	278	95	96		51.5
426	9	Mi5	E5	336	336	1	16	278	95	96		51.6
427	9	Fa5#4	F5#4	344	344	1	16	278	95	96		51.7
428	9	Sol5	G5	349	349	1	16	278	95	96		51.8
429	8	La5	A5	358	358	0	0	0	95	96		51.8
430	9	Sol5	G5	349	349	1	16	278	95	96		51.9
431	9	Fa5#4	F5#4	344	344	1	16	278	95	96	le	52
432	9	Mi5	E5	336	336	1	16	278	95	96		52.1
433	9	Re5	D5	327	327	5	8	2778	95	96	cek  	53.1
434	9	La5	A5	358	358	1	16	278	95	96	SAZ	53.2
435	9	Sol5	G5	349	349	1	16	278	95	96	.	53.3
436	9	Fa5#4	F5#4	344	344	1	16	278	95	96	.	53.4
437	9	Mi5	E5	336	336	1	16	278	95	96	.	53.5
438	9	Fa5#4	F5#4	344	344	1	16	278	95	96	.	53.6
439	9	La5	A5	358	358	1	32	139	95	96	.	53.65
440	9	Sol5	G5	349	349	1	32	139	95	96	.	53.7
441	9	Fa5#4	F5#4	344	344	1	32	139	95	96	.	53.75
442	9	Mi5	E5	336	336	1	32	139	95	96	.	53.8
443	9	Re5	D5	327	327	3	16	833	95	96	.	54.1
444	9	La5	A5	358	358	1	8	556	95	96	Has	54.3
445	9	Sol5	G5	349	349	1	16	278	95	96		54.4
446	9	Sol5	G5	349	349	1	16	278	95	96	ta 	54.5
447	9	Fa5#4	F5#4	344	344	1	16	278	95	96		54.6
448	9	Fa5#4	F5#4	344	344	1	16	278	95	96	gön	54.7
449	9	Mi5#4	E5#4	340	340	1	16	278	95	96		54.8
450	9	Re5	D5	327	327	1	8	556	95	96		55
451	9	Mi5#4	E5#4	340	340	1	16	278	95	96		55.1
452	9	Fa5#4	F5#4	344	344	5	16	1389	95	96	lüm 	55.6
453	9	Sol5	G5	349	349	1	24	185	95	96		55.66667
454	9	Fa5#4	F5#4	344	344	1	24	185	95	96		55.73333
455	9	Mi5#4	E5#4	340	340	1	24	185	95	96		55.8
456	9	Fa5#4	F5#4	344	344	3	16	833	95	96		56.1
457	9	La5	A5	358	358	1	16	278	95	96	yi	56.2
458	9	Sol5	G5	349	349	1	16	278	95	96		56.3
459	9	La5	A5	358	358	1	16	278	95	96		56.4
460	9	Sol5	G5	349	349	1	16	278	95	96	ne 	56.5
461	9	Fa5	F5	340	340	1	16	278	95	96		56.6
462	9	Mi5	E5	336	336	1	16	278	95	96	hic	56.7
463	9	Fa5	F5	340	340	1	16	278	95	96		56.8
464	9	Sol5	G5	349	349	1	16	278	95	96		56.9
465	8	La5	A5	358	358	0	0	0	95	96		56.9
466	9	Sol5	G5	349	349	1	32	139	95	96		56.95
467	9	Fa5	F5	340	340	1	32	139	95	96		57
468	9	Mi5	E5	336	336	1	16	278	95	96		57.1
469	9	Mi5	E5	336	336	5	16	1389	95	96	râ	57.6
470	9	Fa5#4	F5#4	344	344	1	24	185	95	96		57.66667
471	9	Mi5	E5	336	336	1	24	185	95	96		57.73333
472	9	Fa5#4	F5#4	344	344	1	24	185	95	96		57.8
473	9	Re5	D5	327	327	3	16	833	95	96		58.1
474	9	La5	A5	358	358	1	16	278	95	96	ný	58.2
475	9	Sol5	G5	349	349	1	16	278	95	96		58.3
476	9	Fa5	F5	340	340	1	16	278	95	96		58.4
477	9	Mi5	E5	336	336	1	16	278	95	96	ný 	58.5
478	9	Re5	D5	327	327	1	16	278	95	96		58.6
479	9	Re5	D5	327	327	1	16	278	95	96	yal	58.7
480	9	Do5	C5	318	318	1	16	278	95	96		58.8
481	9	Re5	D5	327	327	1	16	278	95	96		58.9
482	9	Do5	C5	318	318	1	16	278	95	96		59
483	9	Re5	D5	327	327	1	16	278	95	96		59.1
484	9	Do5	C5	318	318	1	16	278	95	96	nýz 	59.2
485	9	Re5	D5	327	327	1	16	278	95	96		59.3
486	9	Mi5	E5	336	336	1	16	278	95	96		59.4
487	9	Fa5	F5	340	340	1	32	139	95	96		59.45
488	9	Mi5	E5	336	336	1	32	139	95	96		59.5
489	9	Re5	D5	327	327	1	16	278	95	96		59.6
490	9	Do5#4	C5#4	322	322	1	16	278	95	96		59.7
491	9	Si4b4	B4b4	310	310	1	16	278	95	96		59.8
492	9	La4	A4	305	305	3	16	833	95	96		60.1
493	9	La4	A4	305	305	1	32	139	95	96	çe	60.15
494	9	Si4b4	B4b4	310	310	1	32	139	95	96		60.2
495	9	Do5#4	C5#4	322	322	1	32	139	95	96		60.25
496	9	Re5	D5	327	327	1	32	139	95	96		60.3
497	9	Do5#4	C5#4	322	322	1	32	139	95	96		60.35
498	9	Si4b4	B4b4	310	310	1	32	139	95	96		60.4
499	9	Si4b4	B4b4	310	310	1	32	139	95	96		60.45
500	9	La4	A4	305	305	1	32	139	95	96		60.5
501	9	Si4b4	B4b4	310	310	1	32	139	95	96		60.55
502	9	Do5#4	C5#4	322	322	1	32	139	95	96		60.6
503	9	Do5#4	C5#4	322	322	1	32	139	95	96		60.65
504	9	Si4b4	B4b4	310	310	1	32	139	95	96		60.7
505	9	Si4b4	B4b4	310	310	1	32	139	95	96		60.75
506	9	La4	A4	305	305	1	32	139	95	96		60.8
507	9	La4	A4	305	305	1	8	556	95	96		61
508	9	La4	A4	305	305	1	16	278	95	96	ke	61.1
509	9	La4	A4	305	305	5	8	2778	95	96	cek  	62.1
