Sira	Kod	Nota53	NotaAE	Koma53	KomaAE	Pay	Payda	Ms	LNS	Bas	Soz1	Offset
1	9	Sol5	G5	349	349	1	2	1667	95	96	1. HANE	0.5
2	9	La5b4	A5b4	354	354	1	12	278	95	96		0.5833333
3	9	Sol5	G5	349	349	1	12	278	95	92		0.6666667
4	9	Fa5#4	F5#4	344	344	1	12	278	95	96		0.75
5	9	Sol5	G5	349	349	1	8	417	95	96		0.875
6	9	La5b4	A5b4	354	354	1	8	417	95	94		1
7	9	Sol5	G5	349	349	1	8	417	95	96		1.125
8	9	La5b4	A5b4	354	354	1	8	417	95	94		1.25
9	9	Sol5	G5	349	349	1	8	417	95	96		1.375
10	9	Fa5#4	F5#4	344	344	1	8	417	95	94		1.5
11	9	Mi5b4	E5b4	332	332	1	8	417	95	96		1.625
12	9	Fa5#4	F5#4	344	344	1	8	417	95	94		1.75
13	9	Mi5b4	E5b4	332	332	1	8	417	95	96		1.875
14	9	Re5	D5	327	327	1	8	417	95	94		2
15	9	Mi5b4	E5b4	332	332	1	8	417	95	96		2.125
16	9	Fa5#4	F5#4	344	344	1	8	417	95	94		2.25
17	9	Sol5	G5	349	349	1	4	833	95	96		2.5
18	9	Fa5#4	F5#4	344	344	1	4	833	95	95		2.75
19	9	Sol5	G5	349	349	1	4	833	95	96		3
20	9	La5b4	A5b4	354	354	3	16	625	95	95		3.1875
21	9	Sol5	G5	349	349	1	16	208	95	90		3.25
22	9	La5b4	A5b4	354	354	1	8	417	95	96		3.375
23	9	Si5b1	B5b1	366	366	1	8	417	95	94		3.5
24	9	La5b4	A5b4	354	354	1	8	417	95	96		3.625
25	9	Si5b1	B5b1	366	366	1	8	417	95	94		3.75
26	9	Sol5	G5	349	349	1	4	833	95	96		4
27	9			-1	-1	1	8	417	100	0		4.125
28	9	Sol5	G5	349	349	1	4	833	95	96		4.375
29	9	La5b4	A5b4	354	354	1	8	417	95	96		4.5
30	9			-1	-1	1	8	417	100	0		4.625
31	9	Fa5#4	F5#4	344	344	1	4	833	95	96		4.875
32	9	Sol5	G5	349	349	1	8	417	95	96		5
33	9			-1	-1	1	8	417	100	0		5.125
34	9	Mi5b4	E5b4	332	332	1	4	833	95	96		5.375
35	9	Fa5#4	F5#4	344	344	1	16	208	95	96		5.4375
36	9	Sol5	G5	349	349	1	16	208	95	90		5.5
37	9	Fa5#4	F5#4	344	344	1	16	208	95	96		5.5625
38	9	Mi5b4	E5b4	332	332	1	16	208	95	90		5.625
39	9	Re5	D5	327	327	1	16	208	95	96		5.6875
40	9	Do5	C5	318	318	1	16	208	95	90		5.75
41	9	Re5	D5	327	327	1	8	417	95	96		5.875
42	9	Mi5b4	E5b4	332	332	1	8	417	95	96		6
43	9	Re5	D5	327	327	1	8	417	95	96		6.125
44	9	Do5	C5	318	318	1	8	417	95	96		6.25
45	9	Do5	C5	318	318	1	8	417	95	96		6.375
46	9	Si4b1	B4b1	313	313	1	8	417	95	96		6.5
47	9	Si4b1	B4b1	313	313	1	8	417	95	96		6.625
48	9	La4b4	A4b4	301	301	1	8	417	95	96		6.75
49	9	La4b4	A4b4	301	301	1	8	417	95	96		6.875
50	9	Sol4	G4	296	296	1	8	417	95	96		7
51	9	Sol4	G4	296	296	3	16	625	95	96		7.1875
52	9	La4b4	A4b4	301	301	1	16	208	95	90		7.25
53	9	Si4b1	B4b1	313	313	1	8	417	95	96		7.375
54	9	Do5	C5	318	318	1	8	417	95	96		7.5
55	9	Re5	D5	327	327	1	8	417	95	96		7.625
56	9	Mi5b4	E5b4	332	332	1	8	417	95	96		7.75
57	9	Fa5#4	F5#4	344	344	1	8	417	95	96		7.875
58	9	Sol5	G5	349	349	1	8	417	95	96		8
59	9	Sol5	G5	349	349	1	8	417	95	96		8.125
60	9	La5b4	A5b4	354	354	1	8	417	95	96		8.25
61	9	Sol5	G5	349	349	1	8	417	95	96		8.375
62	9	Fa5#4	F5#4	344	344	1	8	417	95	96		8.5
63	9	Sol5	G5	349	349	1	4	833	95	96		8.75
64	9	La5b4	A5b4	354	354	1	8	417	95	96		8.875
65	9	Si5b1	B5b1	366	366	1	8	417	95	96		9
66	9	Re6	D6	380	380	1	8	417	95	96		9.125
67	9	Do6	C6	371	371	1	8	417	95	96		9.25
68	9	Si5b1	B5b1	366	366	1	8	417	95	96		9.375
69	9	La5b4	A5b4	354	354	1	8	417	95	96		9.5
70	9	Sol5	G5	349	349	1	8	417	95	96		9.625
71	9	Fa5#4	F5#4	344	344	1	8	417	95	96		9.75
72	9	Mi5b4	E5b4	332	332	1	4	833	95	96		10
73	9	Fa5#4	F5#4	344	344	1	8	417	95	96		10.125
74	9	Sol5	G5	349	349	1	8	417	95	96		10.25
75	9	Fa5#4	F5#4	344	344	1	8	417	95	96		10.375
76	9	Mi5b4	E5b4	332	332	1	8	417	95	96		10.5
77	9	Fa5#4	F5#4	344	344	1	8	417	95	96		10.625
78	9	Sol5	G5	349	349	1	8	417	95	96		10.75
79	9	Si5b1	B5b1	366	366	1	8	417	95	96		10.875
80	9	La5b4	A5b4	354	354	1	8	417	95	96		11
81	9	La5b4	A5b4	354	354	1	8	417	95	96		11.125
82	9	Sol5	G5	349	349	1	8	417	95	96		11.25
83	9	Sol5	G5	349	349	1	8	417	95	96		11.375
84	9	Fa5#4	F5#4	344	344	1	8	417	95	96		11.5
85	9	Mi5b4	E5b4	332	332	3	16	625	95	96		11.6875
86	9	Re5	D5	327	327	1	16	208	95	90		11.75
87	9	Do5	C5	318	318	1	8	417	95	96		11.875
88	9	Si4b1	B4b1	313	313	1	8	417	95	96		12
89	9	Do5	C5	318	318	1	4	833	95	96		12.25
90	9	Sol5	G5	349	349	1	4	833	95	96		12.5
91	9	Fa5#4	F5#4	344	344	1	8	417	95	96		12.625
92	9	Sol5	G5	349	349	1	8	417	95	96		12.75
93	9	La5	A5	358	358	1	8	417	95	96		12.875
94	9	Si5b5	B5b5	362	362	1	8	417	95	96		13
95	9	La5	A5	358	358	1	8	417	95	96		13.125
96	9	Sol5	G5	349	349	1	8	417	95	96		13.25
97	9	Sol5	G5	349	349	1	8	417	95	96		13.375
98	9	Fa5#4	F5#4	344	344	1	8	417	95	96		13.5
99	9	Fa5#4	F5#4	344	344	3	16	625	95	96		13.6875
100	9	Mi5b4	E5b4	332	332	1	16	208	95	90		13.75
101	9	Re5	D5	327	327	1	4	833	95	96		14
102	9			-1	-1	1	8	417	100	0		14.125
103	9	La5	A5	358	358	1	8	417	95	96		14.25
104	9	Sol5	G5	349	349	1	8	417	95	96		14.375
105	9	Fa5#4	F5#4	344	344	1	8	417	95	96		14.5
106	9	Fa5#4	F5#4	344	344	1	8	417	95	96		14.625
107	9	Mi5b4	E5b4	332	332	1	8	417	95	96		14.75
108	9	Mi5b4	E5b4	332	332	1	8	417	95	96		14.875
109	9	Re5	D5	327	327	1	8	417	95	96		15
110	9	Re5	D5	327	327	3	8	1250	95	96		15.375
111	9	La5	A5	358	358	1	16	208	95	96		15.4375
112	9	Si5b5	B5b5	362	362	1	16	208	95	90		15.5
113	9	La5	A5	358	358	1	16	208	95	96		15.5625
114	9	Sol5	G5	349	349	1	16	208	95	90		15.625
115	9	Sol5	G5	349	349	1	16	208	95	96		15.6875
116	9	Fa5#4	F5#4	344	344	1	16	208	95	90		15.75
117	9	Sol5	G5	349	349	1	4	833	95	96		16
118	9	La5	A5	358	358	1	8	417	95	96	TESLÝM	16.125
119	9	Si5b5	B5b5	362	362	1	4	833	95	96		16.375
120	9	La5	A5	358	358	1	8	417	95	96		16.5
121	9	Si5b5	B5b5	362	362	1	16	208	95	96		16.5625
122	9	La5	A5	358	358	1	16	208	95	90		16.625
123	9	Sol5	G5	349	349	1	8	417	95	96		16.75
124	9	Sol5	G5	349	349	1	16	208	95	96		16.8125
125	9	Fa5#4	F5#4	344	344	1	16	208	95	90		16.875
126	9	Mi5b4	E5b4	332	332	1	8	417	95	96		17
127	9	Fa5#4	F5#4	344	344	1	16	208	95	96		17.0625
128	9	Sol5	G5	349	349	1	16	208	95	90		17.125
129	9	La5b4	A5b4	354	354	1	4	833	95	96		17.375
130	9	Sol5	G5	349	349	1	16	208	95	96		17.4375
131	9	Fa5#4	F5#4	344	344	1	16	208	95	90		17.5
132	9	Sol5	G5	349	349	1	16	208	95	96		17.5625
133	9	Fa5#4	F5#4	344	344	1	16	208	95	90		17.625
134	9	Mi5b4	E5b4	332	332	1	8	417	95	96		17.75
135	9	Mi5b4	E5b4	332	332	1	16	208	95	96		17.8125
136	9	Re5	D5	327	327	1	16	208	95	90		17.875
137	9	Do5	C5	318	318	1	8	417	95	96		18
138	9	Re5	D5	327	327	3	16	625	95	96		18.1875
139	9	Mi5b4	E5b4	332	332	1	16	208	95	90		18.25
140	9	Fa5#4	F5#4	344	344	1	8	417	95	96		18.375
141	9	Sol5	G5	349	349	1	8	417	95	96		18.5
142	9	Fa5#4	F5#4	344	344	1	8	417	95	96		18.625
143	9	Mi5b4	E5b4	332	332	1	8	417	95	96		18.75
144	9	Re5	D5	327	327	1	8	417	95	96		18.875
145	9	Do5	C5	318	318	1	8	417	95	96		19
146	9	Re5	D5	327	327	1	8	417	95	96		19.125
147	9	Mi5b4	E5b4	332	332	1	8	417	95	96		19.25
148	9	Re5	D5	327	327	1	8	417	95	96		19.375
149	9	Do5	C5	318	318	1	8	417	95	96		19.5
150	9	Si4b1	B4b1	313	313	3	16	625	95	96		19.6875
151	9	La4b4	A4b4	301	301	1	16	208	95	90		19.75
152	9	Sol4	G4	296	296	1	4	833	95	96		20
153	9	Si4b1	B4b1	313	313	3	16	625	95	96		20.1875
154	9	Re5	D5	327	327	1	16	208	95	90		20.25
155	9	Do5	C5	318	318	3	16	625	95	96		20.4375
156	9	Mi5b4	E5b4	332	332	1	16	208	95	90		20.5
157	9	Re5	D5	327	327	3	16	625	95	96		20.6875
158	9	Fa5#4	F5#4	344	344	1	16	208	95	90		20.75
159	9	Mi5b4	E5b4	332	332	1	8	417	95	96		20.875
160	9	Fa5#4	F5#4	344	344	1	8	417	95	96		21
161	9	Mi5b4	E5b4	332	332	3	16	625	95	96		21.1875
162	9	Re5	D5	327	327	1	16	208	95	90		21.25
163	9	Do5	C5	318	318	3	16	625	95	96		21.4375
164	9	Mi5b4	E5b4	332	332	1	16	208	95	90		21.5
165	9	Re5	D5	327	327	1	8	417	95	96		21.625
166	9	Mi5b4	E5b4	332	332	1	8	417	95	96		21.75
167	9	Re5	D5	327	327	1	8	417	95	96		21.875
168	9	Do5	C5	318	318	1	8	417	95	96		22
169	9	Si4b1	B4b1	313	313	3	16	625	95	96		22.1875
170	9	La4b4	A4b4	301	301	1	16	208	95	90		22.25
171	9	Sol4	G4	296	296	1	8	417	95	96		22.375
172	9	Si4b1	B4b1	313	313	1	8	417	95	96		22.5
173	9	La4b4	A4b4	301	301	3	16	625	95	96		22.6875
174	9	Sol4	G4	296	296	1	16	208	95	90		22.75
175	9	Fa4#4	F4#4	291	291	1	8	417	95	96		22.875
176	9	Sol4	G4	296	296	1	8	417	95	96		23
177	9	Fa4#4	F4#4	291	291	1	8	417	95	96		23.125
178	9	Sol4	G4	296	296	1	8	417	95	96		23.25
179	9	La4b4	A4b4	301	301	1	16	208	95	96		23.3125
180	9	Si4b1	B4b1	313	313	1	16	208	95	90		23.375
181	9	La4b4	A4b4	301	301	1	16	208	95	96		23.4375
182	9	Sol4	G4	296	296	1	16	208	95	90		23.5
183	9	Sol4	G4	296	296	1	4	833	95	96		23.75
184	9			-1	-1	1	4	833	100	0		24
185	9	Do5	C5	318	318	1	4	833	95	96	2. HANE	24.25
186	9	Re5	D5	327	327	1	4	833	95	96		24.5
187	9	Re5	D5	327	327	1	4	833	95	96		24.75
188	9	Do5	C5	318	318	1	8	417	95	96		24.875
189	9	Re5	D5	327	327	1	8	417	95	96		25
190	9	Mi5b2	E5b1	334	335	1	8	417	95	96		25.125
191	9	Fa5	F5	340	340	1	8	417	95	96		25.25
192	9	Mi5b2	E5b1	334	335	1	8	417	95	96		25.375
193	9	Re5	D5	327	327	1	8	417	95	96		25.5
194	9	Sol5	G5	349	349	1	16	208	95	96		25.5625
195	9	Sol5	G5	349	349	1	16	208	95	90		25.625
196	9	Fa5	F5	340	340	1	16	208	95	96		25.6875
197	9	Mi5b2	E5b1	334	335	1	16	208	95	90		25.75
198	9	Re5	D5	327	327	1	4	833	95	96		26
199	9	Sol5	G5	349	349	1	4	833	95	96		26.25
200	9	La5	A5	358	358	1	2	1667	95	96		26.75
201	9	Sol5	G5	349	349	1	8	417	95	96		26.875
202	9	La5	A5	358	358	1	8	417	95	96		27
203	9	Si5b5	B5b5	362	362	1	8	417	95	96		27.125
204	9	Do6	C6	371	371	1	8	417	95	96		27.25
205	9	Si5b5	B5b5	362	362	1	8	417	95	96		27.375
206	9	La5	A5	358	358	1	8	417	95	96		27.5
207	9	La5	A5	358	358	1	16	208	95	96		27.5625
208	9	Sol5	G5	349	349	1	16	208	95	90		27.625
209	9	Sol5	G5	349	349	1	16	208	95	96		27.6875
210	9	Fa5	F5	340	340	1	16	208	95	90		27.75
211	9	Sol5	G5	349	349	1	4	833	95	96		28
212	9	Fa5	F5	340	340	1	4	833	95	96		28.25
213	9	Sol5	G5	349	349	1	4	833	95	96		28.5
214	9	Fa5	F5	340	340	1	8	417	95	96		28.625
215	9	Sol5	G5	349	349	1	8	417	95	96		28.75
216	9	Si5b5	B5b5	362	362	1	8	417	95	96		28.875
217	9	Do6	C6	371	371	1	8	417	95	96		29
218	9	Si5b5	B5b5	362	362	1	8	417	95	96		29.125
219	9	La5b4	A5b4	354	354	1	8	417	95	96		29.25
220	9	Sol5	G5	349	349	1	8	417	95	96		29.375
221	9	Fa5	F5	340	340	1	8	417	95	96		29.5
222	9	Mi5b5	E5b5	331	331	3	16	625	95	96		29.6875
223	9	Re5	D5	327	327	1	16	208	95	90		29.75
224	9	Do5	C5	318	318	1	8	417	95	96		29.875
225	9	Re5	D5	327	327	1	8	417	95	96		30
226	9	Si4b5	B4b5	309	309	1	8	417	95	96		30.125
227	9	Do5	C5	318	318	1	8	417	95	96		30.25
228	9	Si4b5	B4b5	309	309	1	8	417	95	96		30.375
229	9	La4b5	A4b5	300	300	1	8	417	95	96		30.5
230	9	Si4b5	B4b5	309	309	1	8	417	95	96		30.625
231	9	La4b5	A4b5	300	300	1	8	417	95	96		30.75
232	9	La4b5	A4b5	300	300	1	8	417	95	96		30.875
233	9	Sol4	G4	296	296	1	8	417	95	96		31
234	9	Sol4	G4	296	296	3	8	1250	95	96		31.375
235	9	Re5	D5	327	327	1	16	208	95	96		31.4375
236	9	Mi5b4	E5b4	332	332	1	16	208	95	90		31.5
237	9	Re5	D5	327	327	1	16	208	95	96		31.5625
238	9	Do5	C5	318	318	1	16	208	95	90		31.625
239	9	Si4b1	B4b1	313	313	1	16	208	95	96		31.6875
240	9	Do5	C5	318	318	1	16	208	95	90		31.75
241	9	Re5	D5	327	327	1	4	833	95	96		32
242	9	Sol4	G4	296	296	3	16	625	95	96		32.1875
243	9	La4b4	A4b4	301	301	1	16	208	95	90		32.25
244	9	Si4b1	B4b1	313	313	1	8	417	95	96		32.375
245	9	Do5	C5	318	318	1	8	417	95	96		32.5
246	9	Re5	D5	327	327	1	8	417	95	96		32.625
247	9	Mi5b4	E5b4	332	332	1	8	417	95	96		32.75
248	9	Re5	D5	327	327	1	16	208	95	96		32.8125
249	9	Do5	C5	318	318	1	16	208	95	90		32.875
250	9	Do5	C5	318	318	1	16	208	95	96		32.9375
251	9	Si4b1	B4b1	313	313	1	16	208	95	90		33
252	9	Do5	C5	318	318	1	8	417	95	96		33.125
253	9	Re5	D5	327	327	1	8	417	95	96		33.25
254	9	Mi5b4	E5b4	332	332	1	16	208	95	96		33.3125
255	9	Fa5#4	F5#4	344	344	1	16	208	95	90		33.375
256	9	Mi5b4	E5b4	332	332	1	16	208	95	96		33.4375
257	9	Re5	D5	327	327	1	16	208	95	90		33.5
258	9	Re5	D5	327	327	1	2	1667	95	96		34
259	9	Re5	D5	327	327	1	8	417	95	96		34.125
260	9	Mi5b4	E5b4	332	332	1	4	833	95	96		34.375
261	9	Re5	D5	327	327	1	16	208	95	96		34.4375
262	9	Do5	C5	318	318	1	16	208	95	90		34.5
263	9	Si4b1	B4b1	313	313	1	16	208	95	96		34.5625
264	9	Do5	C5	318	318	1	16	208	95	90		34.625
265	9	Re5	D5	327	327	1	4	833	95	96		34.875
266	9	Do5	C5	318	318	1	16	208	95	96		34.9375
267	9	Si4b1	B4b1	313	313	1	16	208	95	90		35
268	9	La4b4	A4b4	301	301	1	8	417	95	96		35.125
269	9	Si4b1	B4b1	313	313	1	8	417	95	96		35.25
270	9	Do5	C5	318	318	1	8	417	95	96		35.375
271	9	Mi5b4	E5b4	332	332	1	8	417	95	96		35.5
272	9	Re5	D5	327	327	1	8	417	95	96		35.625
273	9	Do5	C5	318	318	1	8	417	95	96		35.75
274	9	Si4b1	B4b1	313	313	1	8	417	95	96		35.875
275	9	La4b4	A4b4	301	301	1	8	417	95	96		36
276	9	Sol4	G4	296	296	3	16	625	95	96		36.1875
277	9	La4b4	A4b4	301	301	1	16	208	95	90		36.25
278	9	Si4b1	B4b1	313	313	1	8	417	95	96		36.375
279	9	Do5	C5	318	318	1	8	417	95	96		36.5
280	9	Re5	D5	327	327	1	8	417	95	96		36.625
281	9	Mi5b4	E5b4	332	332	1	8	417	95	96		36.75
282	9	Re5	D5	327	327	1	8	417	95	96		36.875
283	9	Do5	C5	318	318	1	8	417	95	96		37
284	9	Re5	D5	327	327	1	8	417	95	96		37.125
285	9	Mi5b4	E5b4	332	332	1	8	417	95	96		37.25
286	9	Fa5#4	F5#4	344	344	1	8	417	95	96		37.375
287	9	Sol5	G5	349	349	1	8	417	95	96		37.5
288	9	Fa5#4	F5#4	344	344	1	8	417	95	96		37.625
289	9	Mi5b4	E5b4	332	332	1	8	417	95	96		37.75
290	9	Re5	D5	327	327	1	8	417	95	96		37.875
291	9	Do5	C5	318	318	1	8	417	95	96		38
292	9			-1	-1	1	8	417	100	0		38.125
293	9	La5	A5	358	358	1	8	417	95	96		38.25
294	9	Sol5	G5	349	349	1	8	417	95	96		38.375
295	9	Fa5#4	F5#4	344	344	1	8	417	95	96		38.5
296	9	Fa5#4	F5#4	344	344	3	16	625	95	96		38.6875
297	9	Mi5b4	E5b4	332	332	1	16	208	95	90		38.75
298	9	Mi5b4	E5b4	332	332	3	16	625	95	96		38.9375
299	9	Re5	D5	327	327	1	16	208	95	90		39
300	9	Re5	D5	327	327	3	8	1250	95	96		39.375
301	9	La5	A5	358	358	1	16	208	95	96		39.4375
302	9	Si5b5	B5b5	362	362	1	16	208	95	90		39.5
303	9	La5	A5	358	358	1	16	208	95	96		39.5625
304	9	Sol5	G5	349	349	1	16	208	95	90		39.625
305	9	Sol5	G5	349	349	1	16	208	95	96		39.6875
306	9	Fa5#4	F5#4	344	344	1	16	208	95	90		39.75
307	9	Sol5	G5	349	349	1	4	833	95	96		40
308	52			0	0	1	4	0	72	0		40.25
309	9	La5	A5	358	358	1	8	417	95	96	TESLÝM	40.375
310	9	Si5b5	B5b5	362	362	1	4	833	95	96		40.625
311	9	La5	A5	358	358	1	8	417	95	96		40.75
312	9	Si5b5	B5b5	362	362	1	16	208	95	96		40.8125
313	9	La5	A5	358	358	1	16	208	95	90		40.875
314	9	Sol5	G5	349	349	1	8	417	95	96		41
315	9	Sol5	G5	349	349	1	16	208	95	96		41.0625
316	9	Fa5#4	F5#4	344	344	1	16	208	95	90		41.125
317	9	Mi5b4	E5b4	332	332	1	8	417	95	96		41.25
318	9	Fa5#4	F5#4	344	344	1	16	208	95	96		41.3125
319	9	Sol5	G5	349	349	1	16	208	95	90		41.375
320	9	La5b4	A5b4	354	354	1	4	833	95	96		41.625
321	9	Sol5	G5	349	349	1	16	208	95	96		41.6875
322	9	Fa5#4	F5#4	344	344	1	16	208	95	90		41.75
323	9	Sol5	G5	349	349	1	16	208	95	96		41.8125
324	9	Fa5#4	F5#4	344	344	1	16	208	95	90		41.875
325	9	Mi5b4	E5b4	332	332	1	8	417	95	96		42
326	9	Mi5b4	E5b4	332	332	1	16	208	95	96		42.0625
327	9	Re5	D5	327	327	1	16	208	95	90		42.125
328	9	Do5	C5	318	318	1	8	417	95	96		42.25
329	9	Re5	D5	327	327	3	16	625	95	96		42.4375
330	9	Mi5b4	E5b4	332	332	1	16	208	95	90		42.5
331	9	Fa5#4	F5#4	344	344	1	8	417	95	96		42.625
332	9	Sol5	G5	349	349	1	8	417	95	96		42.75
333	9	Fa5#4	F5#4	344	344	1	8	417	95	96		42.875
334	9	Mi5b4	E5b4	332	332	1	8	417	95	96		43
335	9	Re5	D5	327	327	1	8	417	95	96		43.125
336	9	Do5	C5	318	318	1	8	417	95	96		43.25
337	9	Re5	D5	327	327	1	8	417	95	96		43.375
338	9	Mi5b4	E5b4	332	332	1	8	417	95	96		43.5
339	9	Re5	D5	327	327	1	8	417	95	96		43.625
340	9	Do5	C5	318	318	1	8	417	95	96		43.75
341	9	Si4b1	B4b1	313	313	3	16	625	95	96		43.9375
342	9	La4b4	A4b4	301	301	1	16	208	95	90		44
343	9	Sol4	G4	296	296	1	4	833	95	96		44.25
344	9	Si4b1	B4b1	313	313	3	16	625	95	96		44.4375
345	9	Re5	D5	327	327	1	16	208	95	90		44.5
346	9	Do5	C5	318	318	3	16	625	95	96		44.6875
347	9	Mi5b4	E5b4	332	332	1	16	208	95	90		44.75
348	9	Re5	D5	327	327	3	16	625	95	96		44.9375
349	9	Fa5#4	F5#4	344	344	1	16	208	95	90		45
350	9	Mi5b4	E5b4	332	332	1	8	417	95	96		45.125
351	9	Fa5#4	F5#4	344	344	1	8	417	95	96		45.25
352	9	Mi5b4	E5b4	332	332	3	16	625	95	96		45.4375
353	9	Re5	D5	327	327	1	16	208	95	90		45.5
354	9	Do5	C5	318	318	3	16	625	95	96		45.6875
355	9	Mi5b4	E5b4	332	332	1	16	208	95	90		45.75
356	9	Re5	D5	327	327	1	8	417	95	96		45.875
357	9	Mi5b4	E5b4	332	332	1	8	417	95	96		46
358	9	Re5	D5	327	327	1	8	417	95	96		46.125
359	9	Do5	C5	318	318	1	8	417	95	96		46.25
360	9	Si4b1	B4b1	313	313	3	16	625	95	96		46.4375
361	9	La4b4	A4b4	301	301	1	16	208	95	90		46.5
362	9	Sol4	G4	296	296	1	8	417	95	96		46.625
363	9	Si4b1	B4b1	313	313	1	8	417	95	96		46.75
364	9	La4b4	A4b4	301	301	3	16	625	95	96		46.9375
365	9	Sol4	G4	296	296	1	16	208	95	90		47
366	9	Fa4#4	F4#4	291	291	1	8	417	95	96		47.125
367	9	Sol4	G4	296	296	1	8	417	95	96		47.25
368	9	Fa4#4	F4#4	291	291	1	8	417	95	96		47.375
369	9	Sol4	G4	296	296	1	8	417	95	96		47.5
370	9	La4b4	A4b4	301	301	1	16	208	95	96		47.5625
371	9	Si4b1	B4b1	313	313	1	16	208	95	90		47.625
372	9	La4b4	A4b4	301	301	1	16	208	95	96		47.6875
373	9	Sol4	G4	296	296	1	16	208	95	90		47.75
374	9	Sol4	G4	296	296	1	4	833	95	96		48
375	9			-1	-1	1	4	833	100	0		48.25
376	9	La5b5	A5b5	353	353	1	12	278	95	96	3. HANE	48.33333
377	9	Sol5	G5	349	349	1	12	278	95	92		48.41667
378	9	Fa5	F5	340	340	1	12	278	95	96		48.5
379	9	Mi5b5	E5b5	331	331	1	12	278	95	96		48.58333
380	9	Re5	D5	327	327	1	12	278	95	92		48.66667
381	9	Do5	C5	318	318	1	12	278	95	96		48.75
382	9	Mi5b2	E5b1	334	335	1	8	417	95	96		48.875
383	9	Fa5	F5	340	340	1	8	417	95	96		49
384	9	Sol5	G5	349	349	1	8	417	95	96		49.125
385	9	La5b5	A5b5	353	353	1	8	417	95	96		49.25
386	9	Sol5	G5	349	349	1	16	208	95	96		49.3125
387	9	Fa5	F5	340	340	1	16	208	95	90		49.375
388	9	Fa5	F5	340	340	1	16	208	95	96		49.4375
389	9	Mi5b1	E5b1	335	335	1	16	208	95	90		49.5
390	9	Si5b1	B5b1	366	366	1	16	208	95	96		49.5625
391	9	La5b4	A5b4	354	354	1	16	208	95	90		49.625
392	9	La5b4	A5b4	354	354	1	16	208	95	96		49.6875
393	9	Sol5	G5	349	349	1	16	208	95	90		49.75
394	9	Sol5	G5	349	349	1	2	1667	95	96		50.25
395	9	Si5b1	B5b1	366	366	1	8	417	95	96		50.375
396	9	Do6	C6	371	371	1	4	833	95	96		50.625
397	9	Re6	D6	380	380	1	8	417	95	96		50.75
398	9	Si5b1	B5b1	366	366	3	16	625	95	96		50.9375
399	9	La5b4	A5b4	354	354	1	16	208	95	90		51
400	9	Sol5	G5	349	349	1	8	417	95	96		51.125
401	9	Fa5	F5	340	340	1	8	417	95	96		51.25
402	9	Fa5	F5	340	340	3	16	625	95	96		51.4375
403	9	Mi5b1	E5b1	335	335	1	16	208	95	90		51.5
404	9	Mi5b1	E5b1	335	335	3	16	625	95	96		51.6875
405	9	Re5	D5	327	327	1	16	208	95	90		51.75
406	9	Re5	D5	327	327	1	16	208	95	96		51.8125
407	9	Fa5	F5	340	340	1	16	208	95	90		51.875
408	9	Mi5b1	E5b1	335	335	1	16	208	95	96		51.9375
409	9	Re5	D5	327	327	1	16	208	95	90		52
410	9	Re5	D5	327	327	1	4	833	95	96		52.25
411	9			-1	-1	1	8	417	100	0		52.375
412	9	Re6	D6	380	380	1	4	833	95	96		52.625
413	9	La5b4	A5b4	354	354	1	8	417	95	96		52.75
414	9	Do6	C6	371	371	1	8	417	95	96		52.875
415	9	Re6	D6	380	380	1	8	417	95	96		53
416	9	Mi6b4	E6b4	385	385	1	8	417	95	96		53.125
417	9	Fa6#4	F6#4	397	397	1	8	417	95	96		53.25
418	9	Re6	D6	380	380	1	8	417	95	96		53.375
419	9	Do6	C6	371	371	1	4	833	95	96		53.625
420	9	Si5b5	B5b5	362	362	1	8	417	95	96		53.75
421	9	La5b5	A5b5	353	353	3	16	625	95	96		53.9375
422	9	Sol5	G5	349	349	1	16	208	95	90		54
423	9	Fa5	F5	340	340	1	8	417	95	96		54.125
424	9	Mi6b4	E6b4	385	385	1	8	417	95	96		54.25
425	9	Re6	D6	380	380	1	8	417	95	96		54.375
426	9	Do6	C6	371	371	1	4	833	95	96		54.625
427	9	Si5b1	B5b1	366	366	1	8	417	95	96		54.75
428	9	Si5b1	B5b1	366	366	3	16	625	95	96		54.9375
429	9	La5b4	A5b4	354	354	1	16	208	95	90		55
430	9	La5b4	A5b4	354	354	3	16	625	95	96		55.1875
431	9	Sol5	G5	349	349	1	16	208	95	90		55.25
432	9	Sol5	G5	349	349	3	8	1250	95	96		55.625
433	9	Fa5	F5	340	340	1	8	417	95	96		55.75
434	9	Si5b1	B5b1	366	366	1	16	208	95	96		55.8125
435	9	La5b4	A5b4	354	354	1	16	208	95	90		55.875
436	9	La5b4	A5b4	354	354	1	16	208	95	96		55.9375
437	9	Sol5	G5	349	349	1	16	208	95	90		56
438	9	Sol5	G5	349	349	1	4	833	95	96		56.25
439	9	Sol5	G5	349	349	3	16	625	95	96		56.4375
440	9	La5b4	A5b4	354	354	1	16	208	95	90		56.5
441	9	Si5b1	B5b1	366	366	1	8	417	95	96		56.625
442	9	Do6	C6	371	371	1	8	417	95	96		56.75
443	9	Re6	D6	380	380	1	8	417	95	96		56.875
444	9	Mi6b4	E6b4	385	385	1	8	417	95	96		57
445	9	Re6	D6	380	380	1	8	417	95	96		57.125
446	9	Do6	C6	371	371	1	8	417	95	96		57.25
447	9	Si5b1	B5b1	366	366	1	8	417	95	96		57.375
448	9	La5b4	A5b4	354	354	1	8	417	95	96		57.5
449	9	Sol5	G5	349	349	1	8	417	95	96		57.625
450	9	Fa5	F5	340	340	1	8	417	95	96		57.75
451	9	Mi6b4	E6b4	385	385	3	16	625	95	96		57.9375
452	9	Re6	D6	380	380	1	16	208	95	90		58
453	9	Do6	C6	371	371	1	4	833	95	96		58.25
454	9			-1	-1	1	8	417	100	0		58.375
455	9	La5b4	A5b4	354	354	1	4	833	95	96		58.625
456	9	La5b4	A5b4	354	354	1	16	208	95	96		58.6875
457	9	Sol5	G5	349	349	1	16	208	95	90		58.75
458	9	Sol5	G5	349	349	3	16	625	95	96		58.9375
459	9	Fa5	F5	340	340	1	16	208	95	90		59
460	9	Fa5	F5	340	340	3	16	625	95	96		59.1875
461	9	Mi5b2	E5b1	334	335	1	16	208	95	90		59.25
462	9	Fa5	F5	340	340	3	8	1250	95	96		59.625
463	9	Mi5b1	E5b1	335	335	1	8	417	95	96		59.75
464	9	Re5	D5	327	327	1	16	208	95	96		59.8125
465	9	Mi5b1	E5b1	335	335	1	16	208	95	90		59.875
466	9	Re5	D5	327	327	1	16	208	95	96		59.9375
467	9	Mi5b1	E5b1	335	335	1	16	208	95	90		60
468	9	Fa5	F5	340	340	1	4	833	95	96		60.25
469	9	Mi5b1	E5b1	335	335	3	16	625	95	96		60.4375
470	9	Fa5	F5	340	340	1	16	208	95	90		60.5
471	9	Sol5	G5	349	349	1	8	417	95	96		60.625
472	9	La5	A5	358	358	1	8	417	95	96		60.75
473	9	Sol5	G5	349	349	1	8	417	95	96		60.875
474	9	La5	A5	358	358	1	8	417	95	96		61
475	9	Sol5	G5	349	349	1	8	417	95	96		61.125
476	9	Fa5	F5	340	340	1	8	417	95	96		61.25
477	9	Do6	C6	371	371	1	16	208	95	96		61.3125
478	9	Si5b5	B5b5	362	362	1	16	208	95	90		61.375
479	9	La5b4	A5b4	354	354	1	16	208	95	96		61.4375
480	9	Si5b5	B5b5	362	362	1	16	208	95	90		61.5
481	9	Sol5	G5	349	349	1	8	417	95	96		61.625
482	9	Fa5	F5	340	340	1	8	417	95	96		61.75
483	9	Mi5b4	E5b4	332	332	3	16	625	95	96		61.9375
484	9	Re5	D5	327	327	1	16	208	95	90		62
485	9	Do5	C5	318	318	1	8	417	95	96		62.125
486	9	Si5b5	B5b5	362	362	1	8	417	95	96		62.25
487	9	La5b4	A5b4	354	354	1	8	417	95	96		62.375
488	9	Sol5	G5	349	349	1	8	417	95	96		62.5
489	9	Sol5	G5	349	349	1	8	417	95	96		62.625
490	9	Fa5#4	F5#4	344	344	1	8	417	95	96		62.75
491	9	Mi5b4	E5b4	332	332	3	16	625	95	96		62.9375
492	9	Re5	D5	327	327	1	16	208	95	90		63
493	9	Re5	D5	327	327	3	16	625	95	96		63.1875
494	9	Do5	C5	318	318	1	16	208	95	90		63.25
495	9	Re5	D5	327	327	3	8	1250	95	96		63.625
496	9	La5	A5	358	358	1	16	208	95	96		63.6875
497	9	Si5b5	B5b5	362	362	1	16	208	95	90		63.75
498	9	La5	A5	358	358	1	16	208	95	96		63.8125
499	9	Sol5	G5	349	349	1	16	208	95	90		63.875
500	9	Sol5	G5	349	349	1	16	208	95	96		63.9375
501	9	Fa5#4	F5#4	344	344	1	16	208	95	90		64
502	9	Sol5	G5	349	349	1	4	833	95	96		64.25
503	9	La5	A5	358	358	1	8	417	95	96	TESLÝM	64.375
504	9	Si5b5	B5b5	362	362	1	4	833	95	96		64.625
505	9	La5	A5	358	358	1	8	417	95	96		64.75
506	9	Si5b5	B5b5	362	362	1	16	208	95	96		64.8125
507	9	La5	A5	358	358	1	16	208	95	90		64.875
508	9	Sol5	G5	349	349	1	8	417	95	96		65
509	9	Sol5	G5	349	349	1	16	208	95	96		65.0625
510	9	Fa5#4	F5#4	344	344	1	16	208	95	90		65.125
511	9	Mi5b4	E5b4	332	332	1	8	417	95	96		65.25
512	9	Fa5#4	F5#4	344	344	1	16	208	95	96		65.3125
513	9	Sol5	G5	349	349	1	16	208	95	90		65.375
514	9	La5b4	A5b4	354	354	1	4	833	95	96		65.625
515	9	Sol5	G5	349	349	1	16	208	95	96		65.6875
516	9	Fa5#4	F5#4	344	344	1	16	208	95	90		65.75
517	9	Sol5	G5	349	349	1	16	208	95	96		65.8125
518	9	Fa5#4	F5#4	344	344	1	16	208	95	90		65.875
519	9	Mi5b4	E5b4	332	332	1	8	417	95	96		66
520	9	Mi5b4	E5b4	332	332	1	16	208	95	96		66.0625
521	9	Re5	D5	327	327	1	16	208	95	90		66.125
522	9	Do5	C5	318	318	1	8	417	95	96		66.25
523	9	Re5	D5	327	327	3	16	625	95	96		66.4375
524	9	Mi5b4	E5b4	332	332	1	16	208	95	90		66.5
525	9	Fa5#4	F5#4	344	344	1	8	417	95	96		66.625
526	9	Sol5	G5	349	349	1	8	417	95	96		66.75
527	9	Fa5#4	F5#4	344	344	1	8	417	95	96		66.875
528	9	Mi5b4	E5b4	332	332	1	8	417	95	96		67
529	9	Re5	D5	327	327	1	8	417	95	96		67.125
530	9	Do5	C5	318	318	1	8	417	95	96		67.25
531	9	Re5	D5	327	327	1	8	417	95	96		67.375
532	9	Mi5b4	E5b4	332	332	1	8	417	95	96		67.5
533	9	Re5	D5	327	327	1	8	417	95	96		67.625
534	9	Do5	C5	318	318	1	8	417	95	96		67.75
535	9	Si4b1	B4b1	313	313	3	16	625	95	96		67.9375
536	9	La4b4	A4b4	301	301	1	16	208	95	90		68
537	9	Sol4	G4	296	296	1	4	833	95	96		68.25
538	9	Si4b1	B4b1	313	313	3	16	625	95	96		68.4375
539	9	Re5	D5	327	327	1	16	208	95	90		68.5
540	9	Do5	C5	318	318	3	16	625	95	96		68.6875
541	9	Mi5b4	E5b4	332	332	1	16	208	95	90		68.75
542	9	Re5	D5	327	327	3	16	625	95	96		68.9375
543	9	Fa5#4	F5#4	344	344	1	16	208	95	90		69
544	9	Mi5b4	E5b4	332	332	1	8	417	95	96		69.125
545	9	Fa5#4	F5#4	344	344	1	8	417	95	96		69.25
546	9	Mi5b4	E5b4	332	332	3	16	625	95	96		69.4375
547	9	Re5	D5	327	327	1	16	208	95	90		69.5
548	9	Do5	C5	318	318	3	16	625	95	96		69.6875
549	9	Mi5b4	E5b4	332	332	1	16	208	95	90		69.75
550	9	Re5	D5	327	327	1	8	417	95	96		69.875
551	9	Mi5b4	E5b4	332	332	1	8	417	95	96		70
552	9	Re5	D5	327	327	1	8	417	95	96		70.125
553	9	Do5	C5	318	318	1	8	417	95	96		70.25
554	9	Si4b1	B4b1	313	313	3	16	625	95	96		70.4375
555	9	La4b4	A4b4	301	301	1	16	208	95	90		70.5
556	9	Sol4	G4	296	296	1	8	417	95	96		70.625
557	9	Si4b1	B4b1	313	313	1	8	417	95	96		70.75
558	9	La4b4	A4b4	301	301	3	16	625	95	96		70.9375
559	9	Sol4	G4	296	296	1	16	208	95	90		71
560	9	Fa4#4	F4#4	291	291	1	8	417	95	96		71.125
561	9	Sol4	G4	296	296	1	8	417	95	96		71.25
562	9	Fa4#4	F4#4	291	291	1	8	417	95	96		71.375
563	9	Sol4	G4	296	296	1	8	417	95	96		71.5
564	9	La4b4	A4b4	301	301	1	16	208	95	96		71.5625
565	9	Si4b1	B4b1	313	313	1	16	208	95	90		71.625
566	9	La4b4	A4b4	301	301	1	16	208	95	96		71.6875
567	9	Sol4	G4	296	296	1	16	208	95	90		71.75
568	9	Sol4	G4	296	296	1	4	833	95	96		72
569	9			-1	-1	1	4	833	100	0		72.25
