Sira	Kod	Nota53	NotaAE	Koma53	KomaAE	Pay	Payda	Ms	LNS	Bas	Soz1	Offset
1	9	La4	A4	305	305	1	4	556	95	96	ARANAÐME 	0.2222222
2	9	Si4b5	B4b5	309	309	1	8	278	95	96	.	0.3333333
3	9	La4	A4	305	305	1	8	278	95	96	.	0.4444444
4	9	Sol4	G4	296	296	1	4	556	95	96	.	0.6666667
5	9	Re5	D5	327	327	3	8	833	95	96	.	1
6	9	Do5	C5	318	318	1	8	278	95	96	.	1.111111
7	9	Si4b5	B4b5	309	309	1	8	278	95	96	.	1.222222
8	9	La4	A4	305	305	1	8	278	95	96	.	1.333333
9	9	Sol4	G4	296	296	1	8	278	95	96	.	1.444444
10	9	Fa4#4	F4#4	291	291	1	8	278	95	96	.	1.555556
11	9	Mi4b5	E4b5	278	278	1	8	278	95	96	.	1.666667
12	9	Re4	D4	274	274	1	4	556	95	96	.	1.888889
13	9			-1	-1	1	8	278	100	0	.	2
14	9	La4	A4	305	305	1	4	556	95	96	.	2.222222
15	9	Si4b5	B4b5	309	309	1	8	278	95	96	.	2.333333
16	9	La4	A4	305	305	1	8	278	95	96	.	2.444444
17	9	Sol4	G4	296	296	1	4	556	95	96	.	2.666667
18	9	Re5	D5	327	327	1	4	556	95	96	.	2.888889
19	9			-1	-1	1	8	278	100	0	.	3
20	9	La4	A4	305	305	1	8	278	95	96	.	3.111111
21	9	Do5	C5	318	318	1	8	278	95	96	.	3.222222
22	9	Si4b5	B4b5	309	309	1	8	278	95	96	.	3.333333
23	9	La4	A4	305	305	1	8	278	95	96	.	3.444444
24	9	Sol4	G4	296	296	1	8	278	95	96	.	3.555556
25	9	Fa4#4	F4#4	291	291	1	8	278	95	96	.	3.666667
26	9	Sol4	G4	296	296	1	4	556	95	96	.	3.888889
27	9			-1	-1	1	8	278	100	0		4
28	52			0	0	1	8	0	127	89		4.111111
29	9	La4	A4	305	305	1	4	556	95	96	ARANAÐME 	4.333333
30	9	Si4b5	B4b5	309	309	1	8	278	95	96	.	4.444445
31	9	La4	A4	305	305	1	8	278	95	96	.	4.555555
32	9	Sol4	G4	296	296	1	4	556	95	96	.	4.777778
33	9	Re5	D5	327	327	3	8	833	95	96	.	5.111111
34	9	Do5	C5	318	318	1	8	278	95	96	.	5.222222
35	9	Si4b5	B4b5	309	309	1	8	278	95	96	.	5.333333
36	9	La4	A4	305	305	1	8	278	95	96	.	5.444445
37	9	Sol4	G4	296	296	1	8	278	95	96	.	5.555555
38	9	Fa4#4	F4#4	291	291	1	8	278	95	96	.	5.666667
39	9	Mi4b5	E4b5	278	278	1	8	278	95	96	.	5.777778
40	9	Re4	D4	274	274	1	4	556	95	96	.	6
41	9			-1	-1	1	8	278	100	0	.	6.111111
42	9	La4	A4	305	305	1	4	556	95	96	.	6.333333
43	9	Si4b5	B4b5	309	309	1	8	278	95	96	.	6.444445
44	9	La4	A4	305	305	1	8	278	95	96	.	6.555555
45	9	Sol4	G4	296	296	1	4	556	95	96	.	6.777778
46	9	Re5	D5	327	327	1	4	556	95	96	.	7
47	9			-1	-1	1	8	278	100	0	.	7.111111
48	9	La4	A4	305	305	1	8	278	95	96	.	7.222222
49	9	Do5	C5	318	318	1	8	278	95	96	.	7.333333
50	9	Si4b5	B4b5	309	309	1	8	278	95	96	.	7.444445
51	9	La4	A4	305	305	1	8	278	95	96	.	7.555555
52	9	Sol4	G4	296	296	1	8	278	95	96	.	7.666667
53	9	Fa4#4	F4#4	291	291	1	8	278	95	96	.	7.777778
54	9	Sol4	G4	296	296	1	4	556	95	96	.	8
55	9			-1	-1	1	8	278	100	0		8.111111
56	9	Re4	D4	274	274	1	8	278	50	96	.	8.222222
57	9	Sol4	G4	296	296	1	8	278	50	96	.	8.333333
58	9	Re4	D4	274	274	1	8	278	50	96	.	8.444445
59	9	Sol4	G4	296	296	1	8	278	50	96	.	8.555555
60	9	Re4	D4	274	274	1	4	556	95	96	Kýz 	8.777778
61	9	Sol4	G4	296	296	1	4	556	95	96	sen 	9
62	9			-1	-1	1	8	278	100	0		9.111111
63	9	La4	A4	305	305	1	4	556	95	96	gel	9.333333
64	9	Si4b5	B4b5	309	309	1	8	278	99	96	din 	9.444445
65	9	La4	A4	305	305	1	8	278	95	96		9.555555
66	9	Sol4	G4	296	296	1	4	556	95	96	Çer	9.777778
67	9	Mi5b5	E5b5	331	331	1	8	278	99	96	keþ	9.888889
68	9	Re5	D5	327	327	1	8	278	99	96		10
69	9	Do5#4	C5#4	322	322	1	8	278	95	96		10.11111
70	9	Re5	D5	327	327	1	4	556	95	96	ten  	10.33333
71	9			-1	-1	1	4	556	100	0		10.55556
72	9	Mi5b5	E5b5	331	331	3	16	417	99	96	Pek 	10.72222
73	9	Re5	D5	327	327	1	16	139	95	96		10.77778
74	9	Do5	C5	318	318	3	8	833	95	96	gü	11.11111
75	9	Re5	D5	327	327	1	4	556	95	96	zel	11.33333
76	9	Si4b5	B4b5	309	309	1	4	556	95	96	sin 	11.55556
77	9	La4	A4	305	305	1	8	278	99	96	her	11.66667
78	9	Si4b5	B4b5	309	309	1	8	278	95	96		11.77778
79	9	Do5	C5	318	318	1	8	278	99	96	kes	11.88889
80	9	Si4b5	B4b5	309	309	1	8	278	99	96		12
81	9	La4	A4	305	305	1	8	278	95	96		12.11111
82	9	Sol4	G4	296	296	1	4	556	99	96	ten  	12.33333
83	9	Fa4#4	F4#4	291	291	1	8	278	99	96		12.44444
84	9	Mi4b5	E4b5	278	278	1	8	278	95	96		12.55556
85	9	Re4	D4	274	274	1	4	556	95	96	Kýz 	12.77778
86	9	Sol4	G4	296	296	1	4	556	95	96	sen 	13
87	9			-1	-1	1	8	278	100	0		13.11111
88	9	La4	A4	305	305	1	4	556	95	96	gel	13.33333
89	9	Si4b5	B4b5	309	309	1	8	278	99	96	din 	13.44444
90	9	La4	A4	305	305	1	8	278	95	96		13.55556
91	9	Sol4	G4	296	296	1	4	556	95	96	Çer	13.77778
92	9	Mi5b5	E5b5	331	331	1	8	278	99	96	keþ	13.88889
93	9	Re5	D5	327	327	1	8	278	99	96		14
94	9	Do5#4	C5#4	322	322	1	8	278	95	96		14.11111
95	9	Re5	D5	327	327	1	4	556	95	96	ten  	14.33333
96	9			-1	-1	1	4	556	100	0		14.55556
97	9	Mi5b5	E5b5	331	331	3	16	417	99	96	Pek 	14.72222
98	9	Re5	D5	327	327	1	16	139	95	96		14.77778
99	9	Do5	C5	318	318	3	8	833	95	96	gü	15.11111
100	9	Re5	D5	327	327	1	4	556	95	96	zel	15.33333
101	9	Si4b5	B4b5	309	309	1	4	556	95	96	sin 	15.55556
102	9	La4	A4	305	305	1	8	278	99	96	her	15.66667
103	9	Si4b5	B4b5	309	309	1	8	278	95	96		15.77778
104	9	Do5	C5	318	318	1	8	278	99	96	kes	15.88889
105	9	Si4b5	B4b5	309	309	1	8	278	99	96		16
106	9	La4	A4	305	305	1	8	278	95	96		16.11111
107	9	Sol4	G4	296	296	1	4	556	95	96	ten  	16.33333
108	9			-1	-1	1	4	556	100	0		16.55556
109	9	Re5	D5	327	327	1	4	556	95	96	Far	16.77778
110	9	Sol5	G5	349	349	1	4	556	95	96	kýn 	17
111	9			-1	-1	1	8	278	100	0		17.11111
112	9	Fa5	F5	340	340	1	8	278	99	96	yok	17.22222
113	9	Mi5b5	E5b5	331	331	1	8	278	95	96		17.33333
114	9	Re5	D5	327	327	1	8	278	99	96	tur 	17.44444
115	9	Do5	C5	318	318	1	8	278	95	96		17.55556
116	9	Re5	D5	327	327	1	8	278	99	96	bil	17.66667
117	9	Mi5b1	E5b1	335	335	1	8	278	95	96		17.77778
118	9	Fa5	F5	340	340	1	8	278	99	96	lâ	17.88889
119	9	Mi5b1	E5b1	335	335	1	8	278	99	96		18
120	9	Sol5	G5	349	349	1	8	278	95	96		18.11111
121	9	Fa5	F5	340	340	1	4	556	95	96	hi  	18.33333
122	9			-1	-1	1	4	556	100	0		18.55556
123	9	Sol5	G5	349	349	1	4	556	95	96	Le	18.77778
124	9	Mi5b5	E5b5	331	331	1	4	556	95	96	pis	19
125	9	Do5	C5	318	318	1	8	278	95	96	ka 	19.11111
126	9	Re5	D5	327	327	1	4	556	95	96	saç	19.33333
127	9	Si4b5	B4b5	309	309	1	16	139	99	96	lý 	19.38889
128	9	La4	A4	305	305	1	16	139	99	96		19.44444
129	9	Sol4	G4	296	296	1	8	278	95	96		19.55556
130	9	La4	A4	305	305	1	8	278	99	96	Çer	19.66667
131	9	Si4b5	B4b5	309	309	1	8	278	95	96		19.77778
132	9	Do5	C5	318	318	1	8	278	99	96	kes	19.88889
133	9	Si4b5	B4b5	309	309	1	8	278	99	96		20
134	9	La4	A4	305	305	1	8	278	95	96		20.11111
135	9	Sol4	G4	296	296	1	4	556	95	96	ten  	20.33333
136	9			-1	-1	1	4	556	100	0		20.55556
137	9	Re5	D5	327	327	1	4	556	95	96	Far	20.77778
138	9	Sol5	G5	349	349	1	4	556	95	96	kýn 	21
139	9			-1	-1	1	8	278	100	0		21.11111
140	9	Fa5	F5	340	340	1	8	278	99	96	yok	21.22222
141	9	Mi5b5	E5b5	331	331	1	8	278	95	96		21.33333
142	9	Re5	D5	327	327	1	8	278	99	96	tur 	21.44444
143	9	Do5	C5	318	318	1	8	278	95	96		21.55556
144	9	Re5	D5	327	327	1	8	278	99	96	bil	21.66667
145	9	Mi5b1	E5b1	335	335	1	8	278	95	96		21.77778
146	9	Fa5	F5	340	340	1	8	278	99	96	lâ	21.88889
147	9	Mi5b1	E5b1	335	335	1	8	278	99	96		22
148	9	Sol5	G5	349	349	1	8	278	95	96		22.11111
149	9	Fa5	F5	340	340	1	4	556	95	96	hi  	22.33333
150	9			-1	-1	1	4	556	100	0		22.55556
151	9	Sol5	G5	349	349	1	4	556	95	96	Le	22.77778
152	9	Mi5b5	E5b5	331	331	1	4	556	95	96	pis	23
153	9	Do5	C5	318	318	1	8	278	95	96	ka 	23.11111
154	9	Re5	D5	327	327	1	4	556	95	96	saç	23.33333
155	9	Si4b5	B4b5	309	309	1	16	139	99	96	lý 	23.38889
156	9	La4	A4	305	305	1	16	139	99	96		23.44444
157	9	Sol4	G4	296	296	1	8	278	95	96		23.55556
158	9	La4	A4	305	305	1	8	278	99	96	Çer	23.66667
159	9	Si4b5	B4b5	309	309	1	8	278	95	96		23.77778
160	9	Do5	C5	318	318	1	8	278	99	96	kes	23.88889
161	9	Si4b5	B4b5	309	309	1	8	278	99	96		24
162	9	La4	A4	305	305	1	8	278	95	96		24.11111
163	9	Sol4	G4	296	296	1	4	556	95	96	ten  	24.33333
164	9			-1	-1	1	4	556	100	0		24.55556
165	9	Re5	D5	327	327	1	4	556	50	96	SAZ	24.77778
166	9	Sol5	G5	349	349	1	4	556	50	96	.	25
167	9			-1	-1	1	8	278	100	0		25.11111
168	9	Re5	D5	327	327	1	4	556	95	96	An	25.33333
169	9	Sol5	G5	349	349	1	4	556	95	96	nen 	25.55556
170	9	Re5	D5	327	327	1	4	556	95	96	ba	25.77778
171	9	Sol5	G5	349	349	1	4	556	95	96	ban 	26
172	9			-1	-1	1	8	278	100	0		26.11111
173	9	Fa5	F5	340	340	1	8	278	95	96	iþ	26.22222
174	9	Sol5	G5	349	349	1	8	278	95	96	te 	26.33333
175	9	Sol5	G5	349	349	1	8	278	95	96	bu	26.44444
176	9	Fa5	F5	340	340	1	8	278	95	96	nu 	26.55556
177	9	Fa5	F5	340	340	1	8	278	99	96	bil	26.66667
178	9	Mi5b5	E5b5	331	331	1	8	278	95	96		26.77778
179	10	Mi5b5	E5b5	331	331	1	8	278	99	96	mez	26.88889
180	8	Fa5	F5	340	340	0	0	0	99	96		26.88889
181	9	Mi5b5	E5b5	331	331	1	8	278	99	96		27
182	9	Re5	D5	327	327	1	8	278	95	96		27.11111
183	9	Re5	D5	327	327	3	8	833	95	96	ler  	27.44444
184	9	Do5	C5	318	318	1	8	278	95	96	SAZ	27.55556
185	9	Si4b5	B4b5	309	309	1	8	278	95	96	.	27.66667
186	9	La4	A4	305	305	1	8	278	95	96	.	27.77778
187	9	Sol4	G4	296	296	1	4	556	95	96	.	28
188	9			-1	-1	1	8	278	100	0		28.11111
189	9	Re5	D5	327	327	1	4	556	95	96	An	28.33333
190	9	Sol5	G5	349	349	1	4	556	95	96	nen 	28.55556
191	9	Re5	D5	327	327	1	4	556	95	96	ba	28.77778
192	9	Sol5	G5	349	349	1	4	556	95	96	ban 	29
193	9			-1	-1	1	8	278	100	0		29.11111
194	9	Fa5	F5	340	340	1	8	278	95	96	iþ	29.22222
195	9	Sol5	G5	349	349	1	8	278	95	96	te 	29.33333
196	9	Sol5	G5	349	349	1	8	278	95	96	bu	29.44444
197	9	Fa5	F5	340	340	1	8	278	95	96	nu 	29.55556
198	9	Fa5	F5	340	340	1	8	278	99	96	bil	29.66667
199	9	Mi5b5	E5b5	331	331	1	8	278	95	96		29.77778
200	10	Mi5b5	E5b5	331	331	1	8	278	99	96	mez	29.88889
201	8	Fa5	F5	340	340	0	0	0	99	96		29.88889
202	9	Mi5b5	E5b5	331	331	1	8	278	99	96		30
203	9	Re5	D5	327	327	1	8	278	95	96		30.11111
204	9	Re5	D5	327	327	3	8	833	95	96	ler  	30.44444
205	9	Do5	C5	318	318	1	8	278	95	96	SAZ	30.55556
206	9	Si4b5	B4b5	309	309	1	8	278	95	96	.	30.66667
207	9	Do5	C5	318	318	1	8	278	95	96	.	30.77778
208	9	Re5	D5	327	327	1	4	556	95	96	.	31
209	9			-1	-1	1	8	278	100	0		31.11111
210	9	Mi5b5	E5b5	331	331	3	16	417	99	96	Kýz 	31.27778
211	9	Re5	D5	327	327	1	16	139	95	96		31.33333
212	9	Do5	C5	318	318	1	8	278	95	96	se	31.44444
213	9	Mi5b5	E5b5	331	331	1	8	278	95	96	ni 	31.55556
214	9	Re5	D5	327	327	1	8	278	99	96	bey	31.66667
215	9	Do5	C5	318	318	1	8	278	95	96		31.77778
216	9	Si4b5	B4b5	309	309	1	8	278	99	96	le	31.88889
217	9	La4	A4	305	305	1	8	278	95	96		32
218	9	Sol4	G4	296	296	1	8	278	95	96	re 	32.11111
219	9	Si4b5	B4b5	309	309	3	16	417	99	96	ver	32.27778
220	9	La4	A4	305	305	1	16	139	95	96		32.33333
221	9	Sol4	G4	296	296	1	8	278	95	96	mez	32.44444
222	9	Fa4#4	F4#4	291	291	1	8	278	95	96		32.55556
223	9	Sol4	G4	296	296	1	8	278	99	96	ler  	32.66667
224	9	La4	A4	305	305	1	8	278	99	96		32.77778
225	9	Si4b5	B4b5	309	309	1	8	278	99	96		32.88889
226	9	Do5	C5	318	318	1	8	278	99	96		33
227	9	Re5	D5	327	327	1	8	278	95	96		33.11111
228	9	Mi5b5	E5b5	331	331	3	16	417	99	96	Kýz 	33.27778
229	9	Re5	D5	327	327	1	16	139	95	96		33.33333
230	9	Do5	C5	318	318	1	8	278	95	96	se	33.44444
231	9	Mi5b5	E5b5	331	331	1	8	278	95	96	ni 	33.55556
232	9	Re5	D5	327	327	1	8	278	99	96	bey	33.66667
233	9	Do5	C5	318	318	1	8	278	95	96		33.77778
234	9	Si4b5	B4b5	309	309	1	8	278	99	96	le	33.88889
235	9	La4	A4	305	305	1	8	278	95	96		34
236	9	Sol4	G4	296	296	1	8	278	95	96	re 	34.11111
237	9	Si4b5	B4b5	309	309	3	16	417	99	96	ver	34.27778
238	9	La4	A4	305	305	1	16	139	95	96		34.33333
239	9	Sol4	G4	296	296	1	8	278	99	96	mez	34.44444
240	9	Fa4#4	F4#4	291	291	1	8	278	95	96		34.55556
241	9	Sol4	G4	296	296	1	4	556	95	96	ler  	34.77778
242	9			-1	-1	3	8	833	100	0		35.11111
243	9	La4	A4	305	305	1	4	556	95	96	ARANAÐME 	35.33333
244	9	Si4b5	B4b5	309	309	1	8	278	95	96	.	35.44444
245	9	La4	A4	305	305	1	8	278	95	96	.	35.55556
246	9	Sol4	G4	296	296	1	4	556	95	96	.	35.77778
247	9	Re5	D5	327	327	3	8	833	95	96	.	36.11111
248	9	Do5	C5	318	318	1	8	278	95	96	.	36.22222
249	9	Si4b5	B4b5	309	309	1	8	278	95	96	.	36.33333
250	9	La4	A4	305	305	1	8	278	95	96	.	36.44444
251	9	Sol4	G4	296	296	1	8	278	95	96	.	36.55556
252	9	Fa4#4	F4#4	291	291	1	8	278	95	96	.	36.66667
253	9	Mi4b5	E4b5	278	278	1	8	278	95	96	.	36.77778
254	9	Re4	D4	274	274	1	4	556	95	96	.	37
255	9			-1	-1	1	8	278	100	0	.	37.11111
256	9	La4	A4	305	305	1	4	556	95	96	.	37.33333
257	9	Si4b5	B4b5	309	309	1	8	278	95	96	.	37.44444
258	9	La4	A4	305	305	1	8	278	95	96	.	37.55556
259	9	Sol4	G4	296	296	1	4	556	95	96	.	37.77778
260	9	Re5	D5	327	327	1	4	556	95	96	.	38
261	9			-1	-1	1	8	278	100	0	.	38.11111
262	9	La4	A4	305	305	1	8	278	95	96	.	38.22222
263	9	Do5	C5	318	318	1	8	278	95	96	.	38.33333
264	9	Si4b5	B4b5	309	309	1	8	278	95	96	.	38.44444
265	9	La4	A4	305	305	1	8	278	95	96	.	38.55556
266	9	Sol4	G4	296	296	1	8	278	95	96	.	38.66667
267	9	Fa4#4	F4#4	291	291	1	8	278	95	96	.	38.77778
268	9	Sol4	G4	296	296	1	4	556	95	96	.	39
269	9			-1	-1	1	8	278	100	0		39.11111
270	9	La4	A4	305	305	1	4	556	95	96	ARANAÐME 	39.33333
271	9	Si4b5	B4b5	309	309	1	8	278	95	96	.	39.44444
272	9	La4	A4	305	305	1	8	278	95	96	.	39.55556
273	9	Sol4	G4	296	296	1	4	556	95	96	.	39.77778
274	9	Re5	D5	327	327	3	8	833	95	96	.	40.11111
275	9	Do5	C5	318	318	1	8	278	95	96	.	40.22222
276	9	Si4b5	B4b5	309	309	1	8	278	95	96	.	40.33333
277	9	La4	A4	305	305	1	8	278	95	96	.	40.44444
278	9	Sol4	G4	296	296	1	8	278	95	96	.	40.55556
279	9	Fa4#4	F4#4	291	291	1	8	278	95	96	.	40.66667
280	9	Mi4b5	E4b5	278	278	1	8	278	95	96	.	40.77778
281	9	Re4	D4	274	274	1	4	556	95	96	.	41
282	9			-1	-1	1	8	278	100	0	.	41.11111
283	9	La4	A4	305	305	1	4	556	95	96	.	41.33333
284	9	Si4b5	B4b5	309	309	1	8	278	95	96	.	41.44444
285	9	La4	A4	305	305	1	8	278	95	96	.	41.55556
286	9	Sol4	G4	296	296	1	4	556	95	96	.	41.77778
287	9	Re5	D5	327	327	1	4	556	95	96	.	42
288	9			-1	-1	1	8	278	100	0	.	42.11111
289	9	La4	A4	305	305	1	8	278	95	96	.	42.22222
290	9	Do5	C5	318	318	1	8	278	95	96	.	42.33333
291	9	Si4b5	B4b5	309	309	1	8	278	95	96	.	42.44444
292	9	La4	A4	305	305	1	8	278	95	96	.	42.55556
293	9	Sol4	G4	296	296	1	8	278	95	96	.	42.66667
294	9	Fa4#4	F4#4	291	291	1	8	278	95	96	.	42.77778
295	9	Sol4	G4	296	296	1	4	556	95	96	.	43
296	9			-1	-1	1	8	278	100	0		43.11111
297	9	Re4	D4	274	274	1	8	278	50	96	.	43.22222
298	9	Sol4	G4	296	296	1	8	278	50	96	.	43.33333
299	9	Re4	D4	274	274	1	8	278	50	96	.	43.44444
300	9	Sol4	G4	296	296	1	8	278	50	96	.	43.55556
301	9	Re4	D4	274	274	1	4	556	95	96	Kýz 	43.77778
302	9	Sol4	G4	296	296	1	4	556	95	96	sen 	44
303	9			-1	-1	1	8	278	100	0		44.11111
304	9	La4	A4	305	305	1	4	556	95	96	gel	44.33333
305	9	Si4b5	B4b5	309	309	1	8	278	99	96	din 	44.44444
306	9	La4	A4	305	305	1	8	278	95	96		44.55556
307	9	Sol4	G4	296	296	1	4	556	95	96	Çer	44.77778
308	9	Mi5b5	E5b5	331	331	1	8	278	99	96	keþ	44.88889
309	9	Re5	D5	327	327	1	8	278	99	96		45
310	9	Do5#4	C5#4	322	322	1	8	278	95	96		45.11111
311	9	Re5	D5	327	327	1	4	556	95	96	ten  	45.33333
312	9			-1	-1	1	4	556	100	0		45.55556
313	9	Mi5b5	E5b5	331	331	3	16	417	99	96	Pek 	45.72222
314	9	Re5	D5	327	327	1	16	139	95	96		45.77778
315	9	Do5	C5	318	318	3	8	833	95	96	gü	46.11111
316	9	Re5	D5	327	327	1	4	556	95	96	zel	46.33333
317	9	Si4b5	B4b5	309	309	1	4	556	95	96	sin 	46.55556
318	9	La4	A4	305	305	1	8	278	99	96	her	46.66667
319	9	Si4b5	B4b5	309	309	1	8	278	95	96		46.77778
320	9	Do5	C5	318	318	1	8	278	99	96	kes	46.88889
321	9	Si4b5	B4b5	309	309	1	8	278	99	96		47
322	9	La4	A4	305	305	1	8	278	95	96		47.11111
323	9	Sol4	G4	296	296	1	4	556	99	96	ten  	47.33333
324	9	Fa4#4	F4#4	291	291	1	8	278	99	96		47.44444
325	9	Mi4b5	E4b5	278	278	1	8	278	95	96		47.55556
326	9	Re4	D4	274	274	1	4	556	95	96	Kýz 	47.77778
327	9	Sol4	G4	296	296	1	4	556	95	96	sen 	48
328	9			-1	-1	1	8	278	100	0		48.11111
329	9	La4	A4	305	305	1	4	556	95	96	gel	48.33333
330	9	Si4b5	B4b5	309	309	1	8	278	99	96	din 	48.44444
331	9	La4	A4	305	305	1	8	278	95	96		48.55556
332	9	Sol4	G4	296	296	1	4	556	95	96	Çer	48.77778
333	9	Mi5b5	E5b5	331	331	1	8	278	99	96	keþ	48.88889
334	9	Re5	D5	327	327	1	8	278	99	96		49
335	9	Do5#4	C5#4	322	322	1	8	278	95	96		49.11111
336	9	Re5	D5	327	327	1	4	556	95	96	ten  	49.33333
337	9			-1	-1	1	4	556	100	0		49.55556
338	9	Mi5b5	E5b5	331	331	3	16	417	99	96	Pek 	49.72222
339	9	Re5	D5	327	327	1	16	139	95	96		49.77778
340	9	Do5	C5	318	318	3	8	833	95	96	gü	50.11111
341	9	Re5	D5	327	327	1	4	556	95	96	zel	50.33333
342	9	Si4b5	B4b5	309	309	1	4	556	95	96	sin 	50.55556
343	9	La4	A4	305	305	1	8	278	99	96	her	50.66667
344	9	Si4b5	B4b5	309	309	1	8	278	95	96		50.77778
345	9	Do5	C5	318	318	1	8	278	99	96	kes	50.88889
346	9	Si4b5	B4b5	309	309	1	8	278	99	96		51
347	9	La4	A4	305	305	1	8	278	95	96		51.11111
348	9	Sol4	G4	296	296	1	4	556	95	96	ten  	51.33333
349	9			-1	-1	1	4	556	100	0		51.55556
350	9	Re5	D5	327	327	1	4	556	95	96	Far	51.77778
351	9	Sol5	G5	349	349	1	4	556	95	96	kýn 	52
352	9			-1	-1	1	8	278	100	0		52.11111
353	9	Fa5	F5	340	340	1	8	278	99	96	yok	52.22222
354	9	Mi5b5	E5b5	331	331	1	8	278	95	96		52.33333
355	9	Re5	D5	327	327	1	8	278	99	96	tur 	52.44444
356	9	Do5	C5	318	318	1	8	278	95	96		52.55556
357	9	Re5	D5	327	327	1	8	278	99	96	bil	52.66667
358	9	Mi5b1	E5b1	335	335	1	8	278	95	96		52.77778
359	9	Fa5	F5	340	340	1	8	278	99	96	lâ	52.88889
360	9	Mi5b1	E5b1	335	335	1	8	278	99	96		53
361	9	Sol5	G5	349	349	1	8	278	95	96		53.11111
362	9	Fa5	F5	340	340	1	4	556	95	96	hi  	53.33333
363	9			-1	-1	1	4	556	100	0		53.55556
364	9	Sol5	G5	349	349	1	4	556	95	96	Le	53.77778
365	9	Mi5b5	E5b5	331	331	1	4	556	95	96	pis	54
366	9	Do5	C5	318	318	1	8	278	95	96	ka 	54.11111
367	9	Re5	D5	327	327	1	4	556	95	96	saç	54.33333
368	9	Si4b5	B4b5	309	309	1	16	139	99	96	lý 	54.38889
369	9	La4	A4	305	305	1	16	139	99	96		54.44444
370	9	Sol4	G4	296	296	1	8	278	95	96		54.55556
371	9	La4	A4	305	305	1	8	278	99	96	Çer	54.66667
372	9	Si4b5	B4b5	309	309	1	8	278	95	96		54.77778
373	9	Do5	C5	318	318	1	8	278	99	96	kes	54.88889
374	9	Si4b5	B4b5	309	309	1	8	278	99	96		55
375	9	La4	A4	305	305	1	8	278	95	96		55.11111
376	9	Sol4	G4	296	296	1	4	556	95	96	ten  	55.33333
377	9			-1	-1	1	4	556	100	0		55.55556
378	9	Re5	D5	327	327	1	4	556	95	96	Far	55.77778
379	9	Sol5	G5	349	349	1	4	556	95	96	kýn 	56
380	9			-1	-1	1	8	278	100	0		56.11111
381	9	Fa5	F5	340	340	1	8	278	99	96	yok	56.22222
382	9	Mi5b5	E5b5	331	331	1	8	278	95	96		56.33333
383	9	Re5	D5	327	327	1	8	278	99	96	tur 	56.44444
384	9	Do5	C5	318	318	1	8	278	95	96		56.55556
385	9	Re5	D5	327	327	1	8	278	99	96	bil	56.66667
386	9	Mi5b1	E5b1	335	335	1	8	278	95	96		56.77778
387	9	Fa5	F5	340	340	1	8	278	99	96	lâ	56.88889
388	9	Mi5b1	E5b1	335	335	1	8	278	99	96		57
389	9	Sol5	G5	349	349	1	8	278	95	96		57.11111
390	9	Fa5	F5	340	340	1	4	556	95	96	hi  	57.33333
391	9			-1	-1	1	4	556	100	0		57.55556
392	9	Sol5	G5	349	349	1	4	556	95	96	Le	57.77778
393	9	Mi5b5	E5b5	331	331	1	4	556	95	96	pis	58
394	9	Do5	C5	318	318	1	8	278	95	96	ka 	58.11111
395	9	Re5	D5	327	327	1	4	556	95	96	saç	58.33333
396	9	Si4b5	B4b5	309	309	1	16	139	99	96	lý 	58.38889
397	9	La4	A4	305	305	1	16	139	99	96		58.44444
398	9	Sol4	G4	296	296	1	8	278	95	96		58.55556
399	9	La4	A4	305	305	1	8	278	99	96	Çer	58.66667
400	9	Si4b5	B4b5	309	309	1	8	278	95	96		58.77778
401	9	Do5	C5	318	318	1	8	278	99	96	kes	58.88889
402	9	Si4b5	B4b5	309	309	1	8	278	99	96		59
403	9	La4	A4	305	305	1	8	278	95	96		59.11111
404	9	Sol4	G4	296	296	1	4	556	95	96	ten  	59.33333
405	9			-1	-1	1	4	556	100	0		59.55556
406	9	Re5	D5	327	327	1	4	556	50	96	SAZ	59.77778
407	9	Sol5	G5	349	349	1	4	556	50	96	.	60
408	9			-1	-1	1	8	278	100	0		60.11111
409	9	Re5	D5	327	327	1	4	556	95	96	An	60.33333
410	9	Sol5	G5	349	349	1	4	556	95	96	nen 	60.55556
411	9	Re5	D5	327	327	1	4	556	95	96	ba	60.77778
412	9	Sol5	G5	349	349	1	4	556	95	96	ban 	61
413	9			-1	-1	1	8	278	100	0		61.11111
414	9	Fa5	F5	340	340	1	8	278	95	96	iþ	61.22222
415	9	Sol5	G5	349	349	1	8	278	95	96	te 	61.33333
416	9	Sol5	G5	349	349	1	8	278	95	96	bu	61.44444
417	9	Fa5	F5	340	340	1	8	278	95	96	nu 	61.55556
418	9	Fa5	F5	340	340	1	8	278	99	96	bil	61.66667
419	9	Mi5b5	E5b5	331	331	1	8	278	95	96		61.77778
420	10	Mi5b5	E5b5	331	331	1	8	278	99	96	mez	61.88889
421	8	Fa5	F5	340	340	0	0	0	99	96		61.88889
422	9	Mi5b5	E5b5	331	331	1	8	278	99	96		62
423	9	Re5	D5	327	327	1	8	278	95	96		62.11111
424	9	Re5	D5	327	327	3	8	833	95	96	ler  	62.44444
425	9	Do5	C5	318	318	1	8	278	95	96	SAZ	62.55556
426	9	Si4b5	B4b5	309	309	1	8	278	95	96	.	62.66667
427	9	La4	A4	305	305	1	8	278	95	96	.	62.77778
428	9	Sol4	G4	296	296	1	4	556	95	96	.	63
429	9			-1	-1	1	8	278	100	0		63.11111
430	9	Re5	D5	327	327	1	4	556	95	96	An	63.33333
431	9	Sol5	G5	349	349	1	4	556	95	96	nen 	63.55556
432	9	Re5	D5	327	327	1	4	556	95	96	ba	63.77778
433	9	Sol5	G5	349	349	1	4	556	95	96	ban 	64
434	9			-1	-1	1	8	278	100	0		64.11111
435	9	Fa5	F5	340	340	1	8	278	95	96	iþ	64.22222
436	9	Sol5	G5	349	349	1	8	278	95	96	te 	64.33334
437	9	Sol5	G5	349	349	1	8	278	95	96	bu	64.44444
438	9	Fa5	F5	340	340	1	8	278	95	96	nu 	64.55556
439	9	Fa5	F5	340	340	1	8	278	99	96	bil	64.66666
440	9	Mi5b5	E5b5	331	331	1	8	278	95	96		64.77778
441	10	Mi5b5	E5b5	331	331	1	8	278	99	96	mez	64.88889
442	8	Fa5	F5	340	340	0	0	0	99	96		64.88889
443	9	Mi5b5	E5b5	331	331	1	8	278	99	96		65
444	9	Re5	D5	327	327	1	8	278	95	96		65.11111
445	9	Re5	D5	327	327	3	8	833	95	96	ler  	65.44444
446	9	Do5	C5	318	318	1	8	278	95	96	SAZ	65.55556
447	9	Si4b5	B4b5	309	309	1	8	278	95	96	.	65.66666
448	9	Do5	C5	318	318	1	8	278	95	96	.	65.77778
449	9	Re5	D5	327	327	1	4	556	95	96	.	66
450	9			-1	-1	1	8	278	100	0		66.11111
451	9	Mi5b5	E5b5	331	331	3	16	417	99	96	Kýz 	66.27778
452	9	Re5	D5	327	327	1	16	139	95	96		66.33334
453	9	Do5	C5	318	318	1	8	278	95	96	se	66.44444
454	9	Mi5b5	E5b5	331	331	1	8	278	95	96	ni 	66.55556
455	9	Re5	D5	327	327	1	8	278	99	96	bey	66.66666
456	9	Do5	C5	318	318	1	8	278	95	96		66.77778
457	9	Si4b5	B4b5	309	309	1	8	278	99	96	le	66.88889
458	9	La4	A4	305	305	1	8	278	95	96		67
459	9	Sol4	G4	296	296	1	8	278	95	96	re 	67.11111
460	9	Si4b5	B4b5	309	309	3	16	417	99	96	ver	67.27778
461	9	La4	A4	305	305	1	16	139	95	96		67.33334
462	9	Sol4	G4	296	296	1	8	278	95	96	mez	67.44444
463	9	Fa4#4	F4#4	291	291	1	8	278	95	96		67.55556
464	9	Sol4	G4	296	296	1	8	278	99	96	ler  	67.66666
465	9	La4	A4	305	305	1	8	278	99	96		67.77778
466	9	Si4b5	B4b5	309	309	1	8	278	99	96		67.88889
467	9	Do5	C5	318	318	1	8	278	99	96		68
468	9	Re5	D5	327	327	1	8	278	95	96		68.11111
469	9	Mi5b5	E5b5	331	331	3	16	417	99	96	Kýz 	68.27778
470	9	Re5	D5	327	327	1	16	139	95	96		68.33334
471	9	Do5	C5	318	318	1	8	278	95	96	se	68.44444
472	9	Mi5b5	E5b5	331	331	1	8	278	95	96	ni 	68.55556
473	9	Re5	D5	327	327	1	8	278	99	96	bey	68.66666
474	9	Do5	C5	318	318	1	8	278	95	96		68.77778
475	9	Si4b5	B4b5	309	309	1	8	278	99	96	le	68.88889
476	9	La4	A4	305	305	1	8	278	95	96		69
477	9	Sol4	G4	296	296	1	8	278	95	96	re 	69.11111
478	9	Si4b5	B4b5	309	309	3	16	417	99	96	ver	69.27778
479	9	La4	A4	305	305	1	16	139	95	96		69.33334
480	9	Sol4	G4	296	296	1	8	278	99	96	mez	69.44444
481	9	Fa4#4	F4#4	291	291	1	8	278	95	96		69.55556
482	9	Sol4	G4	296	296	1	4	556	95	96	ler  	69.77778
483	9			-1	-1	3	8	833	100	0		70.11111
