Sira	Kod	Nota53	NotaAE	Koma53	KomaAE	Pay	Payda	Ms	LNS	Bas	Soz1	Offset
1	9	Sol4	G4	296	296	3	16	413	95	96		0.3
2	7	Sol4	G4	296	296	1	16	138	95	96		0.4
3	9	Sol4	G4	296	296	1	8	275	95	96		0.6
4	9	Sol4	G4	296	296	1	4	550	101	96		1
5	9	Sol4	G4	296	296	3	16	413	95	96		1.3
6	7	Sol4	G4	296	296	1	16	138	95	96		1.4
7	9	Sol4	G4	296	296	1	8	275	95	96		1.6
8	9	Sol4	G4	296	296	1	4	550	101	96		2
9	9	Sol4	G4	296	296	1	32	69	95	96		2.05
10	9	Re4	D4	274	274	1	32	69	95	96		2.1
11	7	Sol4	G4	296	296	3	16	413	95	96		2.4
12	9	Sol4	G4	296	296	1	32	69	95	96		2.45
13	9	Re4	D4	274	274	1	32	69	95	96		2.5
14	7	Sol4	G4	296	296	3	16	413	95	96		2.8
15	9	Sol4	G4	296	296	1	32	69	95	96		2.85
16	9	Re4	D4	274	274	1	32	69	95	96		2.9
17	7	Sol4	G4	296	296	3	16	413	95	96		3.2
18	9	Sol4	G4	296	296	1	32	69	95	96		3.25
19	9	Re4	D4	274	274	1	32	69	95	96		3.3
20	7	Sol4	G4	296	296	5	16	688	95	96		3.8
21	9	Sol4	G4	296	296	1	32	69	95	96		3.85
22	9	Re4	D4	274	274	1	32	69	95	96		3.9
23	7	Sol4	G4	296	296	3	16	413	95	96		4.2
24	9	Sol4	G4	296	296	1	32	69	95	96		4.25
25	9	Re4	D4	274	274	1	32	69	95	96		4.3
26	7	Sol4	G4	296	296	3	16	413	95	96		4.6
27	9	Sol4	G4	296	296	1	32	69	95	96		4.65
28	9	Re4	D4	274	274	1	32	69	95	96		4.7
29	7	Sol4	G4	296	296	3	16	413	95	96		5
30	9	Sol4	G4	296	296	1	32	69	95	96		5.05
31	9	Re4	D4	274	274	1	32	69	95	96		5.1
32	7	Sol4	G4	296	296	5	16	688	95	96		5.6
33	9	Sol4	G4	296	296	1	32	69	95	96		5.65
34	9	Re4	D4	274	274	1	32	69	95	96		5.7
35	7	Sol4	G4	296	296	3	16	413	95	96		6
36	9	Sol4	G4	296	296	1	32	69	95	96		6.05
37	9	Re4	D4	274	274	1	32	69	95	96		6.1
38	7	Sol4	G4	296	296	3	16	413	95	96		6.4
39	7	Sol4	G4	296	296	6	16	826	95	96		7
40	9	Si4b4	B4b4	310	310	1	8	275	95	96		7.2
41	9	La4	A4	305	305	1	16	138	95	96		7.3
42	9	Sol4	G4	296	296	1	16	138	95	96		7.4
43	7	Sol4	G4	296	296	6	16	826	95	96		8
44	10	La4	A4	305	305	1	8	275	95	96		8.2
45	8	Si4b4	B4b4	310	310	0	0	0	95	96		8.2
46	10	La4	A4	305	305	1	16	138	95	96		8.3
47	8	Si4b4	B4b4	310	310	0	0	0	95	96		8.3
48	9	Sol4	G4	296	296	1	16	138	95	96		8.4
49	7	Sol4	G4	296	296	6	16	826	95	96		9
50	9	Si4b4	B4b4	310	310	1	8	275	95	96		9.2
51	9	La4	A4	305	305	1	16	138	95	96		9.3
52	9	Sol4	G4	296	296	1	16	138	95	96		9.4
53	7	Sol4	G4	296	296	6	16	826	95	96		10
54	10	La4	A4	305	305	1	8	275	95	96		10.2
55	8	Si4b4	B4b4	310	310	0	0	0	95	96		10.2
56	10	La4	A4	305	305	1	16	138	95	96		10.3
57	8	Si4b4	B4b4	310	310	0	0	0	95	96		10.3
58	9	Sol4	G4	296	296	1	16	138	95	96		10.4
59	7	Sol4	G4	296	296	4	16	550	95	96		10.8
60	9	Sol4	G4	296	296	1	16	138	95	96		10.9
61	9	Do5	C5	318	318	1	16	138	95	96		11
62	9	Si4b4	B4b4	310	310	1	16	138	95	96		11.1
63	9	Do5	C5	318	318	1	16	138	95	96		11.2
64	10	La4	A4	305	305	1	16	138	95	96		11.3
65	8	Si4b4	B4b4	310	310	0	0	0	95	96		11.3
66	9	Sol4	G4	296	296	1	16	138	95	96		11.4
67	7	Sol4	G4	296	296	4	16	550	95	96		11.8
68	7	Sol4	G4	296	296	1	8	275	95	96		12
69	9	La4	A4	305	305	1	16	138	95	96		12.1
70	9	Si4b4	B4b4	310	310	1	16	138	95	96		12.2
71	10	La4	A4	305	305	1	16	138	95	96		12.3
72	8	Si4b4	B4b4	310	310	0	0	0	95	96		12.3
73	9	Sol4	G4	296	296	1	16	138	95	96		12.4
74	7	Sol4	G4	296	296	4	16	550	95	96		12.8
75	9	Sol4	G4	296	296	1	16	138	95	96		12.9
76	9	Do5	C5	318	318	1	16	138	95	96		13
77	9	Si4b4	B4b4	310	310	1	16	138	95	96		13.1
78	9	Do5	C5	318	318	1	16	138	95	96		13.2
79	10	La4	A4	305	305	1	16	138	95	96		13.3
80	8	Si4b4	B4b4	310	310	0	0	0	95	96		13.3
81	9	Sol4	G4	296	296	1	16	138	95	96		13.4
82	7	Sol4	G4	296	296	4	16	550	95	96		13.8
83	7	Sol4	G4	296	296	1	8	275	95	96		14
84	9	La4	A4	305	305	1	16	138	95	96		14.1
85	9	Si4b4	B4b4	310	310	1	16	138	95	96		14.2
86	10	La4	A4	305	305	1	16	138	95	96		14.3
87	8	Si4b4	B4b4	310	310	0	0	0	95	96		14.3
88	9	Sol4	G4	296	296	1	16	138	95	96		14.4
89	7	Sol4	G4	296	296	4	16	550	95	96		14.8
90	9	Do5	C5	318	318	1	16	138	95	96		14.9
91	9	Si4b4	B4b4	310	310	1	16	138	95	96		15
92	9	Do5	C5	318	318	1	16	138	95	96		15.1
93	9	Si4b4	B4b4	310	310	1	16	138	95	96		15.2
94	10	La4	A4	305	305	1	16	138	95	96		15.3
95	8	Si4b4	B4b4	310	310	0	0	0	95	96		15.3
96	9	Sol4	G4	296	296	1	16	138	95	96		15.4
97	7	Sol4	G4	296	296	4	16	550	95	96		15.8
98	7	Sol4	G4	296	296	1	8	275	95	96		16
99	9	La4	A4	305	305	1	16	138	95	96		16.1
100	9	Si4b4	B4b4	310	310	1	16	138	95	96		16.2
101	10	La4	A4	305	305	1	16	138	95	96		16.3
102	8	Si4b4	B4b4	310	310	0	0	0	95	96		16.3
103	9	Sol4	G4	296	296	1	16	138	95	96		16.4
104	7	Sol4	G4	296	296	4	16	550	95	96		16.8
105	9	Do5	C5	318	318	1	16	138	95	96		16.9
106	9	Si4b4	B4b4	310	310	1	16	138	95	96		17
107	9	Do5	C5	318	318	1	16	138	95	96		17.1
108	9	Si4b4	B4b4	310	310	1	16	138	95	96		17.2
109	10	La4	A4	305	305	1	16	138	95	96		17.3
110	8	Si4b4	B4b4	310	310	0	0	0	95	96		17.3
111	9	Sol4	G4	296	296	1	16	138	95	96		17.4
112	7	Sol4	G4	296	296	4	16	550	95	96		17.8
113	7	Sol4	G4	296	296	1	8	275	95	96		18
114	9	La4	A4	305	305	1	16	138	95	96		18.1
115	9	Si4b4	B4b4	310	310	1	16	138	95	96		18.2
116	10	La4	A4	305	305	1	16	138	95	96		18.3
117	8	Si4b4	B4b4	310	310	0	0	0	95	96		18.3
118	9	Sol4	G4	296	296	1	16	138	95	96		18.4
119	7	Sol4	G4	296	296	4	16	550	95	96		18.8
120	9	Re5	D5	327	327	1	16	138	95	96		18.9
121	9	Do5	C5	318	318	1	16	138	95	96		19
122	9	Do5	C5	318	318	1	16	138	95	96		19.1
123	9	Si4b4	B4b4	310	310	1	16	138	95	96		19.2
124	9	Si4b4	B4b4	310	310	1	32	69	95	96		19.25
125	9	La4	A4	305	305	1	32	69	95	96		19.3
126	9	Sol4	G4	296	296	1	16	138	95	96		19.4
127	7	Sol4	G4	296	296	4	16	550	95	96		19.8
128	7	Sol4	G4	296	296	1	8	275	95	96		20
129	9	La4	A4	305	305	1	16	138	95	96		20.1
130	9	Si4b4	B4b4	310	310	1	16	138	95	96		20.2
131	9	La4	A4	305	305	1	32	69	95	96		20.25
132	9	Si4b4	B4b4	310	310	1	32	69	95	96		20.3
133	9	Sol4	G4	296	296	1	16	138	95	96		20.4
134	7	Sol4	G4	296	296	4	16	550	95	96		20.8
135	9	Re5	D5	327	327	1	16	138	95	96		20.9
136	9	Do5	C5	318	318	1	16	138	95	96		21
137	9	Do5	C5	318	318	1	16	138	95	96		21.1
138	9	Si4b4	B4b4	310	310	1	16	138	95	96		21.2
139	9	Si4b4	B4b4	310	310	1	32	69	95	96		21.25
140	9	La4	A4	305	305	1	32	69	95	96		21.3
141	9	Sol4	G4	296	296	1	16	138	95	96		21.4
142	7	Sol4	G4	296	296	4	16	550	95	96		21.8
143	7	Sol4	G4	296	296	1	8	275	95	96		22
144	9	La4	A4	305	305	1	16	138	95	96		22.1
145	9	Si4b4	B4b4	310	310	1	16	138	95	96		22.2
146	9	La4	A4	305	305	1	32	69	95	96		22.25
147	9	Si4b4	B4b4	310	310	1	32	69	95	96		22.3
148	9	Sol4	G4	296	296	1	16	138	95	96		22.4
149	7	Sol4	G4	296	296	4	16	550	95	96		22.8
150	9	Sol4	G4	296	296	1	16	138	95	96		22.9
151	9	Re5	D5	327	327	1	16	138	95	96		23
152	7	Re5	D5	327	327	1	8	275	95	96		23.2
153	9	Re5	D5	327	327	1	16	138	95	96		23.3
154	9	Sol4	G4	296	296	1	16	138	95	96		23.4
155	9	Sol4	G4	296	296	1	16	138	95	96		23.5
156	7	Re5	D5	327	327	1	8	275	95	96		23.7
157	9	Sol4	G4	296	296	1	16	138	95	96		23.8
158	9	Sol4	G4	296	296	1	16	138	95	96		23.9
159	9	Re5	D5	327	327	1	16	138	95	96		24
160	7	Re5	D5	327	327	1	8	275	95	96		24.2
161	9	Re5	D5	327	327	1	16	138	95	96		24.3
162	9	Sol4	G4	296	296	1	16	138	95	96		24.4
163	9	Sol4	G4	296	296	1	16	138	95	96		24.5
164	7	Re5	D5	327	327	1	8	275	95	96		24.7
165	9	Sol4	G4	296	296	1	16	138	95	96		24.8
166	9	Sol4	G4	296	296	1	16	138	95	96		24.9
167	9	Re5	D5	327	327	1	16	138	95	96		25
168	7	Re5	D5	327	327	1	8	275	95	96		25.2
169	9	Re5	D5	327	327	1	16	138	95	96		25.3
170	9	Sol4	G4	296	296	1	16	138	95	96		25.4
171	9	Sol4	G4	296	296	1	16	138	95	96		25.5
172	7	Re5	D5	327	327	1	8	275	95	96		25.7
173	9	Sol4	G4	296	296	1	16	138	95	96		25.8
174	9	Fa5#3	F5#4	343	344	1	16	138	95	96		25.9
175	9	Re5	D5	327	327	1	16	138	95	96		26
176	7	Re5	D5	327	327	1	8	275	95	96		26.2
177	9	Re5	D5	327	327	1	16	138	95	96		26.3
178	9	Sol4	G4	296	296	1	16	138	95	96		26.4
179	9	Fa5#3	F5#4	343	344	1	16	138	95	96		26.5
180	7	Re5	D5	327	327	1	8	275	95	96		26.7
181	9	Fa5#3	F5#4	343	344	1	16	138	95	96		26.8
182	9	Fa5#3	F5#4	343	344	1	16	138	95	96		26.9
183	9	Re5	D5	327	327	1	16	138	95	96		27
184	7	Re5	D5	327	327	1	8	275	95	96		27.2
185	9	Re5	D5	327	327	1	16	138	95	96		27.3
186	9	Fa5#3	F5#4	343	344	1	16	138	95	96		27.4
187	9	Fa5#3	F5#4	343	344	1	16	138	95	96		27.5
188	9	Re5	D5	327	327	1	8	275	95	96		27.7
189	9	Fa5#3	F5#4	343	344	1	16	138	95	96		27.8
190	9	Fa5#3	F5#4	343	344	1	16	138	95	96		27.9
191	9	Re5	D5	327	327	1	16	138	95	96		28
192	7	Re5	D5	327	327	1	8	275	95	96		28.2
193	9	Re5	D5	327	327	1	16	138	95	96		28.3
194	9	Fa5#3	F5#4	343	344	1	16	138	95	96		28.4
195	9	Fa5#3	F5#4	343	344	1	16	138	95	96		28.5
196	7	Re5	D5	327	327	1	8	275	95	96		28.7
197	9	Fa5#3	F5#4	343	344	1	16	138	95	96		28.8
198	9	Fa5#3	F5#4	343	344	1	16	138	95	96		28.9
199	9	Re5	D5	327	327	1	16	138	95	96		29
200	7	Re5	D5	327	327	1	8	275	95	96		29.2
201	9	Re5	D5	327	327	1	16	138	95	96		29.3
202	9	Fa5#3	F5#4	343	344	1	16	138	95	96		29.4
203	9	Fa5#3	F5#4	343	344	1	16	138	95	96		29.5
204	9	Re5	D5	327	327	1	8	275	95	96		29.7
205	9	Fa5#3	F5#4	343	344	1	16	138	95	96		29.8
206	9	Fa5#3	F5#4	343	344	1	16	138	95	96		29.9
207	9	Re5	D5	327	327	1	16	138	95	96		30
208	7	Re5	D5	327	327	1	8	275	95	96		30.2
209	9	Re5	D5	327	327	1	16	138	95	96		30.3
210	9	Fa5#3	F5#4	343	344	1	16	138	95	96		30.4
211	9	Fa5#3	F5#4	343	344	3	16	413	95	96		30.7
212	7	Fa5#3	F5#4	343	344	1	16	138	95	96		30.8
213	9	Fa5#3	F5#4	343	344	3	16	413	95	96		31.1
214	7	Fa5#3	F5#4	343	344	1	16	138	95	96		31.2
215	9	Fa5#3	F5#4	343	344	3	16	413	95	96		31.5
216	7	Fa5#3	F5#4	343	344	1	16	138	95	96		31.6
217	9	Fa5#3	F5#4	343	344	1	8	275	95	96		31.8
218	9	Fa5#3	F5#4	343	344	1	8	275	95	96		32
219	9	Re5	D5	327	327	1	16	138	95	96		32.1
220	9	Fa5#3	F5#4	343	344	1	16	138	95	96		32.2
221	9	Fa5#3	F5#4	343	344	3	16	413	95	96		32.5
222	7	Fa5#3	F5#4	343	344	1	16	138	95	96		32.6
223	9	Fa5#3	F5#4	343	344	3	16	413	95	96		32.9
224	7	Fa5#3	F5#4	343	344	1	16	138	95	96		33
225	9	Fa5#3	F5#4	343	344	3	16	413	95	96		33.3
226	7	Fa5#3	F5#4	343	344	1	16	138	95	96		33.4
227	9	Fa5#3	F5#4	343	344	1	8	275	95	96		33.6
228	9	Fa5#3	F5#4	343	344	1	8	275	95	96		33.8
229	9	Re5	D5	327	327	1	16	138	95	96		33.9
230	9	Fa5#3	F5#4	343	344	1	16	138	95	96		34
231	9	La5	A5	358	358	3	16	413	95	96		34.3
232	7	La5	A5	358	358	1	16	138	95	96		34.4
233	9	Sol5	G5	349	349	1	8	275	95	96		34.6
234	9	Sol5	G5	349	349	1	8	275	95	96		34.8
235	9	Sol5	G5	349	349	3	16	413	95	96		35.1
236	7	Sol5	G5	349	349	1	16	138	95	96		35.2
237	9	Sol5	G5	349	349	1	8	275	95	96		35.4
238	9	Sol5	G5	349	349	1	8	275	95	96		35.6
239	9	La5	A5	358	358	1	16	138	95	96		35.7
240	9	Fa5#3	F5#4	343	344	1	16	138	95	96		35.8
241	9	La5	A5	358	358	3	16	413	95	96		36.1
242	7	La5	A5	358	358	1	16	138	95	96		36.2
243	9	Sol5	G5	349	349	1	8	275	95	96		36.4
244	9	Sol5	G5	349	349	1	8	275	95	96		36.6
245	9	Sol5	G5	349	349	3	16	413	95	96		36.9
246	7	Sol5	G5	349	349	1	16	138	95	96		37
247	9	Sol5	G5	349	349	1	8	275	95	96		37.2
248	9	Sol5	G5	349	349	1	8	275	95	96		37.4
249	9	La5	A5	358	358	1	16	138	95	96		37.5
250	9	Fa5#3	F5#4	343	344	1	16	138	95	96		37.6
251	9	Fa5#3	F5#4	343	344	1	16	138	95	96		37.7
252	7	Re5	D5	327	327	1	8	275	95	96		37.9
253	9	Fa5#3	F5#4	343	344	1	16	138	95	96		38
254	9	Fa5#3	F5#4	343	344	1	16	138	95	96		38.1
255	7	Re5	D5	327	327	1	8	275	95	96		38.3
256	9	Fa5#3	F5#4	343	344	1	16	138	95	96		38.4
257	9	Fa5#3	F5#4	343	344	1	16	138	95	96		38.5
258	7	Re5	D5	327	327	1	8	275	95	96		38.7
259	9	Fa5#3	F5#4	343	344	1	16	138	95	96		38.8
260	9	Fa5#3	F5#4	343	344	1	16	138	95	96		38.9
261	9	Re5	D5	327	327	1	16	138	95	96		39
262	9	Re5	D5	327	327	1	8	275	95	96		39.2
263	9	Re5	D5	327	327	1	16	138	95	96		39.3
264	9	Fa5#3	F5#4	343	344	1	16	138	95	96		39.4
265	9	Fa5#3	F5#4	343	344	1	16	138	95	96		39.5
266	7	Re5	D5	327	327	1	8	275	95	96		39.7
267	9	Fa5#3	F5#4	343	344	1	16	138	95	96		39.8
268	9	Fa5#3	F5#4	343	344	1	16	138	95	96		39.9
269	7	Re5	D5	327	327	1	8	275	95	96		40.1
270	9	Fa5#3	F5#4	343	344	1	16	138	95	96		40.2
271	9	Fa5#3	F5#4	343	344	1	16	138	95	96		40.3
272	7	Re5	D5	327	327	1	8	275	95	96		40.5
273	9	Fa5#3	F5#4	343	344	1	16	138	95	96		40.6
274	9	Fa5#3	F5#4	343	344	1	16	138	95	96		40.7
275	9	Re5	D5	327	327	1	16	138	95	96		40.8
276	9	Re5	D5	327	327	1	8	275	95	96		41
277	9	Re5	D5	327	327	1	16	138	95	96		41.1
278	9	Fa5#3	F5#4	343	344	1	16	138	95	96		41.2
279	9	Fa5#3	F5#4	343	344	1	16	138	95	96		41.3
280	7	Re5	D5	327	327	1	8	275	95	96		41.5
281	9	Fa5#3	F5#4	343	344	1	16	138	95	96		41.6
282	9	Fa5#3	F5#4	343	344	1	16	138	95	96		41.7
283	9	Do5#4	C5#4	322	322	1	16	138	95	96		41.8
284	9	Do5#4	C5#4	322	322	1	16	138	95	96		41.9
285	9	Sol4	G4	296	296	1	16	138	95	96		42
286	9	Sol4	G4	296	296	1	16	138	95	96		42.1
287	7	Do5#4	C5#4	322	322	1	8	275	95	96		42.3
288	9	Sol4	G4	296	296	1	16	138	95	96		42.4
289	9	Sol4	G4	296	296	1	16	138	95	96		42.5
290	9	Do5#4	C5#4	322	322	1	16	138	95	96		42.6
291	7	Do5#4	C5#4	322	322	1	8	275	95	96		42.8
292	9	Do5#4	C5#4	322	322	1	16	138	95	96		42.9
293	9	Sol4	G4	296	296	1	16	138	95	96		43
294	9	Sol4	G4	296	296	1	16	138	95	96		43.1
295	7	Do5#4	C5#4	322	322	1	8	275	95	96		43.3
296	9	Sol4	G4	296	296	1	16	138	95	96		43.4
297	9	Sol4	G4	296	296	1	16	138	95	96		43.5
298	7	Do5#4	C5#4	322	322	1	8	275	95	96		43.7
299	9	Sol4	G4	296	296	1	16	138	95	96		43.8
300	9	Sol4	G4	296	296	1	16	138	95	96		43.9
301	7	Do5#4	C5#4	322	322	1	8	275	95	96		44.1
302	9	Sol4	G4	296	296	1	16	138	95	96		44.2
303	9	Sol4	G4	296	296	1	16	138	95	96		44.3
304	9	Do5#4	C5#4	322	322	1	16	138	95	96		44.4
305	7	Do5#4	C5#4	322	322	1	8	275	95	96		44.6
306	9	Do5#4	C5#4	322	322	1	16	138	95	96		44.7
307	9	Sol4	G4	296	296	1	16	138	95	96		44.8
308	9	Sol4	G4	296	296	1	16	138	95	96		44.9
309	9	Do5#4	C5#4	322	322	1	16	138	95	96		45
310	9	Mi5	E5	336	336	1	32	69	95	96		45.05
311	9	Re5	D5	327	327	1	32	69	95	96		45.1
312	9	Sol4	G4	296	296	1	16	138	95	96		45.2
313	9	Sol4	G4	296	296	1	16	138	95	96		45.3
314	7	Do5#4	C5#4	322	322	1	8	275	95	96		45.5
315	9	Sol4	G4	296	296	1	16	138	95	96		45.6
316	9	Sol4	G4	296	296	1	16	138	95	96		45.7
317	9	Do5#4	C5#4	322	322	1	16	138	95	96		45.8
318	9	Mi5	E5	336	336	1	32	69	95	96		45.85
319	9	Re5	D5	327	327	1	32	69	95	96		45.9
320	9	Sol4	G4	296	296	1	16	138	95	96		46
321	9	Sol4	G4	296	296	1	16	138	95	96		46.1
322	9	Do5#4	C5#4	322	322	1	16	138	95	96		46.2
323	7	Do5#4	C5#4	322	322	1	8	275	95	96		46.4
324	9	Do5#4	C5#4	322	322	1	16	138	95	96		46.5
325	9	Sol4	G4	296	296	1	16	138	95	96		46.6
326	9	Sol4	G4	296	296	1	16	138	95	96		46.7
327	9	Do5#4	C5#4	322	322	1	16	138	95	96		46.8
328	9	Mi5	E5	336	336	1	32	69	95	96		46.85
329	9	Re5	D5	327	327	1	32	69	95	96		46.9
330	9	Sol4	G4	296	296	1	16	138	95	96		47
331	9	Sol4	G4	296	296	1	16	138	95	96		47.1
332	7	Do5#4	C5#4	322	322	1	8	275	95	96		47.3
333	9	Sol4	G4	296	296	1	16	138	95	96		47.4
334	9	Sol4	G4	296	296	1	16	138	95	96		47.5
335	9	Do5#4	C5#4	322	322	1	16	138	95	96		47.6
336	9	Mi5	E5	336	336	1	32	69	95	96		47.65
337	9	Re5	D5	327	327	1	32	69	95	96		47.7
338	9	Sol4	G4	296	296	1	16	138	95	96		47.8
339	9	Sol4	G4	296	296	1	16	138	95	96		47.9
340	9	Do5#4	C5#4	322	322	1	16	138	95	96		48
341	7	Do5#4	C5#4	322	322	1	8	275	95	96		48.2
342	9	Do5#4	C5#4	322	322	1	16	138	95	96		48.3
343	9	Sol4	G4	296	296	1	16	138	95	96		48.4
344	9	Sol4	G4	296	296	1	16	138	95	96		48.5
345	7	Fa5#3	F5#4	343	344	1	8	275	95	96		48.7
346	9	Sol4	G4	296	296	1	16	138	95	96		48.8
347	9	Sol4	G4	296	296	1	16	138	95	96		48.9
348	7	Mi5	E5	336	336	1	8	275	95	96		49.1
349	9	Sol4	G4	296	296	1	16	138	95	96		49.2
350	9	Sol4	G4	296	296	1	16	138	95	96		49.3
351	7	Re5	D5	327	327	1	8	275	95	96		49.5
352	9	Sol4	G4	296	296	1	16	138	95	96		49.6
353	9	Sol4	G4	296	296	1	16	138	95	96		49.7
354	9	Do5#4	C5#4	322	322	1	16	138	95	96		49.8
355	7	Do5#4	C5#4	322	322	1	8	275	95	96		50
356	9	Do5#4	C5#4	322	322	1	16	138	95	96		50.1
357	9	Sol4	G4	296	296	1	16	138	95	96		50.2
358	9	Sol4	G4	296	296	1	16	138	95	96		50.3
359	7	Si4b4	B4b4	310	310	1	8	275	95	96		50.5
360	9	Sol4	G4	296	296	1	16	138	95	96		50.6
361	9	Sol4	G4	296	296	1	16	138	95	96		50.7
362	7	La4	A4	305	305	1	8	275	95	96		50.9
363	9	Sol4	G4	296	296	1	16	138	95	96		51
364	9	Sol4	G4	296	296	1	16	138	95	96		51.1
365	7	La4	A4	305	305	1	8	275	95	96		51.3
366	9	Sol4	G4	296	296	1	16	138	95	96		51.4
367	9	Sol4	G4	296	296	1	16	138	95	96		51.5
368	9	La4	A4	305	305	1	16	138	95	96		51.6
369	7	La4	A4	305	305	1	8	275	95	96		51.8
370	9	La4	A4	305	305	1	16	138	95	96		51.9
371	9	Sol4	G4	296	296	1	16	138	95	96		52
372	9	Sol4	G4	296	296	1	16	138	95	96		52.1
373	9	La4	A4	305	305	1	16	138	95	96		52.2
374	9	Do5	C5	318	318	1	32	69	95	96		52.25
375	9	Si4b4	B4b4	310	310	1	32	69	95	96		52.3
376	9	Sol4	G4	296	296	1	16	138	95	96		52.4
377	9	Sol4	G4	296	296	1	16	138	95	96		52.5
378	7	La4	A4	305	305	1	8	275	95	96		52.7
379	9	Sol4	G4	296	296	1	16	138	95	96		52.8
380	9	Sol4	G4	296	296	1	16	138	95	96		52.9
381	9	La4	A4	305	305	1	16	138	95	96		53
382	9	Do5	C5	318	318	1	32	69	95	96		53.05
383	9	Si4b4	B4b4	310	310	1	32	69	95	96		53.1
384	9	Sol4	G4	296	296	1	16	138	95	96		53.2
385	9	Sol4	G4	296	296	1	16	138	95	96		53.3
386	9	La4	A4	305	305	1	16	138	95	96		53.4
387	7	La4	A4	305	305	1	8	275	95	96		53.6
388	9	La4	A4	305	305	1	16	138	95	96		53.7
389	9	Sol4	G4	296	296	1	16	138	95	96		53.8
390	9	Sol4	G4	296	296	1	16	138	95	96		53.9
391	9	La4	A4	305	305	1	16	138	95	96		54
392	9	Do5	C5	318	318	1	32	69	95	96		54.05
393	9	Si4b4	B4b4	310	310	1	32	69	95	96		54.1
394	9	Sol4	G4	296	296	1	16	138	95	96		54.2
395	9	Sol4	G4	296	296	1	16	138	95	96		54.3
396	7	La4	A4	305	305	1	8	275	95	96		54.5
397	9	Sol4	G4	296	296	1	16	138	95	96		54.6
398	9	Sol4	G4	296	296	1	16	138	95	96		54.7
399	9	La4	A4	305	305	1	16	138	95	96		54.8
400	9	Do5	C5	318	318	1	32	69	95	96		54.85
401	9	Si4b4	B4b4	310	310	1	32	69	95	96		54.9
402	9	Sol4	G4	296	296	1	16	138	95	96		55
403	9	Sol4	G4	296	296	1	16	138	95	96		55.1
404	9	La4	A4	305	305	1	16	138	95	96		55.2
405	7	La4	A4	305	305	1	8	275	95	96		55.4
406	9	La4	A4	305	305	1	16	138	95	96		55.5
407	9	Sol4	G4	296	296	1	16	138	95	96		55.6
408	7	Sol4	G4	296	296	4	16	550	95	96		56
409	9	Sol4	G4	296	296	1	16	138	95	96		56.1
410	9	Fa4#3	F4#4	290	291	1	16	138	95	96		56.2
411	9	Sol4	G4	296	296	1	16	138	95	96		56.3
412	9	Fa4#3	F4#4	290	291	1	16	138	95	96		56.4
413	9	Si4	B4	314	314	3	16	413	95	96		56.7
414	7	Si4	B4	314	314	1	16	138	95	96		56.8
415	9	Si4	B4	314	314	1	8	275	95	96		57
416	9	Si4	B4	314	314	1	4	550	95	96		57.4
417	9	Si4	B4	314	314	3	16	413	95	96		57.7
418	7	Si4	B4	314	314	1	16	138	95	96		57.8
419	9	Si4	B4	314	314	1	8	275	95	96		58
420	9	Si4	B4	314	314	1	8	275	95	96		58.2
421	9	Si4	B4	314	314	3	16	413	95	96		58.5
422	7	Si4	B4	314	314	1	16	138	95	96		58.6
423	9	Si4	B4	314	314	1	8	275	95	96		58.8
424	9	Si4	B4	314	314	1	8	275	95	96		59
425	9	Si4	B4	314	314	1	16	138	95	96		59.1
426	9	Si4	B4	314	314	1	16	138	95	96		59.2
427	9	Si4	B4	314	314	3	16	413	95	96		59.5
428	7	Si4	B4	314	314	1	16	138	95	96		59.6
429	9	Si4	B4	314	314	1	8	275	95	96		59.8
430	9	Si4	B4	314	314	1	8	275	95	96		60
431	9	Si4	B4	314	314	3	16	413	95	96		60.3
432	7	Si4	B4	314	314	1	16	138	95	96		60.4
433	9	Si4	B4	314	314	1	8	275	95	96		60.6
434	9	Si4	B4	314	314	1	8	275	95	96		60.8
435	9	Si4	B4	314	314	1	16	138	95	96		60.9
436	9	Si4	B4	314	314	1	16	138	95	96		61
437	9	Si4	B4	314	314	3	16	413	95	96		61.3
438	7	Si4	B4	314	314	1	16	138	95	96		61.4
439	9	Si4	B4	314	314	1	8	275	95	96		61.6
440	9	Si4	B4	314	314	1	8	275	95	96		61.8
441	9	Si4	B4	314	314	3	16	413	95	96		62.1
442	7	Si4	B4	314	314	1	16	138	95	96		62.2
443	9	Si4	B4	314	314	1	8	275	95	96		62.4
444	9	Si4	B4	314	314	1	4	550	95	96		62.8
445	9	Si4	B4	314	314	3	16	413	95	96		63.1
446	7	Si4	B4	314	314	1	16	138	95	96		63.2
447	9	Si4	B4	314	314	1	8	275	95	96		63.4
448	9	Si4	B4	314	314	1	8	275	95	96		63.6
449	9	Si4	B4	314	314	3	16	413	95	96		63.9
450	7	Si4	B4	314	314	1	16	138	95	96		64
451	9	Si4	B4	314	314	1	8	275	95	96		64.2
452	9	Si4	B4	314	314	1	4	550	95	96		64.6
453	9	Si4	B4	314	314	1	16	138	95	96		64.7
454	9	Sol4	G4	296	296	1	16	138	95	96		64.8
455	9	Fa4#3	F4#4	290	291	1	16	138	95	96		64.9
456	9	Si4	B4	314	314	1	16	138	95	96		65
457	9	Si4	B4	314	314	1	16	138	95	96		65.1
458	9	Sol4	G4	296	296	1	16	138	95	96		65.2
459	9	Fa4#3	F4#4	290	291	1	16	138	95	96		65.3
460	9	Si4	B4	314	314	1	16	138	95	96		65.4
461	9	Si4	B4	314	314	1	16	138	95	96		65.5
462	9	Sol4	G4	296	296	1	16	138	95	96		65.6
463	9	Fa4#3	F4#4	290	291	1	16	138	95	96		65.7
464	9	Si4	B4	314	314	1	16	138	95	96		65.8
465	9	Si4	B4	314	314	1	16	138	95	96		65.9
466	9	Sol4	G4	296	296	1	16	138	95	96		66
467	9	Fa4#3	F4#4	290	291	1	8	275	95	96		66.2
468	9	Fa4#3	F4#4	290	291	1	16	138	95	96		66.3
469	9	Si4	B4	314	314	1	16	138	95	96		66.4
470	9	Si4	B4	314	314	1	16	138	95	96		66.5
471	9	Sol4	G4	296	296	1	16	138	95	96		66.6
472	9	Fa4#3	F4#4	290	291	1	16	138	95	96		66.7
473	9	Si4	B4	314	314	1	16	138	95	96		66.8
474	9	Si4	B4	314	314	1	16	138	95	96		66.9
475	9	Sol4	G4	296	296	1	16	138	95	96		67
476	9	Fa4#3	F4#4	290	291	1	16	138	95	96		67.1
477	9	Si4	B4	314	314	1	16	138	95	96		67.2
478	9	Si4	B4	314	314	1	16	138	95	96		67.3
479	9	Sol4	G4	296	296	1	16	138	95	96		67.4
480	9	Fa4#3	F4#4	290	291	1	16	138	95	96		67.5
481	9	Si4	B4	314	314	1	16	138	95	96		67.6
482	9	Si4	B4	314	314	1	16	138	95	96		67.7
483	9	Sol4	G4	296	296	1	16	138	95	96		67.8
484	9	Fa4#3	F4#4	290	291	1	8	275	95	96		68
485	9	Fa4#3	F4#4	290	291	1	16	138	95	96		68.1
486	9	Si4	B4	314	314	1	16	138	95	96		68.2
487	9	Si4	B4	314	314	1	16	138	95	96		68.3
488	9	Sol4	G4	296	296	1	16	138	95	96		68.4
489	9	Fa4#3	F4#4	290	291	1	16	138	95	96		68.5
490	9	Si4	B4	314	314	1	16	138	95	96		68.6
491	9	Si4	B4	314	314	1	16	138	95	96		68.7
492	9	Sol4	G4	296	296	1	16	138	95	96		68.8
493	9	Fa4#3	F4#4	290	291	1	16	138	95	96		68.9
494	9	Si4	B4	314	314	1	16	138	95	96		69
495	9	Si4	B4	314	314	1	16	138	95	96		69.1
496	9	Sol4	G4	296	296	1	16	138	95	96		69.2
497	9	Re5	D5	327	327	1	16	138	95	96		69.3
498	9	Re4	D4	274	274	1	16	138	95	96		69.4
499	9	Re4	D4	274	274	1	16	138	95	96		69.5
500	9	Re5	D5	327	327	1	16	138	95	96		69.6
501	9	Re5	D5	327	327	1	8	275	95	96		69.8
502	9	Re5	D5	327	327	1	16	138	95	96		69.9
503	9	Re4	D4	274	274	1	16	138	95	96		70
504	9	Sol4	G4	296	296	1	16	138	95	96		70.1
505	7	Re5	D5	327	327	1	8	275	95	96		70.3
506	9	Sol4	G4	296	296	1	16	138	95	96		70.4
507	9	Sol4	G4	296	296	1	16	138	95	96		70.5
508	9	Re5	D5	327	327	1	16	138	95	96		70.6
509	9	Re5	D5	327	327	1	8	275	95	96		70.8
510	9	Re5	D5	327	327	1	16	138	95	96		70.9
511	9	Sol4	G4	296	296	1	16	138	95	96		71
512	9	Sol4	G4	296	296	1	16	138	95	96		71.1
513	7	Re5	D5	327	327	1	8	275	95	96		71.3
514	9	Sol4	G4	296	296	1	16	138	95	96		71.4
515	9	Sol4	G4	296	296	1	16	138	95	96		71.5
516	9	Re5	D5	327	327	1	16	138	95	96		71.6
517	9	Re5	D5	327	327	1	8	275	95	96		71.8
518	9	Re5	D5	327	327	1	16	138	95	96		71.9
519	9	Sol4	G4	296	296	1	16	138	95	96		72
520	9	Re5	D5	327	327	3	16	413	95	96		72.3
521	9	Re5	D5	327	327	1	16	138	95	96		72.4
522	9			-1	-1	1	16	138	100	0		72.5
523	9	Re5	D5	327	327	1	16	138	95	96		72.6
524	9	Re5	D5	327	327	3	16	413	95	96		72.9
525	9	Re5	D5	327	327	1	16	138	95	96		73
526	9	Re5	D5	327	327	3	16	413	95	96		73.3
527	9	Re5	D5	327	327	1	16	138	95	96		73.4
528	9			-1	-1	1	16	138	100	0		73.5
529	9	Re5	D5	327	327	1	16	138	95	96		73.6
530	9	Re5	D5	327	327	3	16	413	95	96		73.9
531	9	Re5	D5	327	327	1	16	138	95	96		74
532	9	Re5	D5	327	327	3	16	413	95	96		74.3
533	9	Mi5	E5	336	336	1	16	138	95	96		74.4
534	9	Do5#4	C5#4	322	322	1	16	138	95	96		74.5
535	9	Re5	D5	327	327	1	16	138	95	96		74.6
536	9	Mi5	E5	336	336	3	16	413	95	96		74.9
537	9	Fa5	F5	340	340	1	16	138	95	96		75
538	9	Re5	D5	327	327	3	16	413	95	96		75.3
539	9	Mi5	E5	336	336	1	16	138	95	96		75.4
540	9	Re5	D5	327	327	1	16	138	95	96		75.5
541	9	Mi5	E5	336	336	1	16	138	95	96		75.6
542	9	Re5	D5	327	327	3	16	413	95	96		75.9
543	9	Mi5	E5	336	336	1	16	138	95	96		76
544	9	Re5	D5	327	327	3	16	413	95	96		76.3
545	9	Mi5	E5	336	336	1	16	138	95	96		76.4
546	9	Do5#4	C5#4	322	322	1	16	138	95	96		76.5
547	9	Re5	D5	327	327	1	16	138	95	96		76.6
548	9	Mi5	E5	336	336	3	16	413	95	96		76.9
549	9	Fa5	F5	340	340	1	16	138	95	96		77
550	9	Re5	D5	327	327	3	16	413	95	96		77.3
551	9	Mi5	E5	336	336	1	16	138	95	96		77.4
552	9	Re5	D5	327	327	1	16	138	95	96		77.5
553	9	Mi5	E5	336	336	1	16	138	95	96		77.6
554	9	Re5	D5	327	327	3	16	413	95	96		77.9
555	9	Mi5	E5	336	336	1	16	138	95	96		78
556	9	Do5#4	C5#4	322	322	1	4	550	95	96		78.4
557	9	Si4b4	B4b4	310	310	1	8	275	95	96		78.6
558	9	Do5#4	C5#4	322	322	1	4	550	95	96		79
559	9	Si4b4	B4b4	310	310	3	16	413	95	96		79.3
560	9	La4	A4	305	305	1	16	138	95	96		79.4
561	9	La4	A4	305	305	1	16	138	95	96		79.5
562	9	Mi5	E5	336	336	1	16	138	95	96		79.6
563	9	Re5	D5	327	327	3	16	413	95	96		79.9
564	9	Mi5	E5	336	336	1	16	138	95	96		80
565	9	Do5#4	C5#4	322	322	1	4	550	95	96		80.4
566	9	Si4b4	B4b4	310	310	1	8	275	95	96		80.6
567	9	Do5#4	C5#4	322	322	1	4	550	95	96		81
568	9	Si4b4	B4b4	310	310	3	16	413	95	96		81.3
569	9	La4	A4	305	305	1	16	138	95	96		81.4
570	9	La4	A4	305	305	1	16	138	95	96		81.5
571	9	Mi5	E5	336	336	1	16	138	95	96		81.6
572	9	Re5	D5	327	327	3	16	413	95	96		81.9
573	9	Mi5	E5	336	336	1	16	138	95	96		82
574	9	Do5#4	C5#4	322	322	1	4	550	95	96		82.4
575	9	Si4b4	B4b4	310	310	1	8	275	95	96		82.6
576	9	Do5#4	C5#4	322	322	1	4	550	95	96		83
577	9	Si4b4	B4b4	310	310	1	16	138	95	96		83.1
578	9	Do5#4	C5#4	322	322	1	16	138	95	96		83.2
579	9	Si4b4	B4b4	310	310	1	16	138	95	96		83.3
580	9	Do5#4	C5#4	322	322	1	16	138	95	96		83.4
581	9	Si4b4	B4b4	310	310	1	8	275	95	96		83.6
582	9	Do5#4	C5#4	322	322	1	4	550	95	96		84
583	9	Si4b4	B4b4	310	310	1	16	138	95	96		84.1
584	9	Do5#4	C5#4	322	322	1	16	138	95	96		84.2
585	9	Si4b4	B4b4	310	310	1	16	138	95	96		84.3
586	9	Do5#4	C5#4	322	322	1	16	138	95	96		84.4
587	9	Si4b4	B4b4	310	310	1	8	275	95	96		84.6
588	9	Do5#4	C5#4	322	322	1	4	550	95	96		85
589	9	Si4b4	B4b4	310	310	1	16	138	95	96		85.1
590	9	Do5#4	C5#4	322	322	1	16	138	95	96		85.2
591	9	Si4b4	B4b4	310	310	1	16	138	95	96		85.3
592	9	Do5#4	C5#4	322	322	1	16	138	95	96		85.4
593	9	Si4b4	B4b4	310	310	1	8	275	95	96		85.6
594	9	Do5#4	C5#4	322	322	1	8	275	95	96		85.8
595	9	Fa5	F5	340	340	1	8	275	95	96		86
596	9	Si4b4	B4b4	310	310	1	8	275	95	96		86.2
597	9	La4	A4	305	305	1	16	138	95	96		86.3
598	9	Fa4#3	F4#4	290	291	1	16	138	95	96		86.4
599	9	Sol4	G4	296	296	1	8	275	95	96		86.6
600	9	Si4b4	B4b4	310	310	1	8	275	95	96		86.8
601	9	La4	A4	305	305	1	16	138	95	96		86.9
602	9	Fa4#3	F4#4	290	291	1	16	138	95	96		87
603	9	Sol4	G4	296	296	1	8	275	95	96		87.2
604	9	La4	A4	305	305	1	16	138	95	96		87.3
605	9	Fa4#3	F4#4	290	291	1	16	138	95	96		87.4
606	9	Sol4	G4	296	296	1	8	275	95	96		87.6
607	9	La4	A4	305	305	1	16	138	95	96		87.7
608	9	Re5	D5	327	327	1	16	138	95	96		87.8
609	9	La4	A4	305	305	1	16	138	95	96		87.9
610	9	Fa4#3	F4#4	290	291	1	16	138	95	96		88
611	9	Sol4	G4	296	296	1	16	138	95	96		88.1
612	9	Sol4	G4	296	296	1	16	138	95	96		88.2
613	9	Sol4	G4	296	296	1	16	138	95	96		88.3
614	9	Sol4	G4	296	296	1	16	138	95	96		88.4
615	9	Sol4	G4	296	296	1	8	275	95	96		88.6
616	9	Si4b4	B4b4	310	310	1	8	275	95	96		88.8
617	9	La4	A4	305	305	1	16	138	95	96		88.9
618	9	Fa4#3	F4#4	290	291	1	16	138	95	96		89
619	9	Sol4	G4	296	296	1	8	275	95	96		89.2
620	9	La4	A4	305	305	1	16	138	95	96		89.3
621	9	Fa4#3	F4#4	290	291	1	16	138	95	96		89.4
622	9	Sol4	G4	296	296	1	8	275	95	96		89.6
623	9	La4	A4	305	305	1	16	138	95	96		89.7
624	9	Re5	D5	327	327	1	16	138	95	96		89.8
625	9	La4	A4	305	305	1	16	138	95	96		89.9
626	9	Fa4#3	F4#4	290	291	1	16	138	95	96		90
627	9	Sol4	G4	296	296	1	16	138	95	96		90.1
628	9	Sol4	G4	296	296	1	16	138	95	96		90.2
629	9	Sol4	G4	296	296	1	16	138	95	96		90.3
630	9	Sol4	G4	296	296	1	16	138	95	96		90.4
631	9	Re5	D5	327	327	1	16	138	95	96		90.5
632	9	La4	A4	305	305	1	16	138	95	96		90.6
633	9	Re5	D5	327	327	1	16	138	95	96		90.7
634	9	La4	A4	305	305	1	16	138	95	96		90.8
635	9	La4	A4	305	305	1	16	138	95	96		90.9
636	9	Fa4#3	F4#4	290	291	1	16	138	95	96		91
637	9	Sol4	G4	296	296	1	8	275	95	96		91.2
638	9	La4	A4	305	305	1	16	138	95	96		91.3
639	9	Fa4#3	F4#4	290	291	1	16	138	95	96		91.4
640	9	Sol4	G4	296	296	1	8	275	95	96		91.6
641	9	La4	A4	305	305	1	16	138	95	96		91.7
642	9	Re5	D5	327	327	1	16	138	95	96		91.8
643	9	La4	A4	305	305	1	16	138	95	96		91.9
644	9	Fa4#3	F4#4	290	291	1	16	138	95	96		92
645	9	Sol4	G4	296	296	1	16	138	95	96		92.1
646	9	Sol4	G4	296	296	1	16	138	95	96		92.2
647	9	Sol4	G4	296	296	1	16	138	95	96		92.3
648	9	Sol4	G4	296	296	1	16	138	95	96		92.4
649	9	Re5	D5	327	327	1	16	138	95	96		92.5
650	9	La4	A4	305	305	1	16	138	95	96		92.6
651	9	Re5	D5	327	327	1	16	138	95	96		92.7
652	9	La4	A4	305	305	1	16	138	95	96		92.8
653	9	La4	A4	305	305	1	16	138	95	96		92.9
654	9	Fa4#3	F4#4	290	291	1	16	138	95	96		93
655	9	Sol4	G4	296	296	1	8	275	95	96		93.2
656	9	La4	A4	305	305	1	16	138	95	96		93.3
657	9	Fa4#3	F4#4	290	291	1	16	138	95	96		93.4
658	9	Sol4	G4	296	296	1	8	275	95	96		93.6
659	9	La4	A4	305	305	1	16	138	95	96		93.7
660	9	Re5	D5	327	327	1	16	138	95	96		93.8
661	9	La4	A4	305	305	1	16	138	95	96		93.9
662	9	Fa4#3	F4#4	290	291	1	16	138	95	96		94
663	7	Sol4	G4	296	296	4	16	550	95	96		94.4
664	7	Sol4	G4	296	296	6	16	826	95	96		95
665	7	Sol4	G4	296	296	4	16	550	95	96		95.4
666	7	Sol4	G4	296	296	6	16	826	95	96		96
667	7	Sol4	G4	296	296	4	16	550	95	96		96.4
668	7	Sol4	G4	296	296	6	16	826	95	96		97
669	7	Sol4	G4	296	296	4	16	550	95	96		97.4
670	7	Sol4	G4	296	296	6	16	826	95	96		98
671	9	Sol4	G4	296	296	1	16	138	95	96		98.1
672	9	Re4	D4	274	274	1	16	138	95	96		98.2
673	9	Sol4	G4	296	296	1	16	138	95	96		98.3
674	9	Sol4	G4	296	296	1	16	138	95	96		98.4
675	9	Sol4	G4	296	296	1	8	275	95	96	On 	98.6
676	9	Si4b4	B4b4	310	310	3	16	413	99	96	dört 	98.9
677	9	La4	A4	305	305	1	16	138	95	96		99
678	9	Sol4	G4	296	296	1	8	275	95	96	bin 	99.2
679	24	Sol4	G4	296	296	1	8	275	95	96	yýl 	99.4
680	24	Sol4	G4	296	296	1	8	275	95	96	gez	99.6
681	9	La4	A4	305	305	1	8	275	95	96	dim 	99.8
682	9	La4	A4	305	305	1	16	138	50	96	SAZ	99.9
683	9	Fa4#3	F4#4	290	291	1	16	138	50	96	.	100
684	9	Sol4	G4	296	296	1	8	275	95	96	.	100.2
685	9	Sol4	G4	296	296	1	16	138	95	96	.	100.3
686	9	Sol4	G4	296	296	1	16	138	95	96	.	100.4
687	9	La4	A4	305	305	1	8	275	95	96	per	100.6
688	10	Si4b4	B4b4	310	310	1	8	275	95	96	vâ	100.8
689	8	Do5#4	C5#4	322	322	0	0	0	95	96		100.8
690	11	La4	A4	305	305	1	8	275	95	96	ne	101
691	9	Sol4	G4	296	296	1	8	275	95	96	lik	101.2
692	9	Sol4	G4	296	296	1	8	275	95	96	te  	101.4
693	9	Sol4	G4	296	296	1	8	275	95	96	SAZ	101.6
694	9	La4	A4	305	305	1	8	275	95	96	.	101.8
695	9	La4	A4	305	305	1	16	138	95	96	.	101.9
696	9	Fa4#3	F4#4	290	291	1	16	138	95	96	.	102
697	9	Sol4	G4	296	296	1	16	138	95	96		102.1
698	9	Re4	D4	274	274	1	16	138	95	96		102.2
699	9	Sol4	G4	296	296	1	16	138	95	96		102.3
700	9	Sol4	G4	296	296	1	16	138	95	96		102.4
701	9	Sol4	G4	296	296	1	8	275	95	96	Sýd	102.6
702	9	Si4b4	B4b4	310	310	3	16	413	99	96	ký 	102.9
703	9	La4	A4	305	305	1	16	138	95	96		103
704	9	Sol4	G4	296	296	1	8	275	95	96	is	103.2
705	24	Sol4	G4	296	296	1	8	275	95	96	min 	103.4
706	24	Sol4	G4	296	296	1	8	275	95	96	duy	103.6
707	9	La4	A4	305	305	1	8	275	95	96	dum 	103.8
708	9	La4	A4	305	305	1	16	138	50	96	SAZ	103.9
709	9	Fa4#3	F4#4	290	291	1	16	138	50	96	.	104
710	9	Sol4	G4	296	296	1	8	275	95	96	.	104.2
711	9	Sol4	G4	296	296	1	16	138	95	96	.	104.3
712	9	Sol4	G4	296	296	1	16	138	95	96	.	104.4
713	9	La4	A4	305	305	1	8	275	95	96	dî	104.6
714	10	Si4b4	B4b4	310	310	1	8	275	95	96	vâ	104.8
715	8	Do5#4	C5#4	322	322	0	0	0	95	96		104.8
716	11	La4	A4	305	305	1	8	275	95	96	ne	105
717	9	Sol4	G4	296	296	1	8	275	95	96	lik	105.2
718	9	Sol4	G4	296	296	1	8	275	95	96	te  	105.4
719	9	Sol4	G4	296	296	1	8	275	95	96	SAZ	105.6
720	9	La4	A4	305	305	1	8	275	95	96	.	105.8
721	9	La4	A4	305	305	1	16	138	95	96	.	105.9
722	9	Fa4#3	F4#4	290	291	1	16	138	95	96	.	106
723	9	Sol4	G4	296	296	1	16	138	95	96		106.1
724	9	Re4	D4	274	274	1	16	138	95	96		106.2
725	9	Sol4	G4	296	296	1	16	138	95	96		106.3
726	9	Sol4	G4	296	296	1	16	138	95	96		106.4
727	9	Sol4	G4	296	296	1	8	275	95	96	Ýç	106.6
728	9	Si4b4	B4b4	310	310	3	16	413	99	96	tim 	106.9
729	9	La4	A4	305	305	1	16	138	95	96		107
730	9	Sol4	G4	296	296	1	8	275	95	96	þa	107.2
731	24	Sol4	G4	296	296	1	8	275	95	96	ra	107.4
732	24	Sol4	G4	296	296	1	8	275	95	96	bý	107.6
733	9	La4	A4	305	305	1	8	275	95	96	ný 	107.8
734	9	La4	A4	305	305	1	16	138	50	96	SAZ	107.9
735	9	Fa4#3	F4#4	290	291	1	16	138	50	96	.	108
736	9	Sol4	G4	296	296	1	8	275	95	96	.	108.2
737	9	Sol4	G4	296	296	1	16	138	95	96	.	108.3
738	9	Sol4	G4	296	296	1	16	138	95	96	.	108.4
739	9	La4	A4	305	305	1	8	275	95	96	mes	108.6
740	10	Si4b4	B4b4	310	310	1	8	275	95	96	tâ	108.8
741	8	Do5#4	C5#4	322	322	0	0	0	95	96		108.8
742	11	La4	A4	305	305	1	8	275	95	96	ne	109
743	9	Sol4	G4	296	296	1	8	275	95	96	lik	109.2
744	9	Sol4	G4	296	296	1	8	275	95	96	te  	109.4
745	9	Sol4	G4	296	296	1	8	275	95	96	SAZ	109.6
746	9	La4	A4	305	305	1	8	275	95	96	.	109.8
747	9	La4	A4	305	305	1	16	138	95	96	.	109.9
748	9	Fa4#3	F4#4	290	291	1	16	138	95	96	.	110
749	9	Sol4	G4	296	296	1	16	138	95	96	.	110.1
750	9	Re4	D4	274	274	1	16	138	95	96	.	110.2
751	9	Sol4	G4	296	296	1	16	138	95	96	.	110.3
752	9	Sol4	G4	296	296	1	16	138	95	96	.	110.4
753	9	Sol4	G4	296	296	1	8	275	95	96	Kýrk	110.6
754	9	Si4b4	B4b4	310	310	3	16	413	99	96	la	110.9
755	9	La4	A4	305	305	1	16	138	95	96		111
756	9	Sol4	G4	296	296	1	8	275	95	96	rýn 	111.2
757	9	Sol4	G4	296	296	1	8	275	95	96	ce	111.4
758	9	Sol4	G4	296	296	1	8	275	95	96	min	111.6
759	9	La4	A4	305	305	1	8	275	95	96	de 	111.8
760	9	La4	A4	305	305	1	16	138	95	96	SAZ	111.9
761	9	Fa4#3	F4#4	290	291	1	16	138	95	96	.	112
762	9	Sol4	G4	296	296	1	16	138	95	96	.	112.1
763	9	Sol4	G4	296	296	1	16	138	95	96	.	112.2
764	9	Sol4	G4	296	296	1	8	275	95	96	.	112.4
765	10	La4	A4	305	305	1	8	275	95	96	dâ	112.6
766	8	Do5#4	C5#4	322	322	0	0	0	95	96		112.6
767	10	Si4b4	B4b4	310	310	1	8	275	95	96	ra 	112.8
768	8	Do5#4	C5#4	322	322	0	0	0	95	96		112.8
769	9	La4	A4	305	305	1	8	275	95	96	düþ_	113
770	9	Sol4	G4	296	296	1	8	275	99	96	ol	113.2
771	9	Sol4	G4	296	296	1	8	275	95	96		113.4
772	9	Sol4	G4	296	296	1	8	275	95	96	dum  	113.6
773	9	La4	A4	305	305	1	8	275	95	96	SAZ	113.8
774	9	La4	A4	305	305	1	16	138	95	96	.	113.9
775	9	Fa4#3	F4#4	290	291	1	16	138	95	96	.	114
776	52			0	0	1	8	0	127	91		114.2
777	9	Sol4	G4	296	296	1	16	138	95	96	.	114.3
778	9	Re4	D4	274	274	1	16	138	95	96	.	114.4
779	9	Sol4	G4	296	296	1	16	138	95	96	.	114.5
780	9	Sol4	G4	296	296	1	16	138	95	96	.	114.6
781	9	Sol4	G4	296	296	1	8	275	95	96	Kýrk	114.8
782	9	Si4b4	B4b4	310	310	3	16	413	99	96	la	115.1
783	9	La4	A4	305	305	1	16	138	95	96		115.2
784	9	Sol4	G4	296	296	1	8	275	95	96	rýn 	115.4
785	9	Sol4	G4	296	296	1	8	275	95	96	ce	115.6
786	9	Sol4	G4	296	296	1	8	275	95	96	min	115.8
787	9	La4	A4	305	305	1	8	275	95	96	de 	116
788	9	La4	A4	305	305	1	16	138	95	96	SAZ	116.1
789	9	Fa4#3	F4#4	290	291	1	16	138	95	96	.	116.2
790	9	Sol4	G4	296	296	1	16	138	95	96	.	116.3
791	9	Sol4	G4	296	296	1	16	138	95	96	.	116.4
792	9	Sol4	G4	296	296	1	8	275	95	96	.	116.6
793	10	La4	A4	305	305	1	8	275	95	96	dâ	116.8
794	8	Do5#4	C5#4	322	322	0	0	0	95	96		116.8
795	10	Si4b4	B4b4	310	310	1	8	275	95	96	ra 	117
796	8	Do5#4	C5#4	322	322	0	0	0	95	96		117
797	9	La4	A4	305	305	1	8	275	95	96	düþ_	117.2
798	9	Sol4	G4	296	296	1	8	275	99	96	ol	117.4
799	9	Sol4	G4	296	296	1	8	275	95	96		117.6
800	9	Sol4	G4	296	296	1	8	275	95	96	dum  	117.8
801	9	La4	A4	305	305	1	8	275	95	96	SAZ	118
802	9	La4	A4	305	305	1	16	138	95	96	.	118.1
803	9	Fa4#3	F4#4	290	291	1	16	138	95	96	.	118.2
804	9	Sol4	G4	296	296	1	16	138	95	96	.	118.3
805	9	Re4	D4	274	274	1	16	138	95	96	.	118.4
806	9	Sol4	G4	296	296	1	16	138	95	96	.	118.5
807	9	Sol4	G4	296	296	1	16	138	95	96	.	118.6
808	9	Re5	D5	327	327	1	8	275	95	96	Kýrk	118.8
809	9	Do5#4	C5#4	322	322	1	16	138	99	96	la	118.9
810	9	Re5	D5	327	327	3	16	413	95	96		119.2
811	9	Do5#4	C5#4	322	322	1	16	138	99	96	rýn 	119.3
812	9	Re5	D5	327	327	1	16	138	95	96		119.4
813	9	Re5	D5	327	327	1	8	275	95	96	ce	119.6
814	9	Re5	D5	327	327	1	8	275	95	96	min	119.8
815	9	Re5	D5	327	327	1	4	550	95	96	de 	120.2
816	9	Do5#4	C5#4	322	322	1	8	275	95	96	Hay	120.4
817	9	Re5	D5	327	327	1	8	275	95	96	dar 	120.6
818	9	Do5#4	C5#4	322	322	1	8	275	95	96	Hay	120.8
819	12	Re5	D5	327	327	1	8	275	99	96	dar 	121
820	9	Re5	D5	327	327	1	8	275	95	96		121.2
821	9	Do5#4	C5#4	322	322	1	8	275	95	96	Hay	121.4
822	9	Do5#4	C5#4	322	322	1	8	275	95	96	dar 	121.6
823	9	Si4b4	B4b4	310	310	1	8	275	95	96	Hay	121.8
824	12	Do5#4	C5#4	322	322	1	8	275	99	96	dar 	122
825	9	Do5#4	C5#4	322	322	1	8	275	95	96		122.2
826	9	La4	A4	305	305	1	16	138	99	96	Hay	122.3
827	9	Si4b4	B4b4	310	310	1	16	138	95	96		122.4
828	9	Si4b4	B4b4	310	310	1	8	275	95	96	dar 	122.6
829	9	La4	A4	305	305	1	8	275	95	96	Hay	122.8
830	9	Si4b4	B4b4	310	310	3	16	413	99	96	dar 	123.1
831	9	La4	A4	305	305	1	16	138	95	96		123.2
832	9	Sol4	G4	296	296	1	8	275	95	96	Hay	123.4
833	9	La4	A4	305	305	1	16	138	99	96	dar 	123.5
834	9	Fa4#3	F4#4	290	291	1	16	138	95	96		123.6
835	9	Sol4	G4	296	296	1	8	275	95	96	Hay	123.8
836	9	La4	A4	305	305	1	4	550	101	96	dar 	124.2
837	9			-1	-1	1	8	275	100	0		124.4
838	9	Re5	D5	327	327	1	8	275	95	96	Hay	124.6
839	9	Sol4	G4	296	296	3	8	826	95	96	dar 	125.2
840	9	Do5	C5	318	318	1	2	1101	99	96	dost  	126
841	9	Si4b2	B4b1	312	313	1	8	275	95	96		126.2
842	9			-1	-1	1	4	550	100	0		126.6
843	10	La4	A4	305	305	1	8	275	95	96	dâ	126.8
844	8	Do5#4	C5#4	322	322	0	0	0	95	96		126.8
845	10	Si4b4	B4b4	310	310	1	8	275	95	96	ra 	127
846	8	Do5#4	C5#4	322	322	0	0	0	95	96		127
847	9	Si4b4	B4b4	310	310	1	16	138	99	96	düþ_	127.1
848	9	La4	A4	305	305	1	16	138	95	96		127.2
849	9	Sol4	G4	296	296	1	16	138	99	96	ol	127.3
850	9	Fa4#3	F4#4	290	291	1	16	138	95	96		127.4
851	9	Sol4	G4	296	296	1	16	138	99	96	dum  	127.5
852	9	Sol4	G4	296	296	1	16	138	95	96		127.6
853	9	Sol4	G4	296	296	1	4	550	95	96	SAZ	128
854	9	Sol4	G4	296	296	1	16	138	95	96	.	128.1
855	9	Sol4	G4	296	296	1	16	138	95	96	.	128.2
