Sira	Kod	Nota53	NotaAE	Koma53	KomaAE	Pay	Payda	Ms	LNS	Bas	Soz1	Offset
1	9	Re5	D5	327	327	1	8	312	95	96	ARANAÐME 	0.1
2	9	Do5	C5	318	318	1	8	312	95	96	.	0.2
3	9	Re5	D5	327	327	1	8	312	95	96	.	0.3
4	9	Mi5	E5	336	336	1	4	625	95	96	.	0.5
5	9	Do5	C5	318	318	1	8	312	95	96	.	0.6
6	9	Mi5	E5	336	336	1	8	312	95	96	.	0.7
7	9	Re5	D5	327	327	1	4	625	95	96	.	0.9
8	9			-1	-1	1	8	312	100	0	.	1
9	9	Si4b1	B4b1	313	313	1	8	312	95	96	.	1.1
10	9	La4	A4	305	305	1	8	312	95	96	.	1.2
11	9	Si4b1	B4b1	313	313	1	8	312	95	96	.	1.3
12	9	Do5	C5	318	318	1	4	625	95	96	.	1.5
13	9	La4	A4	305	305	1	8	312	95	96	.	1.6
14	9	Do5	C5	318	318	1	8	312	95	96	.	1.7
15	9	Si4b1	B4b1	313	313	1	4	625	95	96	.	1.9
16	9			-1	-1	1	8	312	100	0		2
17	9	Sol4	G4	296	296	1	4	625	95	96	.	2.2
18	9	La4	A4	305	305	1	8	312	95	96	.	2.3
19	9	Si4b1	B4b1	313	313	1	8	312	95	96	.	2.4
20	9	Do5	C5	318	318	1	8	312	95	96	.	2.5
21	9	Re5	D5	327	327	1	8	312	95	96	.	2.6
22	9	Mi5	E5	336	336	1	8	312	95	96	.	2.7
23	9	Fa5	F5	340	340	1	8	312	95	96	.	2.8
24	9	Mi5	E5	336	336	1	8	312	95	96	.	2.9
25	9	Re5	D5	327	327	1	8	312	95	96	.	3
26	9	La5	A5	358	358	1	8	312	95	96	.	3.1
27	9	Sol5	G5	349	349	1	8	312	95	96	.	3.2
28	9	Fa5	F5	340	340	1	8	312	95	96	.	3.3
29	9	Mi5	E5	336	336	1	8	312	95	96	.	3.4
30	9	Re5	D5	327	327	1	8	312	95	96	.	3.5
31	9	Mi5	E5	336	336	1	8	312	95	96	.	3.6
32	9	Do5	C5	318	318	1	8	312	95	96	.	3.7
33	9	Re5	D5	327	327	1	4	625	95	96	.	3.9
34	9			-1	-1	1	8	312	100	0		4
35	52			0	0	1	8	0	127	65		4.1
36	9	Re5	D5	327	327	1	8	312	95	96	ARANAÐME 	4.2
37	9	Do5	C5	318	318	1	8	312	95	96	.	4.3
38	9	Re5	D5	327	327	1	8	312	95	96	.	4.4
39	9	Mi5	E5	336	336	1	4	625	95	96	.	4.6
40	9	Do5	C5	318	318	1	8	312	95	96	.	4.7
41	9	Mi5	E5	336	336	1	8	312	95	96	.	4.8
42	9	Re5	D5	327	327	1	4	625	95	96	.	5
43	9			-1	-1	1	8	312	100	0	.	5.1
44	9	Si4b1	B4b1	313	313	1	8	312	95	96	.	5.2
45	9	La4	A4	305	305	1	8	312	95	96	.	5.3
46	9	Si4b1	B4b1	313	313	1	8	312	95	96	.	5.4
47	9	Do5	C5	318	318	1	4	625	95	96	.	5.6
48	9	La4	A4	305	305	1	8	312	95	96	.	5.7
49	9	Do5	C5	318	318	1	8	312	95	96	.	5.8
50	9	Si4b1	B4b1	313	313	1	4	625	95	96	.	6
51	9			-1	-1	1	8	312	100	0		6.1
52	9	Sol4	G4	296	296	1	4	625	95	96	.	6.3
53	9	Sol5	G5	349	349	1	8	312	95	96	.	6.4
54	9	Fa5	F5	340	340	1	8	312	95	96	.	6.5
55	9	Mi5	E5	336	336	1	8	312	95	96	.	6.6
56	9	Re5	D5	327	327	1	8	312	95	96	.	6.7
57	9	Do5	C5	318	318	1	8	312	95	96	.	6.8
58	9	Si4b1	B4b1	313	313	1	8	312	95	96	.	6.9
59	9	La4	A4	305	305	1	8	312	95	96	.	7
60	9	Sol4	G4	296	296	1	8	312	95	96	.	7.1
61	9	La4	A4	305	305	1	8	312	95	96	.	7.2
62	9	Si4b1	B4b1	313	313	1	8	312	95	96	.	7.3
63	9	Do5	C5	318	318	1	8	312	95	96	.	7.4
64	9	Si4b1	B4b1	313	313	1	8	312	95	96	.	7.5
65	9	La4	A4	305	305	1	8	312	95	96	.	7.6
66	9	Sol4	G4	296	296	1	8	312	95	96	.	7.7
67	9	Fa4#4	F4#4	291	291	1	8	312	95	96	.	7.8
68	9	Sol4	G4	296	296	1	4	625	95	96	.	8
69	9			-1	-1	1	8	312	100	0		8.1
70	9	Si4b1	B4b1	313	313	3	8	938	95	96	Hâ	8.4
71	9	Si4b1	B4b1	313	313	1	8	312	99	96	tý	8.5
72	9	La4	A4	305	305	1	8	312	95	96		8.6
73	9	La4	A4	305	305	1	8	312	99	96	rým	8.7
74	9	Sol4	G4	296	296	1	8	312	99	96		8.8
75	9	Fa4#4	F4#4	291	291	1	8	312	99	96		8.9
76	9	Mi4	E4	283	283	1	8	312	99	96		9
77	9	Re4	D4	274	274	1	8	312	95	96		9.1
78	9	Re5	D5	327	327	5	8	1563	99	96	dan 	9.6
79	9	Re5	D5	327	327	1	16	156	99	96		9.65
80	9	Do5	C5	318	318	1	16	156	99	96		9.7
81	9	Re5	D5	327	327	1	16	156	99	96		9.75
82	9	Mi5	E5	336	336	1	16	156	99	96		9.8
83	9	Do5	C5	318	318	1	8	312	99	96		9.9
84	9	Si4b1	B4b1	313	313	1	8	312	99	96		10
85	9	La4	A4	305	305	1	8	312	95	96		10.1
86	9	La4	A4	305	305	3	8	938	95	96	çýk	10.4
87	9	Do5	C5	318	318	1	4	625	95	96	maz 	10.6
88	9	Si4b1	B4b1	313	313	1	12	208	99	96	as	10.66667
89	9	La4	A4	305	305	1	12	208	99	96		10.73333
90	9	Si4b1	B4b1	313	313	1	12	208	99	96		10.8
91	9	Do5	C5	318	318	1	8	312	99	96		10.9
92	9	La4	A4	305	305	1	8	312	99	96		11
93	9	Sol4	G4	296	296	1	8	312	95	96		11.1
94	9	Sol4	G4	296	296	5	8	1563	95	96	la 	11.6
95	9	Re4	D4	274	274	1	4	625	95	96	SAZ	11.8
96	9	Sol4	G4	296	296	1	4	625	95	96	.	12
97	9			-1	-1	1	8	312	100	0		12.1
98	9	Do5	C5	318	318	1	4	625	99	96	ahd_	12.3
99	9	Si4b1	B4b1	313	313	1	8	312	95	96		12.4
100	9	Do5	C5	318	318	1	4	625	95	96	ü 	12.6
101	9	Re5	D5	327	327	5	8	1563	95	96	pey	13.1
102	9	Sol5	G5	349	349	5	8	1563	99	96	mâ	13.6
103	9	Fa5	F5	340	340	1	8	312	99	96		13.7
104	9	Mi5	E5	336	336	1	8	312	99	96		13.8
105	9	Re5	D5	327	327	1	8	312	99	96		13.9
106	9	Do5	C5	318	318	1	8	312	99	96		14
107	9	Si4b1	B4b1	313	313	1	8	312	95	96		14.1
108	9	Fa5#4	F5#4	344	344	1	8	312	99	96	nýn 	14.2
109	9	Mi5	E5	336	336	1	8	312	99	96		14.3
110	9	Fa5#4	F5#4	344	344	1	8	312	99	96		14.4
111	9	Re5	D5	327	327	1	4	625	99	96		14.6
112	9	Mi5	E5	336	336	1	8	312	99	96		14.7
113	9	Re5	D5	327	327	1	8	312	99	96		14.8
114	9	Mi5	E5	336	336	1	4	625	95	96		15
115	9	Do5	C5	318	318	1	8	312	95	96	se	15.1
116	9	Re5	D5	327	327	1	4	625	95	96	nin  	15.3
117	9	Mi5	E5	336	336	1	8	312	95	96	SAZ	15.4
118	9	Re5	D5	327	327	1	8	312	95	96	.	15.5
119	9	Do5	C5	318	318	1	8	312	95	96	.	15.6
120	9	Si4b1	B4b1	313	313	1	8	312	95	96	.	15.7
121	9	La4	A4	305	305	1	8	312	95	96	.	15.8
122	9	Sol4	G4	296	296	1	4	625	95	96	.	16
123	9			-1	-1	1	8	312	100	0		16.1
124	9	Si4b1	B4b1	313	313	3	8	938	95	96	Hâ	16.4
125	9	Si4b1	B4b1	313	313	1	8	312	99	96	tý	16.5
126	9	La4	A4	305	305	1	8	312	95	96		16.6
127	9	La4	A4	305	305	1	8	312	99	96	rým	16.7
128	9	Sol4	G4	296	296	1	8	312	99	96		16.8
129	9	Fa4#4	F4#4	291	291	1	8	312	99	96		16.9
130	9	Mi4	E4	283	283	1	8	312	99	96		17
131	9	Re4	D4	274	274	1	8	312	95	96		17.1
132	9	Re5	D5	327	327	5	8	1563	99	96	dan 	17.6
133	9	Re5	D5	327	327	1	16	156	99	96		17.65
134	9	Do5	C5	318	318	1	16	156	99	96		17.7
135	9	Re5	D5	327	327	1	16	156	99	96		17.75
136	9	Mi5	E5	336	336	1	16	156	99	96		17.8
137	9	Do5	C5	318	318	1	8	312	99	96		17.9
138	9	Si4b1	B4b1	313	313	1	8	312	99	96		18
139	9	La4	A4	305	305	1	8	312	95	96		18.1
140	9	La4	A4	305	305	3	8	938	95	96	çýk	18.4
141	9	Do5	C5	318	318	1	4	625	95	96	maz 	18.6
142	9	Si4b1	B4b1	313	313	1	12	208	99	96	as	18.66667
143	9	La4	A4	305	305	1	12	208	99	96		18.73333
144	9	Si4b1	B4b1	313	313	1	12	208	99	96		18.8
145	9	Do5	C5	318	318	1	8	312	99	96		18.9
146	9	La4	A4	305	305	1	8	312	99	96		19
147	9	Sol4	G4	296	296	1	8	312	95	96		19.1
148	9	Sol4	G4	296	296	5	8	1563	95	96	la 	19.6
149	9	Re4	D4	274	274	1	4	625	95	96	SAZ	19.8
150	9	Sol4	G4	296	296	1	4	625	95	96	.	20
151	9			-1	-1	1	8	312	100	0		20.1
152	9	Do5	C5	318	318	1	4	625	99	96	ahd_	20.3
153	9	Si4b1	B4b1	313	313	1	8	312	95	96		20.4
154	9	Do5	C5	318	318	1	4	625	95	96	ü 	20.6
155	9	Re5	D5	327	327	5	8	1563	95	96	pey	21.1
156	9	Sol5	G5	349	349	5	8	1563	99	96	mâ	21.6
157	9	Fa5	F5	340	340	1	8	312	99	96		21.7
158	9	Mi5	E5	336	336	1	8	312	99	96		21.8
159	9	Re5	D5	327	327	1	8	312	99	96		21.9
160	9	Do5	C5	318	318	1	8	312	99	96		22
161	9	Si4b1	B4b1	313	313	1	8	312	95	96		22.1
162	9	Fa5#4	F5#4	344	344	1	8	312	99	96	nýn 	22.2
163	9	Mi5	E5	336	336	1	8	312	99	96		22.3
164	9	Fa5#4	F5#4	344	344	1	8	312	99	96		22.4
165	9	Re5	D5	327	327	1	4	625	99	96		22.6
166	9	Mi5	E5	336	336	1	8	312	99	96		22.7
167	9	Re5	D5	327	327	1	8	312	99	96		22.8
168	9	Mi5	E5	336	336	1	4	625	95	96		23
169	9	Do5	C5	318	318	1	8	312	95	96	se	23.1
170	9	Re5	D5	327	327	1	4	625	95	96	nin  	23.3
171	9	Mi5	E5	336	336	1	8	312	95	96	SAZ	23.4
172	9	Re5	D5	327	327	1	8	312	95	96	.	23.5
173	9	Do5	C5	318	318	1	8	312	95	96	.	23.6
174	9	Si4b1	B4b1	313	313	1	8	312	95	96	.	23.7
175	9	Do5	C5	318	318	1	8	312	95	96	.	23.8
176	9	Re5	D5	327	327	1	4	625	95	96	.	24
177	9			-1	-1	1	8	312	100	0		24.1
178	9	Re5	D5	327	327	3	8	938	95	96	Bin 	24.4
179	9	Sol5	G5	349	349	1	4	625	95	96	ye	24.6
180	9	Sol5	G5	349	349	1	8	312	99	96	min 	24.7
181	9	Fa5#4	F5#4	344	344	1	8	312	99	96		24.8
182	9	Mi5b4	E5b4	332	332	1	8	312	99	96		24.9
183	9	Re5	D5	327	327	1	8	312	99	96		25
184	9	Do5	C5	318	318	1	8	312	95	96		25.1
185	9	Re5	D5	327	327	1	8	312	99	96	et	25.2
186	9	Mi5b4	E5b4	332	332	1	8	312	99	96		25.3
187	9	Fa5#4	F5#4	344	344	1	8	312	99	96		25.4
188	9	Sol5	G5	349	349	1	4	625	99	96		25.6
189	9	Fa5#4	F5#4	344	344	1	8	312	99	96		25.7
190	9	La5	A5	358	358	1	8	312	99	96		25.8
191	9	Sol5	G5	349	349	3	8	938	95	96		26.1
192	9	Re5	D5	327	327	1	4	625	99	96	tin 	26.3
193	9	Mi5	E5	336	336	1	8	312	95	96		26.4
194	9	Fa5	F5	340	340	1	4	625	95	96	a 	26.6
195	9	Mi5	E5	336	336	1	8	312	99	96	za	26.7
196	9	Re5	D5	327	327	1	8	312	99	96		26.8
197	9	Do5	C5	318	318	1	4	625	99	96		27
198	9	Re5	D5	327	327	1	8	312	95	96		27.1
199	9	Mi5	E5	336	336	5	8	1563	99	96	lim 	27.6
200	9	Mi5	E5	336	336	1	8	312	99	96		27.7
201	9	La5	A5	358	358	1	8	312	99	96		27.8
202	9	Mi5	E5	336	336	1	4	625	99	96		28
203	9	Re5	D5	327	327	1	8	312	95	96		28.1
204	9	Re5	D5	327	327	3	8	938	95	96	yok 	28.4
205	9	Mi5	E5	336	336	1	8	312	99	96	mu 	28.5
206	9	Re5	D5	327	327	1	8	312	95	96		28.6
207	9	Re5	D5	327	327	1	12	208	99	96	in	28.66667
208	9	Do5	C5	318	318	1	12	208	99	96		28.73333
209	9	Re5	D5	327	327	1	12	208	99	96		28.8
210	9	Mi5	E5	336	336	1	4	625	99	96		29
211	9	Re5	D5	327	327	1	8	312	95	96		29.1
212	9	Re5	D5	327	327	5	8	1563	99	96	sa	29.6
213	9	Re5	D5	327	327	1	8	312	99	96		29.7
214	9	Do5	C5	318	318	1	8	312	99	96		29.8
215	9	Si4b1	B4b1	313	313	1	8	312	99	96		29.9
216	9	La4	A4	305	305	1	8	312	99	96		30
217	9	Sol4	G4	296	296	1	8	312	95	96		30.1
218	9	Si4b1	B4b1	313	313	1	8	312	99	96	fýn 	30.2
219	9	La4	A4	305	305	1	8	312	99	96		30.3
220	9	Si4b1	B4b1	313	313	1	8	312	99	96		30.4
221	9	Sol4	G4	296	296	1	4	625	99	96		30.6
222	9	La4	A4	305	305	1	8	312	99	96		30.7
223	9	Sol4	G4	296	296	1	8	312	99	96		30.8
224	9	La4	A4	305	305	1	4	625	95	96		31
225	9	Fa4#4	F4#4	291	291	1	8	312	95	96	se	31.1
226	9	Sol4	G4	296	296	1	4	625	95	96	nin  	31.3
227	9	Mi5	E5	336	336	1	8	312	95	96	SAZ	31.4
228	9	Re5	D5	327	327	1	8	312	95	96	.	31.5
229	9	Do5	C5	318	318	1	8	312	95	96	.	31.6
230	9	Si4b1	B4b1	313	313	1	8	312	95	96	.	31.7
231	9	Do5	C5	318	318	1	8	312	95	96	.	31.8
232	9	Re5	D5	327	327	1	4	625	95	96	.	32
233	9			-1	-1	1	8	312	100	0		32.1
234	9	Re5	D5	327	327	3	8	938	95	96	Bin 	32.4
235	9	Sol5	G5	349	349	1	4	625	95	96	ye	32.6
236	9	Sol5	G5	349	349	1	8	312	99	96	min 	32.7
237	9	Fa5#4	F5#4	344	344	1	8	312	99	96		32.8
238	9	Mi5b4	E5b4	332	332	1	8	312	99	96		32.9
239	9	Re5	D5	327	327	1	8	312	99	96		33
240	9	Do5	C5	318	318	1	8	312	95	96		33.1
241	9	Re5	D5	327	327	1	8	312	99	96	et	33.2
242	9	Mi5b4	E5b4	332	332	1	8	312	99	96		33.3
243	9	Fa5#4	F5#4	344	344	1	8	312	99	96		33.4
244	9	Sol5	G5	349	349	1	4	625	99	96		33.6
245	9	Fa5#4	F5#4	344	344	1	8	312	99	96		33.7
246	9	La5	A5	358	358	1	8	312	99	96		33.8
247	9	Sol5	G5	349	349	3	8	938	95	96		34.1
248	9	Re5	D5	327	327	1	4	625	99	96	tin 	34.3
249	9	Mi5	E5	336	336	1	8	312	95	96		34.4
250	9	Fa5	F5	340	340	1	4	625	95	96	a 	34.6
251	9	Mi5	E5	336	336	1	8	312	99	96	za	34.7
252	9	Re5	D5	327	327	1	8	312	99	96		34.8
253	9	Do5	C5	318	318	1	4	625	99	96		35
254	9	Re5	D5	327	327	1	8	312	95	96		35.1
255	9	Mi5	E5	336	336	5	8	1563	99	96	lim 	35.6
256	9	Mi5	E5	336	336	1	8	312	99	96		35.7
257	9	La5	A5	358	358	1	8	312	99	96		35.8
258	9	Mi5	E5	336	336	1	4	625	99	96		36
259	9	Re5	D5	327	327	1	8	312	95	96		36.1
260	9	Re5	D5	327	327	3	8	938	95	96	yok 	36.4
261	9	Mi5	E5	336	336	1	8	312	99	96	mu 	36.5
262	9	Re5	D5	327	327	1	8	312	95	96		36.6
263	9	Re5	D5	327	327	1	12	208	99	96	in	36.66667
264	9	Do5	C5	318	318	1	12	208	99	96		36.73333
265	9	Re5	D5	327	327	1	12	208	99	96		36.8
266	9	Mi5	E5	336	336	1	4	625	99	96		37
267	9	Re5	D5	327	327	1	8	312	95	96		37.1
268	9	Re5	D5	327	327	5	8	1563	99	96	sa	37.6
269	9	Re5	D5	327	327	1	8	312	99	96		37.7
270	9	Do5	C5	318	318	1	8	312	99	96		37.8
271	9	Si4b1	B4b1	313	313	1	8	312	99	96		37.9
272	9	La4	A4	305	305	1	8	312	99	96		38
273	9	Sol4	G4	296	296	1	8	312	95	96		38.1
274	9	Si4b1	B4b1	313	313	1	8	312	99	96	fýn 	38.2
275	9	La4	A4	305	305	1	8	312	99	96		38.3
276	9	Si4b1	B4b1	313	313	1	8	312	99	96		38.4
277	9	Sol4	G4	296	296	1	4	625	99	96		38.6
278	9	La4	A4	305	305	1	8	312	99	96		38.7
279	9	Sol4	G4	296	296	1	8	312	99	96		38.8
280	9	La4	A4	305	305	1	4	625	95	96		39
281	9	Fa4#4	F4#4	291	291	1	8	312	95	96	se	39.1
282	9	Sol4	G4	296	296	3	8	938	95	96	nin  	39.4
283	9	Sol5	G5	349	349	1	4	625	95	96	SAZ	39.6
284	9	Fa5#4	F5#4	344	344	1	8	312	95	96	.	39.7
285	9	La5	A5	358	358	1	8	312	95	96	.	39.8
286	9	Sol5	G5	349	349	1	4	625	95	96	.	40
287	9			-1	-1	1	8	312	100	0		40.1
288	9	Sol5	G5	349	349	3	8	938	95	96	Gön	40.4
289	9	Sol5	G5	349	349	1	4	625	95	96	lü	40.6
290	9	Sol5	G5	349	349	1	12	208	99	96	mü 	40.66667
291	9	Fa5#4	F5#4	344	344	1	12	208	99	96		40.73333
292	9	Sol5	G5	349	349	1	12	208	99	96		40.8
293	9	La5	A5	358	358	1	4	625	99	96		41
294	9	Sol5	G5	349	349	1	8	312	95	96		41.1
295	9	Sol5	G5	349	349	5	8	1563	99	96	yýk	41.6
296	9	Sol5	G5	349	349	1	16	156	99	96		41.65
297	9	Fa5#4	F5#4	344	344	1	16	156	99	96		41.7
298	9	Sol5	G5	349	349	1	16	156	99	96		41.75
299	9	La5	A5	358	358	1	16	156	99	96		41.8
300	9	Fa5#4	F5#4	344	344	1	8	312	99	96		41.9
301	9	Mi5b4	E5b4	332	332	1	8	312	99	96		42
302	9	Re5	D5	327	327	1	8	312	95	96		42.1
303	9	La5	A5	358	358	1	4	625	99	96	tý 	42.3
304	9	Sol5	G5	349	349	1	8	312	95	96		42.4
305	9	Sol5	G5	349	349	1	8	312	99	96	te	42.5
306	9	Fa5#4	F5#4	344	344	1	8	312	95	96		42.6
307	9	Fa5#4	F5#4	344	344	1	8	312	99	96	mel	42.7
308	9	Mi5b4	E5b4	332	332	1	8	312	99	96		42.8
309	9	Mi5b4	E5b4	332	332	1	4	625	99	96		43
310	9	Re5	D5	327	327	1	8	312	95	96		43.1
311	9	Re5	D5	327	327	9	8	2813	95	96	den 	44
312	9			-1	-1	1	8	312	100	0		44.1
313	9	Do5	C5	318	318	1	4	625	99	96	tîr_	44.3
314	9	Si4b1	B4b1	313	313	1	8	312	95	96		44.4
315	9	Do5	C5	318	318	1	4	625	95	96	i 	44.6
316	9	Re5	D5	327	327	5	8	1563	95	96	müj	45.1
317	9	Sol5	G5	349	349	5	8	1563	99	96	gâ	45.6
318	9	Fa5	F5	340	340	1	8	312	99	96		45.7
319	9	Mi5	E5	336	336	1	8	312	99	96		45.8
320	9	Re5	D5	327	327	1	8	312	99	96		45.9
321	9	Do5	C5	318	318	1	8	312	99	96		46
322	9	Si4b1	B4b1	313	313	1	8	312	95	96		46.1
323	9	Fa5#4	F5#4	344	344	1	8	312	99	96	nýn 	46.2
324	9	Mi5	E5	336	336	1	8	312	99	96		46.3
325	9	Fa5#4	F5#4	344	344	1	8	312	99	96		46.4
326	9	Re5	D5	327	327	1	4	625	99	96		46.6
327	9	Mi5	E5	336	336	1	8	312	99	96		46.7
328	9	Re5	D5	327	327	1	8	312	99	96		46.8
329	9	Mi5	E5	336	336	1	4	625	95	96		47
330	9	Do5	C5	318	318	1	8	312	95	96	se	47.1
331	9	Re5	D5	327	327	3	8	938	95	96	nin  	47.4
332	9	Sol5	G5	349	349	1	4	625	95	96	SAZ	47.6
333	9	Fa5#4	F5#4	344	344	1	8	312	95	96	.	47.7
334	9	La5	A5	358	358	1	8	312	95	96	.	47.8
335	9	Sol5	G5	349	349	1	4	625	95	96	.	48
336	9			-1	-1	1	8	312	100	0		48.1
337	9	Sol5	G5	349	349	3	8	938	95	96	Gön	48.4
338	9	Sol5	G5	349	349	1	4	625	95	96	lü	48.6
339	9	Sol5	G5	349	349	1	12	208	99	96	mü 	48.66667
340	9	Fa5#4	F5#4	344	344	1	12	208	99	96		48.73333
341	9	Sol5	G5	349	349	1	12	208	99	96		48.8
342	9	La5	A5	358	358	1	4	625	99	96		49
343	9	Sol5	G5	349	349	1	8	312	95	96		49.1
344	9	Sol5	G5	349	349	5	8	1563	99	96	yýk	49.6
345	9	Sol5	G5	349	349	1	16	156	99	96		49.65
346	9	Fa5#4	F5#4	344	344	1	16	156	99	96		49.7
347	9	Sol5	G5	349	349	1	16	156	99	96		49.75
348	9	La5	A5	358	358	1	16	156	99	96		49.8
349	9	Fa5#4	F5#4	344	344	1	8	312	99	96		49.9
350	9	Mi5b4	E5b4	332	332	1	8	312	99	96		50
351	9	Re5	D5	327	327	1	8	312	95	96		50.1
352	9	La5	A5	358	358	1	4	625	99	96	tý 	50.3
353	9	Sol5	G5	349	349	1	8	312	95	96		50.4
354	9	Sol5	G5	349	349	1	8	312	99	96	te	50.5
355	9	Fa5#4	F5#4	344	344	1	8	312	95	96		50.6
356	9	Fa5#4	F5#4	344	344	1	8	312	99	96	mel	50.7
357	9	Mi5b4	E5b4	332	332	1	8	312	99	96		50.8
358	9	Mi5b4	E5b4	332	332	1	4	625	99	96		51
359	9	Re5	D5	327	327	1	8	312	95	96		51.1
360	9	Re5	D5	327	327	9	8	2813	95	96	den 	52
361	9			-1	-1	1	8	312	100	0		52.1
362	9	Do5	C5	318	318	1	4	625	99	96	tîr_	52.3
363	9	Si4b1	B4b1	313	313	1	8	312	95	96		52.4
364	9	Do5	C5	318	318	1	4	625	95	96	i 	52.6
365	9	Re5	D5	327	327	5	8	1563	95	96	müj	53.1
366	9	Sol5	G5	349	349	5	8	1563	99	96	gâ	53.6
367	9	Fa5	F5	340	340	1	8	312	99	96		53.7
368	9	Mi5	E5	336	336	1	8	312	99	96		53.8
369	9	Re5	D5	327	327	1	8	312	99	96		53.9
370	9	Do5	C5	318	318	1	8	312	99	96		54
371	9	Si4b1	B4b1	313	313	1	8	312	95	96		54.1
372	9	Fa5#4	F5#4	344	344	1	8	312	99	96	nýn 	54.2
373	9	Mi5	E5	336	336	1	8	312	99	96		54.3
374	9	Fa5#4	F5#4	344	344	1	8	312	99	96		54.4
375	9	Re5	D5	327	327	1	4	625	99	96		54.6
376	9	Mi5	E5	336	336	1	8	312	99	96		54.7
377	9	Re5	D5	327	327	1	8	312	99	96		54.8
378	9	Mi5	E5	336	336	1	4	625	95	96		55
379	9	Do5	C5	318	318	1	8	312	95	96	se	55.1
380	9	Re5	D5	327	327	1	4	625	95	96	nin  	55.3
381	9	Mi5	E5	336	336	1	8	312	95	96	SAZ	55.4
382	9	Re5	D5	327	327	1	8	312	95	96	.	55.5
383	9	Do5	C5	318	318	1	8	312	95	96	.	55.6
384	9	Si4b1	B4b1	313	313	1	8	312	95	96	.	55.7
385	9	Do5	C5	318	318	1	8	312	95	96	.	55.8
386	9	Re5	D5	327	327	1	4	625	95	96	.	56
387	9			-1	-1	1	8	312	100	0		56.1
388	9	Re5	D5	327	327	3	8	938	95	96	Bin 	56.4
389	9	Sol5	G5	349	349	1	4	625	95	96	ye	56.6
390	9	Sol5	G5	349	349	1	8	312	99	96	min 	56.7
391	9	Fa5#4	F5#4	344	344	1	8	312	99	96		56.8
392	9	Mi5b4	E5b4	332	332	1	8	312	99	96		56.9
393	9	Re5	D5	327	327	1	8	312	99	96		57
394	9	Do5	C5	318	318	1	8	312	95	96		57.1
395	9	Re5	D5	327	327	1	8	312	99	96	et	57.2
396	9	Mi5b4	E5b4	332	332	1	8	312	99	96		57.3
397	9	Fa5#4	F5#4	344	344	1	8	312	99	96		57.4
398	9	Sol5	G5	349	349	1	4	625	99	96		57.6
399	9	Fa5#4	F5#4	344	344	1	8	312	99	96		57.7
400	9	La5	A5	358	358	1	8	312	99	96		57.8
401	9	Sol5	G5	349	349	3	8	938	95	96		58.1
402	9	Re5	D5	327	327	1	4	625	99	96	tin 	58.3
403	9	Mi5	E5	336	336	1	8	312	95	96		58.4
404	9	Fa5	F5	340	340	1	4	625	95	96	a 	58.6
405	9	Mi5	E5	336	336	1	8	312	99	96	za	58.7
406	9	Re5	D5	327	327	1	8	312	99	96		58.8
407	9	Do5	C5	318	318	1	4	625	99	96		59
408	9	Re5	D5	327	327	1	8	312	95	96		59.1
409	9	Mi5	E5	336	336	5	8	1563	99	96	lim 	59.6
410	9	Mi5	E5	336	336	1	8	312	99	96		59.7
411	9	La5	A5	358	358	1	8	312	99	96		59.8
412	9	Mi5	E5	336	336	1	4	625	99	96		60
413	9	Re5	D5	327	327	1	8	312	95	96		60.1
414	9	Re5	D5	327	327	3	8	938	95	96	yok 	60.4
415	9	Mi5	E5	336	336	1	8	312	99	96	mu 	60.5
416	9	Re5	D5	327	327	1	8	312	95	96		60.6
417	9	Re5	D5	327	327	1	12	208	99	96	in	60.66667
418	9	Do5	C5	318	318	1	12	208	99	96		60.73333
419	9	Re5	D5	327	327	1	12	208	99	96		60.8
420	9	Mi5	E5	336	336	1	4	625	99	96		61
421	9	Re5	D5	327	327	1	8	312	95	96		61.1
422	9	Re5	D5	327	327	5	8	1563	99	96	sa	61.6
423	9	Re5	D5	327	327	1	8	312	99	96		61.7
424	9	Do5	C5	318	318	1	8	312	99	96		61.8
425	9	Si4b1	B4b1	313	313	1	8	312	99	96		61.9
426	9	La4	A4	305	305	1	8	312	99	96		62
427	9	Sol4	G4	296	296	1	8	312	95	96		62.1
428	9	Si4b1	B4b1	313	313	1	8	312	99	96	fýn 	62.2
429	9	La4	A4	305	305	1	8	312	99	96		62.3
430	9	Si4b1	B4b1	313	313	1	8	312	99	96		62.4
431	9	Sol4	G4	296	296	1	4	625	99	96		62.6
432	9	La4	A4	305	305	1	8	312	99	96		62.7
433	9	Sol4	G4	296	296	1	8	312	99	96		62.8
434	9	La4	A4	305	305	1	4	625	95	96		63
435	9	Fa4#4	F4#4	291	291	1	8	312	95	96	se	63.1
436	9	Sol4	G4	296	296	1	4	625	95	96	nin  	63.3
437	9	Mi5	E5	336	336	1	8	312	95	96	SAZ	63.4
438	9	Re5	D5	327	327	1	8	312	95	96	.	63.5
439	9	Do5	C5	318	318	1	8	312	95	96	.	63.6
440	9	Si4b1	B4b1	313	313	1	8	312	95	96	.	63.7
441	9	Do5	C5	318	318	1	8	312	95	96	.	63.8
442	9	Re5	D5	327	327	1	4	625	95	96	.	64
443	9			-1	-1	1	8	312	100	0		64.1
444	9	Re5	D5	327	327	3	8	938	95	96	Bin 	64.4
445	9	Sol5	G5	349	349	1	4	625	95	96	ye	64.6
446	9	Sol5	G5	349	349	1	8	312	99	96	min 	64.7
447	9	Fa5#4	F5#4	344	344	1	8	312	99	96		64.8
448	9	Mi5b4	E5b4	332	332	1	8	312	99	96		64.9
449	9	Re5	D5	327	327	1	8	312	99	96		65
450	9	Do5	C5	318	318	1	8	312	95	96		65.1
451	9	Re5	D5	327	327	1	8	312	99	96	et	65.2
452	9	Mi5b4	E5b4	332	332	1	8	312	99	96		65.3
453	9	Fa5#4	F5#4	344	344	1	8	312	99	96		65.4
454	9	Sol5	G5	349	349	1	4	625	99	96		65.6
455	9	Fa5#4	F5#4	344	344	1	8	312	99	96		65.7
456	9	La5	A5	358	358	1	8	312	99	96		65.8
457	9	Sol5	G5	349	349	3	8	938	95	96		66.1
458	9	Re5	D5	327	327	1	4	625	99	96	tin 	66.3
459	9	Mi5	E5	336	336	1	8	312	95	96		66.4
460	9	Fa5	F5	340	340	1	4	625	95	96	a 	66.6
461	9	Mi5	E5	336	336	1	8	312	99	96	za	66.7
462	9	Re5	D5	327	327	1	8	312	99	96		66.8
463	9	Do5	C5	318	318	1	4	625	99	96		67
464	9	Re5	D5	327	327	1	8	312	95	96		67.1
465	9	Mi5	E5	336	336	5	8	1563	99	96	lim 	67.6
466	9	Mi5	E5	336	336	1	8	312	99	96		67.7
467	9	La5	A5	358	358	1	8	312	99	96		67.8
468	9	Mi5	E5	336	336	1	4	625	99	96		68
469	9	Re5	D5	327	327	1	8	312	95	96		68.1
470	9	Re5	D5	327	327	3	8	938	95	96	yok 	68.4
471	9	Mi5	E5	336	336	1	8	312	99	96	mu 	68.5
472	9	Re5	D5	327	327	1	8	312	95	96		68.6
473	9	Re5	D5	327	327	1	12	208	99	96	in	68.66666
474	9	Do5	C5	318	318	1	12	208	99	96		68.73333
475	9	Re5	D5	327	327	1	12	208	99	96		68.8
476	9	Mi5	E5	336	336	1	4	625	99	96		69
477	9	Re5	D5	327	327	1	8	312	95	96		69.1
478	9	Re5	D5	327	327	5	8	1563	99	96	sa	69.6
479	9	Re5	D5	327	327	1	8	312	99	96		69.7
480	9	Do5	C5	318	318	1	8	312	99	96		69.8
481	9	Si4b1	B4b1	313	313	1	8	312	99	96		69.9
482	9	La4	A4	305	305	1	8	312	99	96		70
483	9	Sol4	G4	296	296	1	8	312	95	96		70.1
484	9	Si4b1	B4b1	313	313	1	8	312	99	96	fýn 	70.2
485	9	La4	A4	305	305	1	8	312	99	96		70.3
486	9	Si4b1	B4b1	313	313	1	8	312	99	96		70.4
487	9	Sol4	G4	296	296	1	4	625	99	96		70.6
488	9	La4	A4	305	305	1	8	312	99	96		70.7
489	9	Sol4	G4	296	296	1	8	312	99	96		70.8
490	9	La4	A4	305	305	1	4	625	95	96		71
491	9	Fa4#4	F4#4	291	291	1	8	312	95	96	se	71.1
492	9	Sol4	G4	296	296	1	4	625	95	96		71.3
493	9	Mi5	E5	336	336	1	8	312	95	96		71.4
494	9	Re5	D5	327	327	1	8	312	95	96	KARAR	71.5
495	9	Do5	C5	318	318	1	8	312	95	96		71.6
496	9	Si4b1	B4b1	313	313	1	8	312	95	96		71.7
497	9	La4	A4	305	305	1	8	312	95	96		71.8
498	9	Sol4	G4	296	296	1	4	625	95	96		72
499	9			-1	-1	1	8	312	100	0		72.1
