Sira	Kod	Nota53	NotaAE	Koma53	KomaAE	Pay	Payda	Ms	LNS	Bas	Soz1	Offset
1	9	Do5	C5	318	318	1	8	556	95	96	SAZ	0.1111111
2	9	Do5	C5	318	318	1	8	556	95	96	.	0.2222222
3	9	Mi5	E5	336	336	1	8	556	95	96	.	0.3333333
4	9	Mi5	E5	336	336	1	8	556	95	96	.	0.4444444
5	9	Re5	D5	327	327	1	8	556	95	96	.	0.5555556
6	9	Do5	C5	318	318	1	8	556	95	96	.	0.6666667
7	9	Si4b1	B4b1	313	313	3	16	833	95	96	.	0.8333333
8	9	La4	A4	305	305	1	16	278	95	96	.	0.8888889
9	9	Sol4	G4	296	296	1	8	556	95	96	.	1
10	9	Sol5	G5	349	349	1	8	556	95	96	.	1.111111
11	9	Fa5#4	F5#4	344	344	1	16	278	95	96	.	1.166667
12	9	Mi5	E5	336	336	1	16	278	95	96	.	1.222222
13	9	Re5	D5	327	327	1	16	278	95	96	.	1.277778
14	9	Si4b1	B4b1	313	313	1	16	278	95	96	.	1.333333
15	9	Do5	C5	318	318	1	16	278	95	96	.	1.388889
16	9	La4	A4	305	305	1	16	278	95	96	.	1.444444
17	9	Si4b1	B4b1	313	313	1	16	278	95	96	.	1.5
18	9	Sol4	G4	296	296	1	16	278	95	96	.	1.555556
19	9	La4	A4	305	305	1	16	278	95	96	.	1.611111
20	9	Fa4#4	F4#4	291	291	1	16	278	95	96	.	1.666667
21	9	Sol4	G4	296	296	1	16	278	95	96	.	1.722222
22	9	La4	A4	305	305	1	16	278	95	96	.	1.777778
23	9	Si4b1	B4b1	313	313	1	16	278	95	96	.	1.833333
24	9	Do5	C5	318	318	1	16	278	95	96	.	1.888889
25	9	Re5	D5	327	327	1	8	556	95	96	.	2
26	9	Do5	C5	318	318	1	8	556	95	96	.	2.111111
27	9	Do5	C5	318	318	1	8	556	95	96	.	2.222222
28	9	Mi5	E5	336	336	1	8	556	95	96	.	2.333333
29	9	Mi5	E5	336	336	1	8	556	95	96	.	2.444444
30	9	Re5	D5	327	327	1	8	556	95	96	.	2.555556
31	9	Do5	C5	318	318	1	8	556	95	96	.	2.666667
32	9	Si4b1	B4b1	313	313	3	16	833	95	96	.	2.833333
33	9	La4	A4	305	305	1	16	278	95	96	.	2.888889
34	9	Sol4	G4	296	296	1	8	556	95	96	.	3
35	9	Sol5	G5	349	349	1	8	556	95	96	.	3.111111
36	9	Fa5#4	F5#4	344	344	1	16	278	95	96	.	3.166667
37	9	Mi5	E5	336	336	1	16	278	95	96	.	3.222222
38	9	Re5	D5	327	327	1	16	278	95	96	.	3.277778
39	9	Si4b1	B4b1	313	313	1	16	278	95	96	.	3.333333
40	9	Do5	C5	318	318	1	16	278	95	96	.	3.388889
41	9	La4	A4	305	305	1	16	278	95	96	.	3.444444
42	9	Si4b1	B4b1	313	313	1	16	278	95	96	.	3.5
43	9	Sol4	G4	296	296	1	16	278	95	96	.	3.555556
44	9	La4	A4	305	305	1	16	278	95	96	.	3.611111
45	9	Fa4#4	F4#4	291	291	1	16	278	95	96	.	3.666667
46	9	Sol4	G4	296	296	1	8	556	95	96	.	3.777778
47	9	Sol4	G4	296	296	1	8	556	95	96	.	3.888889
48	9			-1	-1	1	8	556	100	0		4
49	52			0	0	1	8	0	108	0		4.111111
50	9	Do5	C5	318	318	1	8	556	95	96	SAZ	4.222222
51	9	Do5	C5	318	318	1	8	556	95	96	.	4.333333
52	9	Mi5	E5	336	336	1	8	556	95	96	.	4.444445
53	9	Mi5	E5	336	336	1	8	556	95	96	.	4.555555
54	9	Re5	D5	327	327	1	8	556	95	96	.	4.666667
55	9	Do5	C5	318	318	1	8	556	95	96	.	4.777778
56	9	Si4b1	B4b1	313	313	3	16	833	95	96	.	4.944445
57	9	La4	A4	305	305	1	16	278	95	96	.	5
58	9	Sol4	G4	296	296	1	8	556	95	96	.	5.111111
59	9	Sol5	G5	349	349	1	8	556	95	96	.	5.222222
60	9	Fa5#4	F5#4	344	344	1	16	278	95	96	.	5.277778
61	9	Mi5	E5	336	336	1	16	278	95	96	.	5.333333
62	9	Re5	D5	327	327	1	16	278	95	96	.	5.388889
63	9	Si4b1	B4b1	313	313	1	16	278	95	96	.	5.444445
64	9	Do5	C5	318	318	1	16	278	95	96	.	5.5
65	9	La4	A4	305	305	1	16	278	95	96	.	5.555555
66	9	Si4b1	B4b1	313	313	1	16	278	95	96	.	5.611111
67	9	Sol4	G4	296	296	1	16	278	95	96	.	5.666667
68	9	La4	A4	305	305	1	16	278	95	96	.	5.722222
69	9	Fa4#4	F4#4	291	291	1	16	278	95	96	.	5.777778
70	9	Sol4	G4	296	296	1	16	278	95	96	.	5.833333
71	9	La4	A4	305	305	1	16	278	95	96	.	5.888889
72	9	Si4b1	B4b1	313	313	1	16	278	95	96	.	5.944445
73	9	Do5	C5	318	318	1	16	278	95	96	.	6
74	9	Re5	D5	327	327	1	8	556	95	96	.	6.111111
75	9	Do5	C5	318	318	1	8	556	95	96	.	6.222222
76	9	Do5	C5	318	318	1	8	556	95	96	.	6.333333
77	9	Mi5	E5	336	336	1	8	556	95	96	.	6.444445
78	9	Mi5	E5	336	336	1	8	556	95	96	.	6.555555
79	9	Re5	D5	327	327	1	8	556	95	96	.	6.666667
80	9	Do5	C5	318	318	1	8	556	95	96	.	6.777778
81	9	Si4b1	B4b1	313	313	3	16	833	95	96	.	6.944445
82	9	La4	A4	305	305	1	16	278	95	96	.	7
83	9	Sol4	G4	296	296	1	8	556	95	96	.	7.111111
84	9	Sol5	G5	349	349	1	8	556	95	96	.	7.222222
85	9	Fa5#4	F5#4	344	344	1	16	278	95	96	.	7.277778
86	9	Mi5	E5	336	336	1	16	278	95	96	.	7.333333
87	9	Re5	D5	327	327	1	16	278	95	96	.	7.388889
88	9	Si4b1	B4b1	313	313	1	16	278	95	96	.	7.444445
89	9	Do5	C5	318	318	1	16	278	95	96	.	7.5
90	9	La4	A4	305	305	1	16	278	95	96	.	7.555555
91	9	Si4b1	B4b1	313	313	1	16	278	95	96	.	7.611111
92	9	Sol4	G4	296	296	1	16	278	95	96	.	7.666667
93	9	La4	A4	305	305	1	16	278	95	96	.	7.722222
94	9	Fa4#4	F4#4	291	291	1	16	278	95	96	.	7.777778
95	9	Sol4	G4	296	296	1	8	556	95	96	.	7.888889
96	9	Sol4	G4	296	296	1	8	556	95	96	.	8
97	9			-1	-1	1	8	556	100	0		8.111111
98	9	Do5	C5	318	318	1	8	556	95	96	Kor	8.222222
99	9	Do5	C5	318	318	1	8	556	95	96	don	8.333333
100	9	Do5	C5	318	318	1	16	278	95	96	bo	8.388889
101	9	Do5	C5	318	318	3	16	833	95	96	yu	8.555555
102	9	Do5	C5	318	318	1	8	556	95	96	sey	8.666667
103	9	Si4b1	B4b1	313	313	1	16	278	95	96	ri	8.722222
104	9	Do5	C5	318	318	1	16	278	95	96	ne	8.777778
105	9	Re5	D5	327	327	1	8	556	95	96	düþ	8.888889
106	9	Re5	D5	327	327	1	8	556	95	96	tü	9
107	9			-1	-1	1	8	556	100	0		9.111111
108	9	Re5	D5	327	327	3	16	833	95	96	tit	9.277778
109	9	Re5	D5	327	327	1	16	278	95	96	ret	9.333333
110	9	Re5	D5	327	327	1	16	278	95	96	e	9.388889
111	9	Re5	D5	327	327	3	16	833	95	96	fem	9.555555
112	9	Re5	D5	327	327	1	8	556	95	96	vur	9.666667
113	9	Do5	C5	318	318	1	16	278	95	96	di	9.722222
114	9	Re5	D5	327	327	1	16	278	95	96	zin	9.777778
115	9	Mi5	E5	336	336	1	8	556	95	96	üs	9.888889
116	9	Mi5	E5	336	336	1	8	556	95	96	te	10
117	9			-1	-1	1	8	556	100	0		10.11111
118	9	Re5	D5	327	327	1	8	556	95	96	Bon	10.22222
119	9	Sol5	G5	349	349	1	8	556	95	96	cuk	10.33333
120	9	Fa5#4	F5#4	344	344	1	8	556	95	96	gi	10.44444
121	9	La5	A5	358	358	1	8	556	95	96	bi	10.55556
122	9	Sol5	G5	349	349	1	8	556	95	96	al	10.66667
123	9	Fa5#4	F5#4	344	344	1	16	278	95	96	ný	10.72222
124	9	Sol5	G5	349	349	1	16	278	95	96	na	10.77778
125	9	Mi5	E5	336	336	1	8	556	95	96	düþ	10.88889
126	9	Mi5	E5	336	336	1	8	556	95	96	tü	11
127	9			-1	-1	1	8	556	100	0		11.11111
128	9	Do5	C5	318	318	1	8	556	95	96	par	11.22222
129	9	Si4b1	B4b1	313	313	1	8	556	95	96	lar	11.33333
130	9	La4	A4	305	305	1	16	278	95	96	te	11.38889
131	9	Do5	C5	318	318	3	16	833	95	96	nin	11.55556
132	9	Si4b1	B4b1	313	313	1	16	278	99	96	ter	11.61111
133	9	Sol4	G4	296	296	1	16	278	95	96		11.66667
134	9	La4	A4	305	305	1	16	278	95	96	gö	11.72222
135	9	Fa4#4	F4#4	291	291	1	16	278	95	96	zün	11.77778
136	9	Sol4	G4	296	296	1	8	556	95	96	üs	11.88889
137	9	Sol4	G4	296	296	1	8	556	95	96	te	12
138	9			-1	-1	1	8	556	100	0		12.11111
139	9	Do5	C5	318	318	1	8	556	95	96	Kor	12.22222
140	9	Do5	C5	318	318	1	8	556	95	96	don	12.33333
141	9	Do5	C5	318	318	1	16	278	95	96	bo	12.38889
142	9	Do5	C5	318	318	3	16	833	95	96	yu	12.55556
143	9	Do5	C5	318	318	1	8	556	95	96	sey	12.66667
144	9	Si4b1	B4b1	313	313	1	16	278	95	96	ri	12.72222
145	9	Do5	C5	318	318	1	16	278	95	96	ne	12.77778
146	9	Re5	D5	327	327	1	8	556	95	96	düþ	12.88889
147	9	Re5	D5	327	327	1	8	556	95	96	tü	13
148	9			-1	-1	1	8	556	100	0		13.11111
149	9	Re5	D5	327	327	3	16	833	95	96	tit	13.27778
150	9	Re5	D5	327	327	1	16	278	95	96	ret	13.33333
151	9	Re5	D5	327	327	1	16	278	95	96	e	13.38889
152	9	Re5	D5	327	327	3	16	833	95	96	fem	13.55556
153	9	Re5	D5	327	327	1	8	556	95	96	vur	13.66667
154	9	Do5	C5	318	318	1	16	278	95	96	di	13.72222
155	9	Re5	D5	327	327	1	16	278	95	96	zin	13.77778
156	9	Mi5	E5	336	336	1	8	556	95	96	üs	13.88889
157	9	Mi5	E5	336	336	1	8	556	95	96	te	14
158	9			-1	-1	1	8	556	100	0		14.11111
159	9	Re5	D5	327	327	1	8	556	95	96	Bon	14.22222
160	9	Sol5	G5	349	349	1	8	556	95	96	cuk	14.33333
161	9	Fa5#4	F5#4	344	344	1	16	278	95	96	gi	14.38889
162	9	La5	A5	358	358	3	16	833	95	96	bi	14.55556
163	9	Sol5	G5	349	349	1	8	556	95	96	al	14.66667
164	9	Fa5#4	F5#4	344	344	1	16	278	95	96	ný	14.72222
165	9	Sol5	G5	349	349	1	16	278	95	96	na	14.77778
166	9	Mi5	E5	336	336	1	8	556	95	96	düþ	14.88889
167	9	Mi5	E5	336	336	1	8	556	95	96	tü	15
168	9			-1	-1	1	8	556	100	0		15.11111
169	9	Do5	C5	318	318	1	8	556	95	96	par	15.22222
170	9	Si4b1	B4b1	313	313	1	8	556	95	96	lar	15.33333
171	9	La4	A4	305	305	1	16	278	95	96	te	15.38889
172	9	Do5	C5	318	318	3	16	833	95	96	nin	15.55556
173	9	Si4b1	B4b1	313	313	1	16	278	99	96	ter	15.61111
174	9	Sol4	G4	296	296	1	16	278	95	96		15.66667
175	9	La4	A4	305	305	1	16	278	95	96	gö	15.72222
176	9	Fa4#4	F4#4	291	291	1	16	278	95	96	zün	15.77778
177	9	Sol4	G4	296	296	1	8	556	95	96	üs	15.88889
178	9	Sol4	G4	296	296	1	8	556	95	96	te	16
179	9			-1	-1	1	8	556	100	0		16.11111
180	9	Sol4	G4	296	296	3	4	3333	95	96	Hey	16.77778
181	9	Re5	D5	327	327	1	8	556	95	96	hey	16.88889
182	9	Re5	D5	327	327	1	8	556	95	96	hey	17
183	9			-1	-1	1	8	556	100	0		17.11111
184	9	Re5	D5	327	327	3	4	3333	95	96	hey	17.77778
185	9	Sol5	G5	349	349	1	8	556	95	96	hey	17.88889
186	9	Sol5	G5	349	349	1	8	556	95	96	hey	18
187	9			-1	-1	1	8	556	100	0		18.11111
188	9	Si5b1	B5b1	366	366	1	4	1111	99	96	hey	18.33333
189	9	La5	A5	358	358	1	4	1111	99	96		18.55556
190	9	Sol5	G5	349	349	1	4	1111	99	96		18.77778
191	9	Fa5#4	F5#4	344	344	1	8	556	99	96		18.88889
192	9	Si5b1	B5b1	366	366	1	8	556	99	96		19
193	9	La5	A5	358	358	1	16	278	99	96		19.05556
194	9	Sol5	G5	349	349	1	16	278	95	96		19.11111
195	9	Sol5	G5	349	349	1	8	556	99	96	hey	19.22222
196	9	Fa5#4	F5#4	344	344	1	16	278	99	96		19.27778
197	9	Mi5	E5	336	336	1	16	278	99	96		19.33333
198	9	Re5	D5	327	327	1	16	278	99	96		19.38889
199	9	Mi5	E5	336	336	1	16	278	99	96		19.44444
200	9	Re5	D5	327	327	1	16	278	99	96		19.5
201	9	Do5	C5	318	318	1	16	278	99	96		19.55556
202	9	Si4b1	B4b1	313	313	1	16	278	99	96		19.61111
203	9	Do5	C5	318	318	1	16	278	99	96		19.66667
204	9	Si4b1	B4b1	313	313	1	16	278	99	96		19.72222
205	9	Do5	C5	318	318	1	16	278	99	96		19.77778
206	9	Re5	D5	327	327	1	16	278	99	96		19.83333
207	9	Re5	D5	327	327	1	16	278	99	96		19.88889
208	9	Mi5	E5	336	336	1	16	278	99	96		19.94444
209	9	Fa5#4	F5#4	344	344	1	16	278	99	96		20
210	9	Sol5	G5	349	349	1	8	556	95	96		20.11111
211	9	Sol5	G5	349	349	1	16	278	95	96	E	20.16667
212	9	Sol5	G5	349	349	3	16	833	95	96	fem	20.33333
213	9	Sol5	G5	349	349	1	16	278	95	96	e	20.38889
214	9	Sol5	G5	349	349	3	16	833	95	96	fem	20.55556
215	9	Fa5#4	F5#4	344	344	1	8	556	95	96	ça	20.66667
216	9	Mi5	E5	336	336	1	16	278	95	96	kýr	20.72222
217	9	Fa5#4	F5#4	344	344	1	16	278	95	96	e	20.77778
218	9	Re5	D5	327	327	1	8	556	99	96	fem	20.88889
219	9	Mi5	E5	336	336	1	8	556	99	96		21
220	9	Fa5#4	F5#4	344	344	1	8	556	95	96		21.11111
221	9	Sol5	G5	349	349	1	8	556	95	96	ký	21.22222
222	9	Fa5#4	F5#4	344	344	1	8	556	95	96	lýn	21.33333
223	9	Mi5	E5	336	336	1	8	556	95	96	cý	21.44444
224	9	Re5	D5	327	327	1	8	556	95	96	þa	21.55556
225	9	Do5	C5	318	318	1	8	556	95	96	kýr	21.66667
226	9	Si4b1	B4b1	313	313	1	16	278	99	96	e	21.72222
227	9	Do5	C5	318	318	1	16	278	95	96		21.77778
228	9	Re5	D5	327	327	1	4	1111	95	96	fem	22
229	9			-1	-1	1	8	556	100	0		22.11111
230	9	Do5	C5	318	318	1	16	278	95	96	Se	22.16667
231	9	Do5	C5	318	318	1	8	556	95	96	ni	22.27778
232	9			-1	-1	1	16	278	100	0		22.33333
233	9	Mi5	E5	336	336	1	8	556	95	96	gö	22.44444
234	9	Mi5	E5	336	336	1	8	556	95	96	ren	22.55556
235	9	Re5	D5	327	327	1	8	556	99	96	kýz	22.66667
236	9	Do5	C5	318	318	1	8	556	95	96		22.77778
237	9	Si4b1	B4b1	313	313	3	16	833	99	96	lar	22.94444
238	9	La4	A4	305	305	1	16	278	95	96		23
239	9	Sol4	G4	296	296	1	8	556	95	96	da	23.11111
240	9	Do5	C5	318	318	1	16	278	95	96	me	23.16667
241	9	Mi5	E5	336	336	3	16	833	95	96	cal	23.33333
242	9	Re5	D5	327	327	1	16	278	99	96	mi	23.38889
243	9	Si4b1	B4b1	313	313	1	16	278	95	96		23.44444
244	9	Do5	C5	318	318	1	16	278	99	96	ka	23.5
245	9	La4	A4	305	305	1	16	278	95	96		23.55556
246	9	Si4b1	B4b1	313	313	1	16	278	99	96	lýr	23.61111
247	9	Sol4	G4	296	296	1	16	278	95	96		23.66667
248	9	La4	A4	305	305	1	16	278	99	96	e	23.72222
249	9	Fa4#4	F4#4	291	291	1	16	278	95	96		23.77778
250	9	Sol4	G4	296	296	1	4	1111	95	96	fem	24
251	9			-1	-1	1	8	556	100	0		24.11111
252	9	Do5	C5	318	318	1	16	278	95	96	Se	24.16667
253	9	Do5	C5	318	318	1	8	556	95	96	ni	24.27778
254	9			-1	-1	1	16	278	100	0		24.33333
255	9	Mi5	E5	336	336	1	16	278	95	96	gö	24.38889
256	9	Mi5	E5	336	336	1	8	556	95	96	ren	24.5
257	9			-1	-1	1	16	278	100	0		24.55556
258	9	Re5	D5	327	327	3	16	833	99	96	kýz	24.72222
259	9	Do5	C5	318	318	1	16	278	95	96		24.77778
260	9	Si4b1	B4b1	313	313	3	16	833	99	96	lar	24.94444
261	9	La4	A4	305	305	1	16	278	95	96		25
262	9	Sol4	G4	296	296	1	8	556	95	96	da	25.11111
263	9	Do5	C5	318	318	1	16	278	95	96	me	25.16667
264	9	Mi5	E5	336	336	3	16	833	95	96	cal	25.33333
265	9	Re5	D5	327	327	1	16	278	99	96	mi	25.38889
266	9	Si4b1	B4b1	313	313	1	16	278	95	96		25.44444
267	9	Do5	C5	318	318	1	16	278	99	96	ka	25.5
268	9	La4	A4	305	305	1	16	278	95	96		25.55556
269	9	Si4b1	B4b1	313	313	1	16	278	99	96	lýr	25.61111
270	9	Sol4	G4	296	296	1	16	278	95	96		25.66667
271	9	La4	A4	305	305	1	16	278	99	96	e	25.72222
272	9	Fa4#4	F4#4	291	291	1	16	278	95	96		25.77778
273	9	Sol4	G4	296	296	1	4	1111	95	96	fem	26
274	9			-1	-1	1	8	556	100	0		26.11111
