Sira	Kod	Nota53	NotaAE	Koma53	KomaAE	Pay	Payda	Ms	LNS	Bas	Soz1	Offset
1	9	Sol5	G5	349	349	1	8	278	95	96	ARANAÐME	0.1111111
2	9	Sol5	G5	349	349	1	8	278	95	96	.	0.2222222
3	9	Sol5	G5	349	349	1	8	278	95	96	.	0.3333333
4	12	Sol5	G5	349	349	3	16	417	95	96	.	0.5
5	9	Fa5#4	F5#4	344	344	1	16	139	95	96	.	0.5555556
6	9	Mi5b1	E5b1	335	335	1	8	278	95	96	.	0.6666667
7	9	Sol5	G5	349	349	1	8	278	95	96	.	0.7777778
8	12	Fa5#4	F5#4	344	344	1	8	278	95	96	.	0.8888889
9	9	Fa5#4	F5#4	344	344	1	16	139	95	96	.	0.9444444
10	9	Mi5b1	E5b1	335	335	1	16	139	95	96	.	1
11	23	Re5	D5	327	327	1	8	278	95	96	.	1.111111
12	23	Mi5b1	E5b1	335	335	1	8	278	95	96	.	1.222222
13	23	Fa5#4	F5#4	344	344	1	8	278	95	96	.	1.333333
14	12	Sol5	G5	349	349	1	8	278	95	96	.	1.444444
15	9	Fa5#4	F5#4	344	344	1	16	139	95	96	.	1.5
16	9	Mi5b1	E5b1	335	335	1	16	139	95	96	.	1.555556
17	12	Re5	D5	327	327	1	8	278	95	96	.	1.666667
18	9	Re5	D5	327	327	1	16	139	95	96	.	1.722222
19	9	Do5	C5	318	318	1	16	139	95	96	.	1.777778
20	9	Si4b1	B4b1	313	313	1	4	556	95	96	.	2
21	9	Mi5b1	E5b1	335	335	1	16	139	95	96	.	2.055556
22	9	Re5	D5	327	327	1	16	139	95	96	.	2.111111
23	9	Mi5b1	E5b1	335	335	1	8	278	95	96	.	2.222222
24	9	Fa5#4	F5#4	344	344	1	8	278	95	96	.	2.333333
25	9	Re5	D5	327	327	3	16	417	95	96	.	2.5
26	9	Do5	C5	318	318	1	16	139	95	96	.	2.555556
27	9	Re5	D5	327	327	1	16	139	95	96	.	2.611111
28	9	Do5	C5	318	318	1	16	139	95	96	.	2.666667
29	9	Do5	C5	318	318	1	16	139	95	96	.	2.722222
30	11	Si4b1	B4b1	313	313	1	16	139	95	96	.	2.777778
31	9	Si4b1	B4b1	313	313	1	4	556	95	96	.	3
32	52			0	0	1	8	0	127	89		3.111111
33	9	Sol5	G5	349	349	1	8	278	95	96	ARANAÐME	3.222222
34	9	Sol5	G5	349	349	1	8	278	95	96	.	3.333333
35	9	Sol5	G5	349	349	1	8	278	95	96	.	3.444444
36	12	Sol5	G5	349	349	3	16	417	95	96	.	3.611111
37	9	Fa5#4	F5#4	344	344	1	16	139	95	96	.	3.666667
38	9	Mi5b1	E5b1	335	335	1	8	278	95	96	.	3.777778
39	9	Sol5	G5	349	349	1	8	278	95	96	.	3.888889
40	12	Fa5#4	F5#4	344	344	1	8	278	95	96	.	4
41	9	Fa5#4	F5#4	344	344	1	16	139	95	96	.	4.055555
42	9	Mi5b1	E5b1	335	335	1	16	139	95	96	.	4.111111
43	23	Re5	D5	327	327	1	8	278	95	96	.	4.222222
44	23	Mi5b1	E5b1	335	335	1	8	278	95	96	.	4.333333
45	23	Fa5#4	F5#4	344	344	1	8	278	95	96	.	4.444445
46	12	Sol5	G5	349	349	1	8	278	95	96	.	4.555555
47	9	Fa5#4	F5#4	344	344	1	16	139	95	96	.	4.611111
48	9	Mi5b1	E5b1	335	335	1	16	139	95	96	.	4.666667
49	12	Re5	D5	327	327	1	8	278	95	96	.	4.777778
50	9	Re5	D5	327	327	1	16	139	95	96	.	4.833333
51	9	Do5	C5	318	318	1	16	139	95	96	.	4.888889
52	9	Si4b1	B4b1	313	313	1	4	556	95	96	.	5.111111
53	9	Mi5b1	E5b1	335	335	1	16	139	95	96	.	5.166667
54	9	Re5	D5	327	327	1	16	139	95	96	.	5.222222
55	9	Mi5b1	E5b1	335	335	1	8	278	95	96	.	5.333333
56	9	Fa5#4	F5#4	344	344	1	8	278	95	96	.	5.444445
57	9	Re5	D5	327	327	3	16	417	95	96	.	5.611111
58	9	Do5	C5	318	318	1	16	139	95	96	.	5.666667
59	9	Re5	D5	327	327	1	16	139	95	96	.	5.722222
60	9	Do5	C5	318	318	1	16	139	95	96	.	5.777778
61	9	Do5	C5	318	318	1	16	139	95	96	.	5.833333
62	11	Si4b1	B4b1	313	313	1	16	139	95	96	.	5.888889
63	9	Si4b1	B4b1	313	313	1	4	556	95	96	.	6.111111
64	1	Re5	D5	327	327	1	4	556	95	96	.	6.333333
65	9	Fa5#4	F5#4	344	344	1	8	278	95	96	Sa	6.444445
66	9	Fa5#4	F5#4	344	344	1	8	278	95	96	na 	6.555555
67	9	Fa5#4	F5#4	344	344	1	8	278	95	96	da 	6.666667
68	9	Fa5#4	F5#4	344	344	1	4	556	95	96	yap	6.888889
69	9	Fa5#4	F5#4	344	344	1	8	278	99	96	tý	7
70	9	Re5	D5	327	327	1	8	278	95	96		7.111111
71	9	Fa5#4	F5#4	344	344	1	8	278	99	96	ra	7.222222
72	9	Sol5	G5	349	349	1	8	278	95	96		7.333333
73	9	La5#3	A5#4	361	362	1	8	278	99	96	yým 	7.444445
74	9	Si5b1	B5b1	366	366	1	8	278	99	96		7.555555
75	9	Do6	C6	371	371	1	8	278	95	96		7.666667
76	9	Do6	C6	371	371	1	16	139	99	96	Na	7.722222
77	9	Si5b1	B5b1	366	366	1	16	139	95	96		7.777778
78	9	Si5b1	B5b1	366	366	1	16	139	99	96	ci	7.833333
79	9	La5#3	A5#4	361	362	1	16	139	95	96		7.888889
80	9	La5#3	A5#4	361	362	1	16	139	99	96	yem 	7.944445
81	9	Sol5	G5	349	349	1	16	139	95	96		8
82	9	Sol5	G5	349	349	1	16	139	99	96	a	8.055555
83	11	Fa5#4	F5#4	344	344	1	16	139	95	96		8.111111
84	9	Fa5#4	F5#4	344	344	1	4	556	95	96	man 	8.333333
85	9	La5	A5	358	358	1	8	278	99	96	fil	8.444445
86	9	Sol5	G5	349	349	1	8	278	95	96		8.555555
87	9	Sol5	G5	349	349	1	16	139	99	96	di	8.611111
88	9	Fa5#4	F5#4	344	344	1	16	139	95	96		8.666667
89	9	Fa5#4	F5#4	344	344	1	8	278	99	96	þi 	8.777778
90	9	Mi5#3	E5#4	339	340	1	8	278	99	96		8.888889
91	12	Sol5	G5	349	349	1	8	278	95	96		9
92	9	Sol5	G5	349	349	1	16	139	99	96	ta	9.055555
93	11	Fa5#4	F5#4	344	344	1	16	139	95	96		9.111111
94	9	Fa5#4	F5#4	344	344	1	4	556	95	96	rak 	9.333333
95	9	Re5	D5	327	327	1	8	278	50	96	SAZ	9.444445
96	9	Mi5b1	E5b1	335	335	1	8	278	50	96	.	9.555555
97	9	Fa5#4	F5#4	344	344	1	8	278	50	96	.	9.666667
98	12	Sol5	G5	349	349	1	8	278	95	96	.	9.777778
99	9	Sol5	G5	349	349	1	16	139	95	96	.	9.833333
100	9	Fa5#4	F5#4	344	344	1	16	139	95	96	.	9.888889
101	9	Fa5#4	F5#4	344	344	1	16	139	95	96	.	9.944445
102	9	Mi5#3	E5#4	339	340	1	16	139	95	96	.	10
103	9	Sol5	G5	349	349	1	16	139	95	96	.	10.05556
104	11	Fa5#4	F5#4	344	344	1	16	139	95	96	.	10.11111
105	9	Fa5#4	F5#4	344	344	1	4	556	95	96	.	10.33333
106	9	Sol5	G5	349	349	1	4	556	95	96	fil	10.55556
107	9	Sol5	G5	349	349	1	8	278	95	96	di	10.66667
108	9	Fa5#4	F5#4	344	344	1	8	278	99	96	þi 	10.77778
109	9	Mi5#3	E5#4	339	340	1	8	278	99	96		10.88889
110	12	Sol5	G5	349	349	1	8	278	95	96		11
111	9	Sol5	G5	349	349	1	16	139	99	96	ta	11.05556
112	9	Fa5#4	F5#4	344	344	1	16	139	95	96		11.11111
113	9	Fa5#4	F5#4	344	344	1	4	556	95	96	rak  	11.33333
114	9	Re5	D5	327	327	1	8	278	50	96	SAZ	11.44444
115	9	Mi5b1	E5b1	335	335	1	8	278	50	96	.	11.55556
116	9	Fa5#4	F5#4	344	344	1	8	278	50	96	.	11.66667
117	12	Sol5	G5	349	349	1	8	278	95	96	.	11.77778
118	9	Sol5	G5	349	349	1	16	139	95	96	.	11.83333
119	9	Fa5#4	F5#4	344	344	1	16	139	95	96	.	11.88889
120	9	Fa5#4	F5#4	344	344	1	16	139	95	96	.	11.94444
121	9	Mi5#3	E5#4	339	340	1	16	139	95	96	.	12
122	9	Sol5	G5	349	349	1	16	139	95	96	.	12.05556
123	11	Fa5#4	F5#4	344	344	1	16	139	95	96	.	12.11111
124	9	Fa5#4	F5#4	344	344	1	4	556	95	96	.	12.33333
125	9	Sol5	G5	349	349	1	8	278	95	96	Ta	12.44444
126	9	Sol5	G5	349	349	1	8	278	95	96	ra 	12.55556
127	9	Sol5	G5	349	349	1	8	278	95	96	da 	12.66667
128	12	Sol5	G5	349	349	3	16	417	99	96	kâ	12.83333
129	9	Fa5#4	F5#4	344	344	1	16	139	95	96		12.88889
130	9	Mi5b1	E5b1	335	335	1	8	278	99	96	kül	13
131	9	Sol5	G5	349	349	1	8	278	95	96		13.11111
132	12	Fa5#4	F5#4	344	344	1	8	278	95	96	le	13.22222
133	9	Fa5#4	F5#4	344	344	1	16	139	99	96	ri	13.27778
134	9	Mi5b1	E5b1	335	335	1	16	139	95	96		13.33333
135	9	Re5	D5	327	327	1	8	278	99	96	ni 	13.44444
136	9	Mi5b1	E5b1	335	335	1	8	278	99	96		13.55556
137	9	Fa5#4	F5#4	344	344	1	8	278	95	96		13.66667
138	12	Sol5	G5	349	349	1	8	278	95	96	Na	13.77778
139	9	Fa5#4	F5#4	344	344	1	16	139	99	96	ci	13.83333
140	9	Mi5b1	E5b1	335	335	1	16	139	95	96		13.88889
141	12	Re5	D5	327	327	1	8	278	95	96	yem 	14
142	9	Re5	D5	327	327	1	16	139	99	96	a	14.05556
143	9	Do5	C5	318	318	1	16	139	95	96		14.11111
144	9	Si4b1	B4b1	313	313	1	4	556	95	96	man 	14.33333
145	9	Mi5b1	E5b1	335	335	1	16	139	99	96	bir 	14.38889
146	9	Re5	D5	327	327	1	16	139	99	96		14.44444
147	9	Mi5b1	E5b1	335	335	1	8	278	95	96		14.55556
148	9	Fa5#4	F5#4	344	344	1	8	278	95	96	ya	14.66667
149	7	Re5	D5	327	327	3	16	417	99	96	na 	14.83333
150	9	Do5	C5	318	318	1	16	139	95	96		14.88889
151	9	Re5	D5	327	327	1	16	139	99	96	bý	14.94444
152	9	Do5	C5	318	318	1	16	139	99	96		15
153	9	Do5	C5	318	318	1	16	139	99	96		15.05556
154	11	Si4b1	B4b1	313	313	1	16	139	95	96		15.11111
155	9	Si4b1	B4b1	313	313	1	4	556	95	96	rak  	15.33333
156	23	Si4b1	B4b1	313	313	1	8	278	95	96	SAZ	15.44444
157	23	Do5	C5	318	318	1	8	278	95	96	.	15.55556
158	23	Re5	D5	327	327	1	8	278	95	96	.	15.66667
159	23	Mi5b1	E5b1	335	335	1	8	278	95	96	.	15.77778
160	23	Fa5#4	F5#4	344	344	1	8	278	95	96	.	15.88889
161	9	Sol5	G5	349	349	1	16	139	95	96	.	15.94444
162	9	Fa5#4	F5#4	344	344	1	16	139	95	96	.	16
163	9	Mi5b1	E5b1	335	335	1	16	139	95	96	.	16.05556
164	9	Sol5	G5	349	349	1	16	139	95	96	.	16.11111
165	9	Fa5#4	F5#4	344	344	1	4	556	95	96	.	16.33333
166	9	Sol5	G5	349	349	1	8	278	95	96	Ta	16.44444
167	9	Sol5	G5	349	349	1	8	278	95	96	ra 	16.55556
168	9	Sol5	G5	349	349	1	8	278	95	96	da 	16.66667
169	12	Sol5	G5	349	349	3	16	417	99	96	kâ	16.83333
170	9	Fa5#4	F5#4	344	344	1	16	139	95	96		16.88889
171	9	Mi5b1	E5b1	335	335	1	8	278	99	96	kül	17
172	9	Sol5	G5	349	349	1	8	278	95	96		17.11111
173	12	Fa5#4	F5#4	344	344	1	8	278	95	96	le	17.22222
174	9	Fa5#4	F5#4	344	344	1	16	139	99	96	ri	17.27778
175	9	Mi5b1	E5b1	335	335	1	16	139	95	96		17.33333
176	9	Re5	D5	327	327	1	8	278	99	96	ni 	17.44444
177	9	Mi5b1	E5b1	335	335	1	8	278	99	96		17.55556
178	9	Fa5#4	F5#4	344	344	1	8	278	95	96		17.66667
179	12	Sol5	G5	349	349	1	8	278	95	96	Na	17.77778
180	9	Fa5#4	F5#4	344	344	1	16	139	99	96	ci	17.83333
181	9	Mi5b1	E5b1	335	335	1	16	139	95	96		17.88889
182	12	Re5	D5	327	327	1	8	278	95	96	yem 	18
183	9	Re5	D5	327	327	1	16	139	99	96	a	18.05556
184	9	Do5	C5	318	318	1	16	139	95	96		18.11111
185	9	Si4b1	B4b1	313	313	1	4	556	95	96	man 	18.33333
186	9	Mi5b1	E5b1	335	335	1	16	139	99	96	bir 	18.38889
187	9	Re5	D5	327	327	1	16	139	99	96		18.44444
188	9	Mi5b1	E5b1	335	335	1	8	278	95	96		18.55556
189	9	Fa5#4	F5#4	344	344	1	8	278	95	96	ya	18.66667
190	7	Re5	D5	327	327	3	16	417	99	96	na 	18.83333
191	9	Do5	C5	318	318	1	16	139	95	96		18.88889
192	9	Re5	D5	327	327	1	16	139	99	96	bý	18.94444
193	9	Do5	C5	318	318	1	16	139	99	96		19
194	9	Do5	C5	318	318	1	16	139	99	96		19.05556
195	11	Si4b1	B4b1	313	313	1	16	139	95	96		19.11111
196	9	Si4b1	B4b1	313	313	1	4	556	95	96	rak  	19.33333
197	23	Si4b1	B4b1	313	313	1	8	278	95	96	SAZ	19.44444
198	23	Do5	C5	318	318	1	8	278	95	96	.	19.55556
199	23	Re5	D5	327	327	1	8	278	95	96	.	19.66667
200	23	Mi5b1	E5b1	335	335	1	8	278	95	96	.	19.77778
201	23	Fa5#4	F5#4	344	344	1	8	278	95	96	.	19.88889
202	9	Sol5	G5	349	349	1	16	139	95	96	.	19.94444
203	9	Fa5#4	F5#4	344	344	1	16	139	95	96	.	20
204	9	Mi5b1	E5b1	335	335	1	16	139	95	96	.	20.05556
205	9	Sol5	G5	349	349	1	16	139	95	96	.	20.11111
206	9	Fa5#4	F5#4	344	344	1	4	556	95	96	.	20.33333
207	9	Fa5#4	F5#4	344	344	1	8	278	95	96	Be	20.44444
208	9	Fa5#4	F5#4	344	344	1	8	278	95	96	nim 	20.55556
209	9	Fa5#4	F5#4	344	344	1	8	278	95	96	de 	20.66667
210	9	Fa5#4	F5#4	344	344	1	4	556	95	96	sev	20.88889
211	9	Fa5#4	F5#4	344	344	1	8	278	99	96	di	21
212	9	Re5	D5	327	327	1	8	278	95	96		21.11111
213	9	Fa5#4	F5#4	344	344	1	8	278	99	96	ce	21.22222
214	9	Sol5	G5	349	349	1	8	278	95	96		21.33333
215	9	La5#3	A5#4	361	362	1	8	278	99	96	ðim 	21.44444
216	9	Si5b1	B5b1	366	366	1	8	278	99	96		21.55556
217	9	Do6	C6	371	371	1	8	278	95	96		21.66667
218	9	Do6	C6	371	371	1	16	139	99	96	Na	21.72222
219	9	Si5b1	B5b1	366	366	1	16	139	95	96		21.77778
220	9	Si5b1	B5b1	366	366	1	16	139	99	96	ci	21.83333
221	9	La5#3	A5#4	361	362	1	16	139	95	96		21.88889
222	9	La5#3	A5#4	361	362	1	16	139	99	96	yem 	21.94444
223	9	Sol5	G5	349	349	1	16	139	95	96		22
224	9	Sol5	G5	349	349	1	16	139	99	96	a	22.05556
225	11	Fa5#4	F5#4	344	344	1	16	139	95	96		22.11111
226	9	Fa5#4	F5#4	344	344	1	4	556	95	96	man 	22.33333
227	9	La5	A5	358	358	1	8	278	99	96	bu	22.44444
228	9	Sol5	G5	349	349	1	8	278	95	96		22.55556
229	9	Sol5	G5	349	349	1	16	139	99	96	ra	22.61111
230	9	Fa5#4	F5#4	344	344	1	16	139	95	96		22.66667
231	9	Fa5#4	F5#4	344	344	1	8	278	99	96	dan 	22.77778
232	9	Mi5#3	E5#4	339	340	1	8	278	99	96		22.88889
233	12	Sol5	G5	349	349	1	8	278	95	96		23
234	9	Sol5	G5	349	349	1	16	139	99	96	ý	23.05556
235	11	Fa5#4	F5#4	344	344	1	16	139	95	96		23.11111
236	9	Fa5#4	F5#4	344	344	1	4	556	95	96	rak 	23.33333
237	9	Re5	D5	327	327	1	8	278	50	96	SAZ	23.44444
238	9	Mi5b1	E5b1	335	335	1	8	278	50	96	.	23.55556
239	9	Fa5#4	F5#4	344	344	1	8	278	50	96	.	23.66667
240	12	Sol5	G5	349	349	1	8	278	95	96	.	23.77778
241	9	Sol5	G5	349	349	1	16	139	95	96	.	23.83333
242	9	Fa5#4	F5#4	344	344	1	16	139	95	96	.	23.88889
243	9	Fa5#4	F5#4	344	344	1	16	139	95	96	.	23.94444
244	9	Mi5#3	E5#4	339	340	1	16	139	95	96	.	24
245	9	Sol5	G5	349	349	1	16	139	95	96	.	24.05556
246	11	Fa5#4	F5#4	344	344	1	16	139	95	96	.	24.11111
247	9	Fa5#4	F5#4	344	344	1	4	556	95	96	.	24.33333
248	9	Sol5	G5	349	349	1	4	556	95	96	bu	24.55556
249	9	Sol5	G5	349	349	1	8	278	95	96	ra	24.66667
250	9	Fa5#4	F5#4	344	344	1	8	278	99	96	dan 	24.77778
251	9	Mi5#3	E5#4	339	340	1	8	278	99	96		24.88889
252	12	Sol5	G5	349	349	1	8	278	95	96		25
253	9	Sol5	G5	349	349	1	16	139	99	96	ý	25.05556
254	9	Fa5#4	F5#4	344	344	1	16	139	95	96		25.11111
255	9	Fa5#4	F5#4	344	344	1	4	556	95	96	rak  	25.33333
256	9	Re5	D5	327	327	1	8	278	50	96	SAZ	25.44444
257	9	Mi5b1	E5b1	335	335	1	8	278	50	96	.	25.55556
258	9	Fa5#4	F5#4	344	344	1	8	278	50	96	.	25.66667
259	12	Sol5	G5	349	349	1	8	278	95	96	.	25.77778
260	9	Sol5	G5	349	349	1	16	139	95	96	.	25.83333
261	9	Fa5#4	F5#4	344	344	1	16	139	95	96	.	25.88889
262	9	Fa5#4	F5#4	344	344	1	16	139	95	96	.	25.94444
263	9	Mi5#3	E5#4	339	340	1	16	139	95	96	.	26
264	9	Sol5	G5	349	349	1	16	139	95	96	.	26.05556
265	11	Fa5#4	F5#4	344	344	1	16	139	95	96	.	26.11111
266	9	Fa5#4	F5#4	344	344	1	4	556	95	96	.	26.33333
267	9	Sol5	G5	349	349	1	8	278	95	96	Göð	26.44444
268	9	Sol5	G5	349	349	1	8	278	95	96	sü 	26.55556
269	9	Sol5	G5	349	349	1	8	278	95	96	de 	26.66667
270	12	Sol5	G5	349	349	3	16	417	99	96	çap	26.83333
271	9	Fa5#4	F5#4	344	344	1	16	139	95	96		26.88889
272	9	Mi5b1	E5b1	335	335	1	8	278	99	96	raz 	27
273	9	Sol5	G5	349	349	1	8	278	95	96		27.11111
274	12	Fa5#4	F5#4	344	344	1	8	278	95	96	düð	27.22222
275	9	Fa5#4	F5#4	344	344	1	16	139	99	96	me	27.27778
276	9	Mi5b1	E5b1	335	335	1	16	139	95	96		27.33333
277	9	Re5	D5	327	327	1	8	278	99	96	li 	27.44444
278	9	Mi5b1	E5b1	335	335	1	8	278	99	96		27.55556
279	9	Fa5#4	F5#4	344	344	1	8	278	95	96		27.66667
280	12	Sol5	G5	349	349	1	8	278	95	96	Na	27.77778
281	9	Fa5#4	F5#4	344	344	1	16	139	99	96	ci	27.83333
282	9	Mi5b1	E5b1	335	335	1	16	139	95	96		27.88889
283	12	Re5	D5	327	327	1	8	278	95	96	yem 	28
284	9	Re5	D5	327	327	1	16	139	99	96	a	28.05556
285	9	Do5	C5	318	318	1	16	139	95	96		28.11111
286	9	Si4b1	B4b1	313	313	1	4	556	95	96	man 	28.33333
287	9	Mi5b1	E5b1	335	335	1	16	139	99	96	sen 	28.38889
288	9	Re5	D5	327	327	1	16	139	99	96		28.44444
289	9	Mi5b1	E5b1	335	335	1	8	278	95	96		28.55556
290	9	Fa5#4	F5#4	344	344	1	8	278	95	96	ki	28.66667
291	7	Re5	D5	327	327	3	16	417	99	96	me 	28.83333
292	9	Do5	C5	318	318	1	16	139	95	96		28.88889
293	9	Re5	D5	327	327	1	16	139	99	96	yan	28.94444
294	9	Do5	C5	318	318	1	16	139	99	96		29
295	9	Do5	C5	318	318	1	16	139	99	96		29.05556
296	11	Si4b1	B4b1	313	313	1	16	139	95	96		29.11111
297	9	Si4b1	B4b1	313	313	1	4	556	95	96	dýn  	29.33333
298	23	Si4b1	B4b1	313	313	1	8	278	95	96	SAZ	29.44444
299	23	Do5	C5	318	318	1	8	278	95	96	.	29.55556
300	23	Re5	D5	327	327	1	8	278	95	96	.	29.66667
301	23	Mi5b1	E5b1	335	335	1	8	278	95	96	.	29.77778
302	23	Fa5#4	F5#4	344	344	1	8	278	95	96	.	29.88889
303	9	Sol5	G5	349	349	1	16	139	95	96	.	29.94444
304	9	Fa5#4	F5#4	344	344	1	16	139	95	96	.	30
305	9	Mi5b1	E5b1	335	335	1	16	139	95	96	.	30.05556
306	9	Sol5	G5	349	349	1	16	139	95	96	.	30.11111
307	9	Fa5#4	F5#4	344	344	1	4	556	95	96	.	30.33333
308	9	Sol5	G5	349	349	1	4	556	95	96	Gur	30.55556
309	9	Sol5	G5	349	349	1	8	278	95	96	be	30.66667
310	12	Sol5	G5	349	349	3	16	417	99	96	te 	30.83333
311	9	Fa5#4	F5#4	344	344	1	16	139	95	96		30.88889
312	9	Mi5b1	E5b1	335	335	1	8	278	99	96	gi	31
313	9	Sol5	G5	349	349	1	8	278	95	96		31.11111
314	12	Fa5#4	F5#4	344	344	1	8	278	99	96	de	31.22222
315	9	Fa5#4	F5#4	344	344	1	16	139	99	96		31.27778
316	9	Mi5b1	E5b1	335	335	1	16	139	95	96		31.33333
317	9	Re5	D5	327	327	1	8	278	99	96	ni 	31.44444
318	9	Mi5b1	E5b1	335	335	1	8	278	99	96		31.55556
319	9	Fa5#4	F5#4	344	344	1	8	278	95	96		31.66667
320	12	Sol5	G5	349	349	1	8	278	95	96	gi	31.77778
321	9	Fa5#4	F5#4	344	344	1	16	139	99	96	de	31.83333
322	9	Mi5b1	E5b1	335	335	1	16	139	95	96		31.88889
323	12	Re5	D5	327	327	1	8	278	95	96	ni 	32
324	9	Re5	D5	327	327	1	16	139	99	96	a	32.05556
325	9	Do5	C5	318	318	1	16	139	95	96		32.11111
326	9	Si4b1	B4b1	313	313	1	4	556	95	96	man 	32.33333
327	9	Mi5b1	E5b1	335	335	1	16	139	99	96	dön	32.38889
328	9	Re5	D5	327	327	1	16	139	99	96		32.44444
329	9	Mi5b1	E5b1	335	335	1	8	278	95	96		32.55556
330	9	Fa5#4	F5#4	344	344	1	8	278	95	96	mez 	32.66667
331	7	Re5	D5	327	327	3	16	417	99	96	mi 	32.83333
332	9	Do5	C5	318	318	1	16	139	95	96		32.88889
333	9	Re5	D5	327	327	1	16	139	99	96	san	32.94444
334	9	Do5	C5	318	318	1	16	139	99	96		33
335	9	Do5	C5	318	318	1	16	139	99	96		33.05556
336	11	Si4b1	B4b1	313	313	1	16	139	95	96		33.11111
337	9	Si4b1	B4b1	313	313	1	2	1111	95	96	dýn  	33.55556
338	9			-1	-1	1	2	1111	100	0		34
339	9			-1	-1	1	8	278	100	0		34.11111
340	9	Sol5	G5	349	349	1	8	278	95	96	ARANAÐME	34.22222
341	9	Sol5	G5	349	349	1	8	278	95	96	.	34.33333
342	9	Sol5	G5	349	349	1	8	278	95	96	.	34.44444
343	12	Sol5	G5	349	349	3	16	417	95	96	.	34.61111
344	9	Fa5#4	F5#4	344	344	1	16	139	95	96	.	34.66667
345	9	Mi5b1	E5b1	335	335	1	8	278	95	96	.	34.77778
346	9	Sol5	G5	349	349	1	8	278	95	96	.	34.88889
347	12	Fa5#4	F5#4	344	344	1	8	278	95	96	.	35
348	9	Fa5#4	F5#4	344	344	1	16	139	95	96	.	35.05556
349	9	Mi5b1	E5b1	335	335	1	16	139	95	96	.	35.11111
350	23	Re5	D5	327	327	1	8	278	95	96	.	35.22222
351	23	Mi5b1	E5b1	335	335	1	8	278	95	96	.	35.33333
352	23	Fa5#4	F5#4	344	344	1	8	278	95	96	.	35.44444
353	12	Sol5	G5	349	349	1	8	278	95	96	.	35.55556
354	9	Fa5#4	F5#4	344	344	1	16	139	95	96	.	35.61111
355	9	Mi5b1	E5b1	335	335	1	16	139	95	96	.	35.66667
356	12	Re5	D5	327	327	1	8	278	95	96	.	35.77778
357	9	Re5	D5	327	327	1	16	139	95	96	.	35.83333
358	9	Do5	C5	318	318	1	16	139	95	96	.	35.88889
359	9	Si4b1	B4b1	313	313	1	4	556	95	96	.	36.11111
360	9	Mi5b1	E5b1	335	335	1	16	139	95	96	.	36.16667
361	9	Re5	D5	327	327	1	16	139	95	96	.	36.22222
362	9	Mi5b1	E5b1	335	335	1	8	278	95	96	.	36.33333
363	9	Fa5#4	F5#4	344	344	1	8	278	95	96	.	36.44444
364	9	Re5	D5	327	327	3	16	417	95	96	.	36.61111
365	9	Do5	C5	318	318	1	16	139	95	96	.	36.66667
366	9	Re5	D5	327	327	1	16	139	95	96	.	36.72222
367	9	Do5	C5	318	318	1	16	139	95	96	.	36.77778
368	9	Do5	C5	318	318	1	16	139	95	96	.	36.83333
369	11	Si4b1	B4b1	313	313	1	16	139	95	96	.	36.88889
370	9	Si4b1	B4b1	313	313	1	4	556	95	96	.	37.11111
371	9	Sol5	G5	349	349	1	8	278	95	96	ARANAÐME	37.22222
372	9	Sol5	G5	349	349	1	8	278	95	96	.	37.33333
373	9	Sol5	G5	349	349	1	8	278	95	96	.	37.44444
374	12	Sol5	G5	349	349	3	16	417	95	96	.	37.61111
375	9	Fa5#4	F5#4	344	344	1	16	139	95	96	.	37.66667
376	9	Mi5b1	E5b1	335	335	1	8	278	95	96	.	37.77778
377	9	Sol5	G5	349	349	1	8	278	95	96	.	37.88889
378	12	Fa5#4	F5#4	344	344	1	8	278	95	96	.	38
379	9	Fa5#4	F5#4	344	344	1	16	139	95	96	.	38.05556
380	9	Mi5b1	E5b1	335	335	1	16	139	95	96	.	38.11111
381	23	Re5	D5	327	327	1	8	278	95	96	.	38.22222
382	23	Mi5b1	E5b1	335	335	1	8	278	95	96	.	38.33333
383	23	Fa5#4	F5#4	344	344	1	8	278	95	96	.	38.44444
384	12	Sol5	G5	349	349	1	8	278	95	96	.	38.55556
385	9	Fa5#4	F5#4	344	344	1	16	139	95	96	.	38.61111
386	9	Mi5b1	E5b1	335	335	1	16	139	95	96	.	38.66667
387	12	Re5	D5	327	327	1	8	278	95	96	.	38.77778
388	9	Re5	D5	327	327	1	16	139	95	96	.	38.83333
389	9	Do5	C5	318	318	1	16	139	95	96	.	38.88889
390	9	Si4b1	B4b1	313	313	1	4	556	95	96	.	39.11111
391	9	Mi5b1	E5b1	335	335	1	16	139	95	96	.	39.16667
392	9	Re5	D5	327	327	1	16	139	95	96	.	39.22222
393	9	Mi5b1	E5b1	335	335	1	8	278	95	96	.	39.33333
394	9	Fa5#4	F5#4	344	344	1	8	278	95	96	.	39.44444
395	9	Re5	D5	327	327	3	16	417	95	96	.	39.61111
396	9	Do5	C5	318	318	1	16	139	95	96	.	39.66667
397	9	Re5	D5	327	327	1	16	139	95	96	.	39.72222
398	9	Do5	C5	318	318	1	16	139	95	96	.	39.77778
399	9	Do5	C5	318	318	1	16	139	95	96	.	39.83333
400	11	Si4b1	B4b1	313	313	1	16	139	95	96	.	39.88889
401	9	Si4b1	B4b1	313	313	1	4	556	95	96	.	40.11111
402	1	Re5	D5	327	327	1	4	556	95	96	.	40.33333
403	9	Fa5#4	F5#4	344	344	1	8	278	95	96	Sa	40.44444
404	9	Fa5#4	F5#4	344	344	1	8	278	95	96	na 	40.55556
405	9	Fa5#4	F5#4	344	344	1	8	278	95	96	da 	40.66667
406	9	Fa5#4	F5#4	344	344	1	4	556	95	96	yap	40.88889
407	9	Fa5#4	F5#4	344	344	1	8	278	99	96	tý	41
408	9	Re5	D5	327	327	1	8	278	95	96		41.11111
409	9	Fa5#4	F5#4	344	344	1	8	278	99	96	ra	41.22222
410	9	Sol5	G5	349	349	1	8	278	95	96		41.33333
411	9	La5#3	A5#4	361	362	1	8	278	99	96	yým 	41.44444
412	9	Si5b1	B5b1	366	366	1	8	278	99	96		41.55556
413	9	Do6	C6	371	371	1	8	278	95	96		41.66667
414	9	Do6	C6	371	371	1	16	139	99	96	Na	41.72222
415	9	Si5b1	B5b1	366	366	1	16	139	95	96		41.77778
416	9	Si5b1	B5b1	366	366	1	16	139	99	96	ci	41.83333
417	9	La5#3	A5#4	361	362	1	16	139	95	96		41.88889
418	9	La5#3	A5#4	361	362	1	16	139	99	96	yem 	41.94444
419	9	Sol5	G5	349	349	1	16	139	95	96		42
420	9	Sol5	G5	349	349	1	16	139	99	96	a	42.05556
421	11	Fa5#4	F5#4	344	344	1	16	139	95	96		42.11111
422	9	Fa5#4	F5#4	344	344	1	4	556	95	96	man 	42.33333
423	9	La5	A5	358	358	1	8	278	99	96	fil	42.44444
424	9	Sol5	G5	349	349	1	8	278	95	96		42.55556
425	9	Sol5	G5	349	349	1	16	139	99	96	di	42.61111
426	9	Fa5#4	F5#4	344	344	1	16	139	95	96		42.66667
427	9	Fa5#4	F5#4	344	344	1	8	278	99	96	þi 	42.77778
428	9	Mi5#3	E5#4	339	340	1	8	278	99	96		42.88889
429	12	Sol5	G5	349	349	1	8	278	95	96		43
430	9	Sol5	G5	349	349	1	16	139	99	96	ta	43.05556
431	11	Fa5#4	F5#4	344	344	1	16	139	95	96		43.11111
432	9	Fa5#4	F5#4	344	344	1	4	556	95	96	rak 	43.33333
433	9	Re5	D5	327	327	1	8	278	50	96	SAZ	43.44444
434	9	Mi5b1	E5b1	335	335	1	8	278	50	96	.	43.55556
435	9	Fa5#4	F5#4	344	344	1	8	278	50	96	.	43.66667
436	12	Sol5	G5	349	349	1	8	278	95	96	.	43.77778
437	9	Sol5	G5	349	349	1	16	139	95	96	.	43.83333
438	9	Fa5#4	F5#4	344	344	1	16	139	95	96	.	43.88889
439	9	Fa5#4	F5#4	344	344	1	16	139	95	96	.	43.94444
440	9	Mi5#3	E5#4	339	340	1	16	139	95	96	.	44
441	9	Sol5	G5	349	349	1	16	139	95	96	.	44.05556
442	11	Fa5#4	F5#4	344	344	1	16	139	95	96	.	44.11111
443	9	Fa5#4	F5#4	344	344	1	4	556	95	96	.	44.33333
444	9	Sol5	G5	349	349	1	4	556	95	96	fil	44.55556
445	9	Sol5	G5	349	349	1	8	278	95	96	di	44.66667
446	9	Fa5#4	F5#4	344	344	1	8	278	99	96	þi 	44.77778
447	9	Mi5#3	E5#4	339	340	1	8	278	99	96		44.88889
448	12	Sol5	G5	349	349	1	8	278	95	96		45
449	9	Sol5	G5	349	349	1	16	139	99	96	ta	45.05556
450	9	Fa5#4	F5#4	344	344	1	16	139	95	96		45.11111
451	9	Fa5#4	F5#4	344	344	1	4	556	95	96	rak  	45.33333
452	9	Re5	D5	327	327	1	8	278	50	96	SAZ	45.44444
453	9	Mi5b1	E5b1	335	335	1	8	278	50	96	.	45.55556
454	9	Fa5#4	F5#4	344	344	1	8	278	50	96	.	45.66667
455	12	Sol5	G5	349	349	1	8	278	95	96	.	45.77778
456	9	Sol5	G5	349	349	1	16	139	95	96	.	45.83333
457	9	Fa5#4	F5#4	344	344	1	16	139	95	96	.	45.88889
458	9	Fa5#4	F5#4	344	344	1	16	139	95	96	.	45.94444
459	9	Mi5#3	E5#4	339	340	1	16	139	95	96	.	46
460	9	Sol5	G5	349	349	1	16	139	95	96	.	46.05556
461	11	Fa5#4	F5#4	344	344	1	16	139	95	96	.	46.11111
462	9	Fa5#4	F5#4	344	344	1	4	556	95	96	.	46.33333
463	9	Sol5	G5	349	349	1	8	278	95	96	Ta	46.44444
464	9	Sol5	G5	349	349	1	8	278	95	96	ra 	46.55556
465	9	Sol5	G5	349	349	1	8	278	95	96	da 	46.66667
466	12	Sol5	G5	349	349	3	16	417	99	96	kâ	46.83333
467	9	Fa5#4	F5#4	344	344	1	16	139	95	96		46.88889
468	9	Mi5b1	E5b1	335	335	1	8	278	99	96	kül	47
469	9	Sol5	G5	349	349	1	8	278	95	96		47.11111
470	12	Fa5#4	F5#4	344	344	1	8	278	95	96	le	47.22222
471	9	Fa5#4	F5#4	344	344	1	16	139	99	96	ri	47.27778
472	9	Mi5b1	E5b1	335	335	1	16	139	95	96		47.33333
473	9	Re5	D5	327	327	1	8	278	99	96	ni 	47.44444
474	9	Mi5b1	E5b1	335	335	1	8	278	99	96		47.55556
475	9	Fa5#4	F5#4	344	344	1	8	278	95	96		47.66667
476	12	Sol5	G5	349	349	1	8	278	95	96	Na	47.77778
477	9	Fa5#4	F5#4	344	344	1	16	139	99	96	ci	47.83333
478	9	Mi5b1	E5b1	335	335	1	16	139	95	96		47.88889
479	12	Re5	D5	327	327	1	8	278	95	96	yem 	48
480	9	Re5	D5	327	327	1	16	139	99	96	a	48.05556
481	9	Do5	C5	318	318	1	16	139	95	96		48.11111
482	9	Si4b1	B4b1	313	313	1	4	556	95	96	man 	48.33333
483	9	Mi5b1	E5b1	335	335	1	16	139	99	96	bir 	48.38889
484	9	Re5	D5	327	327	1	16	139	99	96		48.44444
485	9	Mi5b1	E5b1	335	335	1	8	278	95	96		48.55556
486	9	Fa5#4	F5#4	344	344	1	8	278	95	96	ya	48.66667
487	7	Re5	D5	327	327	3	16	417	99	96	na 	48.83333
488	9	Do5	C5	318	318	1	16	139	95	96		48.88889
489	9	Re5	D5	327	327	1	16	139	99	96	bý	48.94444
490	9	Do5	C5	318	318	1	16	139	99	96		49
491	9	Do5	C5	318	318	1	16	139	99	96		49.05556
492	11	Si4b1	B4b1	313	313	1	16	139	95	96		49.11111
493	9	Si4b1	B4b1	313	313	1	4	556	95	96	rak  	49.33333
494	23	Si4b1	B4b1	313	313	1	8	278	95	96	SAZ	49.44444
495	23	Do5	C5	318	318	1	8	278	95	96	.	49.55556
496	23	Re5	D5	327	327	1	8	278	95	96	.	49.66667
497	23	Mi5b1	E5b1	335	335	1	8	278	95	96	.	49.77778
498	23	Fa5#4	F5#4	344	344	1	8	278	95	96	.	49.88889
499	9	Sol5	G5	349	349	1	16	139	95	96	.	49.94444
500	9	Fa5#4	F5#4	344	344	1	16	139	95	96	.	50
501	9	Mi5b1	E5b1	335	335	1	16	139	95	96	.	50.05556
502	9	Sol5	G5	349	349	1	16	139	95	96	.	50.11111
503	9	Fa5#4	F5#4	344	344	1	4	556	95	96	.	50.33333
504	9	Sol5	G5	349	349	1	8	278	95	96	Ta	50.44444
505	9	Sol5	G5	349	349	1	8	278	95	96	ra 	50.55556
506	9	Sol5	G5	349	349	1	8	278	95	96	da 	50.66667
507	12	Sol5	G5	349	349	3	16	417	99	96	kâ	50.83333
508	9	Fa5#4	F5#4	344	344	1	16	139	95	96		50.88889
509	9	Mi5b1	E5b1	335	335	1	8	278	99	96	kül	51
510	9	Sol5	G5	349	349	1	8	278	95	96		51.11111
511	12	Fa5#4	F5#4	344	344	1	8	278	95	96	le	51.22222
512	9	Fa5#4	F5#4	344	344	1	16	139	99	96	ri	51.27778
513	9	Mi5b1	E5b1	335	335	1	16	139	95	96		51.33333
514	9	Re5	D5	327	327	1	8	278	99	96	ni 	51.44444
515	9	Mi5b1	E5b1	335	335	1	8	278	99	96		51.55556
516	9	Fa5#4	F5#4	344	344	1	8	278	95	96		51.66667
517	12	Sol5	G5	349	349	1	8	278	95	96	Na	51.77778
518	9	Fa5#4	F5#4	344	344	1	16	139	99	96	ci	51.83333
519	9	Mi5b1	E5b1	335	335	1	16	139	95	96		51.88889
520	12	Re5	D5	327	327	1	8	278	95	96	yem 	52
521	9	Re5	D5	327	327	1	16	139	99	96	a	52.05556
522	9	Do5	C5	318	318	1	16	139	95	96		52.11111
523	9	Si4b1	B4b1	313	313	1	4	556	95	96	man 	52.33333
524	9	Mi5b1	E5b1	335	335	1	16	139	99	96	bir 	52.38889
525	9	Re5	D5	327	327	1	16	139	99	96		52.44444
526	9	Mi5b1	E5b1	335	335	1	8	278	95	96		52.55556
527	9	Fa5#4	F5#4	344	344	1	8	278	95	96	ya	52.66667
528	7	Re5	D5	327	327	3	16	417	99	96	na 	52.83333
529	9	Do5	C5	318	318	1	16	139	95	96		52.88889
530	9	Re5	D5	327	327	1	16	139	99	96	bý	52.94444
531	9	Do5	C5	318	318	1	16	139	99	96		53
532	9	Do5	C5	318	318	1	16	139	99	96		53.05556
533	11	Si4b1	B4b1	313	313	1	16	139	95	96		53.11111
534	9	Si4b1	B4b1	313	313	1	4	556	95	96	rak  	53.33333
535	23	Si4b1	B4b1	313	313	1	8	278	95	96	SAZ	53.44444
536	23	Do5	C5	318	318	1	8	278	95	96	.	53.55556
537	23	Re5	D5	327	327	1	8	278	95	96	.	53.66667
538	23	Mi5b1	E5b1	335	335	1	8	278	95	96	.	53.77778
539	23	Fa5#4	F5#4	344	344	1	8	278	95	96	.	53.88889
540	9	Sol5	G5	349	349	1	16	139	95	96	.	53.94444
541	9	Fa5#4	F5#4	344	344	1	16	139	95	96	.	54
542	9	Mi5b1	E5b1	335	335	1	16	139	95	96	.	54.05556
543	9	Sol5	G5	349	349	1	16	139	95	96	.	54.11111
544	9	Fa5#4	F5#4	344	344	1	4	556	95	96	.	54.33333
545	9	Fa5#4	F5#4	344	344	1	8	278	95	96	Be	54.44444
546	9	Fa5#4	F5#4	344	344	1	8	278	95	96	nim 	54.55556
547	9	Fa5#4	F5#4	344	344	1	8	278	95	96	de 	54.66667
548	9	Fa5#4	F5#4	344	344	1	4	556	95	96	sev	54.88889
549	9	Fa5#4	F5#4	344	344	1	8	278	99	96	di	55
550	9	Re5	D5	327	327	1	8	278	95	96		55.11111
551	9	Fa5#4	F5#4	344	344	1	8	278	99	96	ce	55.22222
552	9	Sol5	G5	349	349	1	8	278	95	96		55.33333
553	9	La5#3	A5#4	361	362	1	8	278	99	96	ðim 	55.44444
554	9	Si5b1	B5b1	366	366	1	8	278	99	96		55.55556
555	9	Do6	C6	371	371	1	8	278	95	96		55.66667
556	9	Do6	C6	371	371	1	16	139	99	96	Na	55.72222
557	9	Si5b1	B5b1	366	366	1	16	139	95	96		55.77778
558	9	Si5b1	B5b1	366	366	1	16	139	99	96	ci	55.83333
559	9	La5#3	A5#4	361	362	1	16	139	95	96		55.88889
560	9	La5#3	A5#4	361	362	1	16	139	99	96	yem 	55.94444
561	9	Sol5	G5	349	349	1	16	139	95	96		56
562	9	Sol5	G5	349	349	1	16	139	99	96	a	56.05556
563	11	Fa5#4	F5#4	344	344	1	16	139	95	96		56.11111
564	9	Fa5#4	F5#4	344	344	1	4	556	95	96	man 	56.33333
565	9	La5	A5	358	358	1	8	278	99	96	bu	56.44444
566	9	Sol5	G5	349	349	1	8	278	95	96		56.55556
567	9	Sol5	G5	349	349	1	16	139	99	96	ra	56.61111
568	9	Fa5#4	F5#4	344	344	1	16	139	95	96		56.66667
569	9	Fa5#4	F5#4	344	344	1	8	278	99	96	dan 	56.77778
570	9	Mi5#3	E5#4	339	340	1	8	278	99	96		56.88889
571	12	Sol5	G5	349	349	1	8	278	95	96		57
572	9	Sol5	G5	349	349	1	16	139	99	96	ý	57.05556
573	11	Fa5#4	F5#4	344	344	1	16	139	95	96		57.11111
574	9	Fa5#4	F5#4	344	344	1	4	556	95	96	rak 	57.33333
575	9	Re5	D5	327	327	1	8	278	50	96	SAZ	57.44444
576	9	Mi5b1	E5b1	335	335	1	8	278	50	96	.	57.55556
577	9	Fa5#4	F5#4	344	344	1	8	278	50	96	.	57.66667
578	12	Sol5	G5	349	349	1	8	278	95	96	.	57.77778
579	9	Sol5	G5	349	349	1	16	139	95	96	.	57.83333
580	9	Fa5#4	F5#4	344	344	1	16	139	95	96	.	57.88889
581	9	Fa5#4	F5#4	344	344	1	16	139	95	96	.	57.94444
582	9	Mi5#3	E5#4	339	340	1	16	139	95	96	.	58
583	9	Sol5	G5	349	349	1	16	139	95	96	.	58.05556
584	11	Fa5#4	F5#4	344	344	1	16	139	95	96	.	58.11111
585	9	Fa5#4	F5#4	344	344	1	4	556	95	96	.	58.33333
586	9	Sol5	G5	349	349	1	4	556	95	96	bu	58.55556
587	9	Sol5	G5	349	349	1	8	278	95	96	ra	58.66667
588	9	Fa5#4	F5#4	344	344	1	8	278	99	96	dan 	58.77778
589	9	Mi5#3	E5#4	339	340	1	8	278	99	96		58.88889
590	12	Sol5	G5	349	349	1	8	278	95	96		59
591	9	Sol5	G5	349	349	1	16	139	99	96	ý	59.05556
592	9	Fa5#4	F5#4	344	344	1	16	139	95	96		59.11111
593	9	Fa5#4	F5#4	344	344	1	4	556	95	96	rak  	59.33333
594	9	Re5	D5	327	327	1	8	278	50	96	SAZ	59.44444
595	9	Mi5b1	E5b1	335	335	1	8	278	50	96	.	59.55556
596	9	Fa5#4	F5#4	344	344	1	8	278	50	96	.	59.66667
597	12	Sol5	G5	349	349	1	8	278	95	96	.	59.77778
598	9	Sol5	G5	349	349	1	16	139	95	96	.	59.83333
599	9	Fa5#4	F5#4	344	344	1	16	139	95	96	.	59.88889
600	9	Fa5#4	F5#4	344	344	1	16	139	95	96	.	59.94444
601	9	Mi5#3	E5#4	339	340	1	16	139	95	96	.	60
602	9	Sol5	G5	349	349	1	16	139	95	96	.	60.05556
603	11	Fa5#4	F5#4	344	344	1	16	139	95	96	.	60.11111
604	9	Fa5#4	F5#4	344	344	1	4	556	95	96	.	60.33333
605	9	Sol5	G5	349	349	1	8	278	95	96	Göð	60.44444
606	9	Sol5	G5	349	349	1	8	278	95	96	sü 	60.55556
607	9	Sol5	G5	349	349	1	8	278	95	96	de 	60.66667
608	12	Sol5	G5	349	349	3	16	417	99	96	çap	60.83333
609	9	Fa5#4	F5#4	344	344	1	16	139	95	96		60.88889
610	9	Mi5b1	E5b1	335	335	1	8	278	99	96	raz 	61
611	9	Sol5	G5	349	349	1	8	278	95	96		61.11111
612	12	Fa5#4	F5#4	344	344	1	8	278	95	96	düð	61.22222
613	9	Fa5#4	F5#4	344	344	1	16	139	99	96	me	61.27778
614	9	Mi5b1	E5b1	335	335	1	16	139	95	96		61.33333
615	9	Re5	D5	327	327	1	8	278	99	96	li 	61.44444
616	9	Mi5b1	E5b1	335	335	1	8	278	99	96		61.55556
617	9	Fa5#4	F5#4	344	344	1	8	278	95	96		61.66667
618	12	Sol5	G5	349	349	1	8	278	95	96	Na	61.77778
619	9	Fa5#4	F5#4	344	344	1	16	139	99	96	ci	61.83333
620	9	Mi5b1	E5b1	335	335	1	16	139	95	96		61.88889
621	12	Re5	D5	327	327	1	8	278	95	96	yem 	62
622	9	Re5	D5	327	327	1	16	139	99	96	a	62.05556
623	9	Do5	C5	318	318	1	16	139	95	96		62.11111
624	9	Si4b1	B4b1	313	313	1	4	556	95	96	man 	62.33333
625	9	Mi5b1	E5b1	335	335	1	16	139	99	96	sen 	62.38889
626	9	Re5	D5	327	327	1	16	139	99	96		62.44444
627	9	Mi5b1	E5b1	335	335	1	8	278	95	96		62.55556
628	9	Fa5#4	F5#4	344	344	1	8	278	95	96	ki	62.66667
629	7	Re5	D5	327	327	3	16	417	99	96	me 	62.83333
630	9	Do5	C5	318	318	1	16	139	95	96		62.88889
631	9	Re5	D5	327	327	1	16	139	99	96	yan	62.94444
632	9	Do5	C5	318	318	1	16	139	99	96		63
633	9	Do5	C5	318	318	1	16	139	99	96		63.05556
634	11	Si4b1	B4b1	313	313	1	16	139	95	96		63.11111
635	9	Si4b1	B4b1	313	313	1	4	556	95	96	dýn  	63.33333
636	23	Si4b1	B4b1	313	313	1	8	278	95	96	SAZ	63.44444
637	23	Do5	C5	318	318	1	8	278	95	96	.	63.55556
638	23	Re5	D5	327	327	1	8	278	95	96	.	63.66667
639	23	Mi5b1	E5b1	335	335	1	8	278	95	96	.	63.77778
640	23	Fa5#4	F5#4	344	344	1	8	278	95	96	.	63.88889
641	9	Sol5	G5	349	349	1	16	139	95	96	.	63.94444
642	9	Fa5#4	F5#4	344	344	1	16	139	95	96	.	64
643	9	Mi5b1	E5b1	335	335	1	16	139	95	96	.	64.05556
644	9	Sol5	G5	349	349	1	16	139	95	96	.	64.11111
645	9	Fa5#4	F5#4	344	344	1	4	556	95	96	.	64.33334
646	9	Sol5	G5	349	349	1	4	556	95	96	Gur	64.55556
647	9	Sol5	G5	349	349	1	8	278	95	96	be	64.66666
648	12	Sol5	G5	349	349	3	16	417	99	96	te 	64.83334
649	9	Fa5#4	F5#4	344	344	1	16	139	95	96		64.88889
650	9	Mi5b1	E5b1	335	335	1	8	278	99	96	gi	65
651	9	Sol5	G5	349	349	1	8	278	95	96		65.11111
652	12	Fa5#4	F5#4	344	344	1	8	278	99	96	de	65.22222
653	9	Fa5#4	F5#4	344	344	1	16	139	99	96		65.27778
654	9	Mi5b1	E5b1	335	335	1	16	139	95	96		65.33334
655	9	Re5	D5	327	327	1	8	278	99	96	ni 	65.44444
656	9	Mi5b1	E5b1	335	335	1	8	278	99	96		65.55556
657	9	Fa5#4	F5#4	344	344	1	8	278	95	96		65.66666
658	12	Sol5	G5	349	349	1	8	278	95	96	gi	65.77778
659	9	Fa5#4	F5#4	344	344	1	16	139	99	96	de	65.83334
660	9	Mi5b1	E5b1	335	335	1	16	139	95	96		65.88889
661	12	Re5	D5	327	327	1	8	278	95	96	ni 	66
662	9	Re5	D5	327	327	1	16	139	99	96	a	66.05556
663	9	Do5	C5	318	318	1	16	139	95	96		66.11111
664	9	Si4b1	B4b1	313	313	1	4	556	95	96	man 	66.33334
665	9	Mi5b1	E5b1	335	335	1	16	139	99	96	dön	66.38889
666	9	Re5	D5	327	327	1	16	139	99	96		66.44444
667	9	Mi5b1	E5b1	335	335	1	8	278	95	96		66.55556
668	9	Fa5#4	F5#4	344	344	1	8	278	95	96	mez 	66.66666
669	7	Re5	D5	327	327	3	16	417	99	96	mi 	66.83334
670	9	Do5	C5	318	318	1	16	139	95	96		66.88889
671	9	Re5	D5	327	327	1	16	139	99	96	san	66.94444
672	9	Do5	C5	318	318	1	16	139	99	96		67
673	9	Do5	C5	318	318	1	16	139	99	96		67.05556
674	11	Si4b1	B4b1	313	313	1	16	139	95	96		67.11111
675	9	Si4b1	B4b1	313	313	1	2	1111	95	96	dýn  	67.55556
676	9			-1	-1	1	2	1111	100	0		68
677	9			-1	-1	1	8	278	100	0		68.11111
