Sira	Kod	Nota53	NotaAE	Koma53	KomaAE	Pay	Payda	Ms	LNS	Bas	Soz1	Offset
1	1	La5	A5	358	358	1	2	1600	95	96		0.2222222
2	9			-1	-1	1	8	400	100	0		0.2777778
3	9	Sol5#4	G5#4	353	353	1	4	800	95	96	Sa	0.3888889
4	9	La5	A5	358	358	1	8	400	95	96	ki	0.4444444
5	9	La5	A5	358	358	1	2	1600	95	96	ya 	0.6666667
6	9	Si5	B5	367	367	1	4	800	99	96	mey 	0.7777778
7	9	La5	A5	358	358	1	4	800	99	96		0.8888889
8	9	Sol5#4	G5#4	353	353	1	4	800	99	96		1
9	9	La5	A5	358	358	3	16	600	99	96		1.083333
10	9	Sol5#4	G5#4	353	353	1	16	200	99	96		1.111111
11	9	Fa5	F5	340	340	1	8	400	99	96		1.166667
12	9	Mi5	E5	336	336	1	8	400	95	96		1.222222
13	9			-1	-1	1	8	400	100	0		1.277778
14	9	Mi5	E5	336	336	1	4	800	95	96	sun 	1.388889
15	9	Fa5	F5	340	340	1	8	400	95	96	ki 	1.444444
16	9	La5	A5	358	358	1	8	400	99	96	bir 	1.5
17	9	Sol5#4	G5#4	353	353	1	8	400	99	96		1.555556
18	9	Fa5	F5	340	340	1	8	400	99	96		1.611111
19	9	Mi5	E5	336	336	1	8	400	95	96		1.666667
20	9	Mi5	E5	336	336	1	8	400	99	96	gün 	1.722222
21	9	Fa5	F5	340	340	1	8	400	99	96		1.777778
22	9	Mi5	E5	336	336	1	8	400	99	96		1.833333
23	9	Re5	D5	327	327	1	8	400	99	96		1.888889
24	9	Do5#4	C5#4	322	322	1	8	400	99	96		1.944444
25	9	Mi5	E5	336	336	1	16	200	99	96		1.972222
26	9	Re5	D5	327	327	1	16	200	99	96		2
27	9	Re5	D5	327	327	1	4	800	99	96		2.111111
28	9	Mi5	E5	336	336	1	8	400	99	96		2.166667
29	8	Sol5#4	G5#4	353	353	0	0	0	99	96		2.166667
30	9	Fa5	F5	340	340	1	8	400	95	96		2.222222
31	9			-1	-1	1	8	400	100	0		2.277778
32	9	Fa5	F5	340	340	1	8	400	99	96	la	2.333333
33	9	Mi5	E5	336	336	1	8	400	95	96		2.388889
34	9	Sol5#4	G5#4	353	353	1	8	400	95	96	le	2.444444
35	9	Sol5#4	G5#4	353	353	1	16	200	99	96	zar 	2.472222
36	9	Fa5	F5	340	340	1	8	400	99	96		2.527778
37	9	Mi5	E5	336	336	1	16	200	99	96		2.555556
38	9	Fa5	F5	340	340	1	4	800	95	96		2.666667
39	9	Mi5	E5	336	336	3	32	300	99	96	el	2.708333
40	9	Re5#4	D5#4	331	331	1	32	100	99	96		2.722222
41	9	Mi5	E5	336	336	1	8	400	99	96		2.777778
42	9	Fa5	F5	340	340	3	32	300	99	96		2.819444
43	9	Mi5	E5	336	336	1	32	100	99	96		2.833333
44	9	Fa5	F5	340	340	1	8	400	99	96		2.888889
45	9	Sol5#4	G5#4	353	353	1	4	800	95	96		3
46	9	La5	A5	358	358	1	4	800	95	96		3.111111
47	9	Sol5#4	G5#4	353	353	1	8	400	95	96		3.166667
48	9	Fa5	F5	340	340	1	8	400	95	96		3.222222
49	9	Mi5	E5	336	336	1	8	400	95	96		3.277778
50	9	La5	A5	358	358	1	4	800	99	96	den 	3.388889
51	9	Si5	B5	367	367	1	8	400	99	96		3.444444
52	9	Do6	C6	371	371	1	8	400	99	96		3.5
53	9	La5	A5	358	358	1	4	800	95	96		3.611111
54	9	Sol5#4	G5#4	353	353	1	8	400	95	96	gi	3.666667
55	9	La5	A5	358	358	3	8	1200	95	96	der  	3.833333
56	9	Si5	B5	367	367	1	16	200	95	96	SAZ 	3.861111
57	9	Do6	C6	371	371	1	16	200	95	96	.	3.888889
58	9	Si5	B5	367	367	1	16	200	95	96	.	3.916667
59	9	La5	A5	358	358	1	16	200	95	96	.	3.944444
60	9	La5	A5	358	358	1	16	200	95	96	.	3.972222
61	9	Sol5#4	G5#4	353	353	1	16	200	95	96	.	4
62	52			0	0	1	4	0	75	0		4.111111
63	1	La5	A5	358	358	1	2	1600	95	96		4.333333
64	9			-1	-1	1	8	400	100	0		4.388889
65	9	Sol5#4	G5#4	353	353	1	4	800	95	96	Sa	4.5
66	9	La5	A5	358	358	1	8	400	95	96	ki	4.555555
67	9	La5	A5	358	358	1	2	1600	95	96	ya 	4.777778
68	9	Si5	B5	367	367	1	4	800	99	96	mey 	4.888889
69	9	La5	A5	358	358	1	4	800	99	96		5
70	9	Sol5#4	G5#4	353	353	1	4	800	99	96		5.111111
71	9	La5	A5	358	358	3	16	600	99	96		5.194445
72	9	Sol5#4	G5#4	353	353	1	16	200	99	96		5.222222
73	9	Fa5	F5	340	340	1	8	400	99	96		5.277778
74	9	Mi5	E5	336	336	1	8	400	95	96		5.333333
75	9			-1	-1	1	8	400	100	0		5.388889
76	9	Mi5	E5	336	336	1	4	800	95	96	sun 	5.5
77	9	Fa5	F5	340	340	1	8	400	95	96	ki 	5.555555
78	9	La5	A5	358	358	1	8	400	99	96	bir 	5.611111
79	9	Sol5#4	G5#4	353	353	1	8	400	99	96		5.666667
80	9	Fa5	F5	340	340	1	8	400	99	96		5.722222
81	9	Mi5	E5	336	336	1	8	400	95	96		5.777778
82	9	Mi5	E5	336	336	1	8	400	99	96	gün 	5.833333
83	9	Fa5	F5	340	340	1	8	400	99	96		5.888889
84	9	Mi5	E5	336	336	1	8	400	99	96		5.944445
85	9	Re5	D5	327	327	1	8	400	99	96		6
86	9	Do5#4	C5#4	322	322	1	8	400	99	96		6.055555
87	9	Mi5	E5	336	336	1	16	200	99	96		6.083333
88	9	Re5	D5	327	327	1	16	200	99	96		6.111111
89	9	Re5	D5	327	327	1	4	800	99	96		6.222222
90	9	Mi5	E5	336	336	1	8	400	99	96		6.277778
91	8	Sol5#4	G5#4	353	353	0	0	0	99	96		6.277778
92	9	Fa5	F5	340	340	1	8	400	95	96		6.333333
93	9			-1	-1	1	8	400	100	0		6.388889
94	9	Fa5	F5	340	340	1	8	400	99	96	la	6.444445
95	9	Mi5	E5	336	336	1	8	400	95	96		6.5
96	9	Sol5#4	G5#4	353	353	1	8	400	95	96	le	6.555555
97	9	Sol5#4	G5#4	353	353	1	16	200	99	96	zar 	6.583333
98	9	Fa5	F5	340	340	1	8	400	99	96		6.638889
99	9	Mi5	E5	336	336	1	16	200	99	96		6.666667
100	9	Fa5	F5	340	340	1	4	800	95	96		6.777778
101	9	Mi5	E5	336	336	3	32	300	99	96	el	6.819445
102	9	Re5#4	D5#4	331	331	1	32	100	99	96		6.833333
103	9	Mi5	E5	336	336	1	8	400	99	96		6.888889
104	9	Fa5	F5	340	340	3	32	300	99	96		6.930555
105	9	Mi5	E5	336	336	1	32	100	99	96		6.944445
106	9	Fa5	F5	340	340	1	8	400	99	96		7
107	9	Sol5#4	G5#4	353	353	1	4	800	95	96		7.111111
108	9	La5	A5	358	358	1	4	800	95	96		7.222222
109	9	Sol5#4	G5#4	353	353	1	8	400	95	96		7.277778
110	9	Fa5	F5	340	340	1	8	400	95	96		7.333333
111	9	Mi5	E5	336	336	1	8	400	95	96		7.388889
112	9	La5	A5	358	358	1	4	800	99	96	den 	7.5
113	9	Si5	B5	367	367	1	8	400	99	96		7.555555
114	9	Do6	C6	371	371	1	8	400	99	96		7.611111
115	9	La5	A5	358	358	1	4	800	95	96		7.722222
116	9	Sol5#4	G5#4	353	353	1	8	400	95	96	gi	7.777778
117	9	La5	A5	358	358	3	8	1200	95	96	der  	7.944445
118	9	Mi5	E5	336	336	1	8	400	95	96	SAZ 	8
119	9	Fa5	F5	340	340	1	8	400	95	96	.	8.055555
120	9	Sol5#4	G5#4	353	353	1	8	400	95	96	.	8.111111
121	9	La5	A5	358	358	1	2	1600	95	96	.	8.333333
122	9			-1	-1	1	4	800	100	0		8.444445
123	9	La5	A5	358	358	1	8	400	95	96	E	8.5
124	9	La5	A5	358	358	1	16	200	99	96	ri	8.527778
125	9	Sol5	G5	349	349	1	16	200	95	96		8.555555
126	9	Sol5	G5	349	349	1	4	800	99	96	þir 	8.666667
127	9	Fa5#4	F5#4	344	344	3	32	300	99	96		8.708333
128	9	Mi5#4	E5#4	340	340	1	32	100	99	96		8.722222
129	9	Fa5#4	F5#4	344	344	1	8	400	95	96		8.777778
130	9	Sol5	G5	349	349	1	8	400	99	96	fasl_	8.833333
131	9	Fa5#4	F5#4	344	344	1	8	400	99	96		8.888889
132	9	La5	A5	358	358	1	8	400	99	96		8.944445
133	9	Fa5	F5	340	340	1	8	400	99	96		9
134	9	Fa5	F5	340	340	1	16	200	99	96		9.027778
135	9	Mi5	E5	336	336	1	16	200	99	96		9.055555
136	9	Sol5	G5	349	349	1	16	200	99	96		9.083333
137	9	Mi5	E5	336	336	1	16	200	99	96		9.111111
138	9	Mi5	E5	336	336	1	4	800	99	96		9.222222
139	9	Mi5	E5	336	336	1	16	200	99	96		9.25
140	9	Fa5	F5	340	340	1	16	200	99	96		9.277778
141	9	Mi5	E5	336	336	1	16	200	99	96		9.305555
142	9	Re5	D5	327	327	1	16	200	99	96		9.333333
143	9	Re5	D5	327	327	1	4	800	95	96		9.444445
144	9	Mi5	E5	336	336	1	8	400	95	96	ý 	9.5
145	9	Fa5	F5	340	340	1	8	400	95	96	ha	9.555555
146	9	Re5	D5	327	327	1	8	400	99	96	zan 	9.611111
147	9	Fa5	F5	340	340	1	8	400	99	96		9.666667
148	9	Mi5	E5	336	336	1	8	400	99	96		9.722222
149	9	Re5	D5	327	327	1	8	400	95	96		9.777778
150	9	Mi5	E5	336	336	1	24	133	99	96	ba	9.796296
151	9	Re5	D5	327	327	1	24	133	99	96		9.814815
152	9	Do5#4	C5#4	322	322	1	24	133	99	96		9.833333
153	9	Do5#4	C5#4	322	322	1	8	400	99	96		9.888889
154	9	Do5#4	C5#4	322	322	1	4	800	99	96		10
155	9	Do5#4	C5#4	322	322	1	16	200	99	96		10.02778
156	9	Si4b4	B4b4	310	310	1	16	200	99	96		10.05556
157	9	Do5#4	C5#4	322	322	1	16	200	99	96		10.08333
158	9	Re5	D5	327	327	1	16	200	99	96		10.11111
159	9	Mi5	E5	336	336	1	2	1600	99	96		10.33333
160	9	Mi5	E5	336	336	3	16	600	99	96		10.41667
161	9	Re5	D5	327	327	1	16	200	95	96		10.44444
162	9	Re5	D5	327	327	1	8	400	95	96	ðu 	10.5
163	9	La5	A5	358	358	1	8	400	95	96	ba	10.55556
164	9	La5	A5	358	358	1	4	800	99	96	har 	10.66667
165	9	Sol5	G5	349	349	1	8	400	99	96		10.72222
166	9	Fa5#4	F5#4	344	344	1	8	400	95	96		10.77778
167	9	Fa5#4	F5#4	344	344	1	8	400	99	96	el	10.83333
168	9	La5	A5	358	358	1	8	400	99	96		10.88889
169	9	Fa5	F5	340	340	1	8	400	99	96		10.94444
170	9	Mi5	E5	336	336	1	8	400	99	96		11
171	9	Mi5	E5	336	336	1	8	400	99	96		11.05556
172	9	Sol5	G5	349	349	1	8	400	95	96		11.11111
173	9	Mi5	E5	336	336	1	8	400	95	96		11.16667
174	9	Re5	D5	327	327	1	8	400	95	96		11.22222
175	9	Do5	C5	318	318	3	8	1200	95	96		11.38889
176	9	Mi5	E5	336	336	1	4	800	99	96	den 	11.5
177	9	Do5	C5	318	318	1	8	400	99	96		11.55556
178	9	Si4b4	B4b4	310	310	3	16	600	99	96		11.63889
179	9	La4	A4	305	305	1	16	200	99	96		11.66667
180	9	Sol4	G4	296	296	1	8	400	95	96		11.72222
181	9	Si4b4	B4b4	310	310	1	16	200	99	96	gi	11.75
182	9	La4	A4	305	305	1	16	200	95	96		11.77778
183	9	La4	A4	305	305	1	2	1600	95	96	der  	12
184	9	Re5	D5	327	327	1	16	200	95	96	SAZ 	12.02778
185	9	Mi5	E5	336	336	1	16	200	95	96	.	12.05556
186	9	Fa5#4	F5#4	344	344	1	16	200	95	96	.	12.08333
187	9	Sol5	G5	349	349	1	16	200	95	96	.	12.11111
188	9	La5	A5	358	358	1	2	1600	95	96	.	12.33333
189	9			-1	-1	1	4	800	100	0		12.44444
190	9	La5	A5	358	358	1	8	400	95	96	E	12.5
191	9	La5	A5	358	358	1	16	200	99	96	ri	12.52778
192	9	Sol5	G5	349	349	1	16	200	95	96		12.55556
193	9	Sol5	G5	349	349	1	4	800	99	96	þir 	12.66667
194	9	Fa5#4	F5#4	344	344	3	32	300	99	96		12.70833
195	9	Mi5#4	E5#4	340	340	1	32	100	99	96		12.72222
196	9	Fa5#4	F5#4	344	344	1	8	400	95	96		12.77778
197	9	Sol5	G5	349	349	1	8	400	99	96	fasl_	12.83333
198	9	Fa5#4	F5#4	344	344	1	8	400	99	96		12.88889
199	9	La5	A5	358	358	1	8	400	99	96		12.94444
200	9	Fa5	F5	340	340	1	8	400	99	96		13
201	9	Fa5	F5	340	340	1	16	200	99	96		13.02778
202	9	Mi5	E5	336	336	1	16	200	99	96		13.05556
203	9	Sol5	G5	349	349	1	16	200	99	96		13.08333
204	9	Mi5	E5	336	336	1	16	200	99	96		13.11111
205	9	Mi5	E5	336	336	1	4	800	99	96		13.22222
206	9	Mi5	E5	336	336	1	16	200	99	96		13.25
207	9	Fa5	F5	340	340	1	16	200	99	96		13.27778
208	9	Mi5	E5	336	336	1	16	200	99	96		13.30556
209	9	Re5	D5	327	327	1	16	200	99	96		13.33333
210	9	Re5	D5	327	327	1	4	800	95	96		13.44444
211	9	Mi5	E5	336	336	1	8	400	95	96	ý 	13.5
212	9	Fa5	F5	340	340	1	8	400	95	96	ha	13.55556
213	9	Re5	D5	327	327	1	8	400	99	96	zan 	13.61111
214	9	Fa5	F5	340	340	1	8	400	99	96		13.66667
215	9	Mi5	E5	336	336	1	8	400	99	96		13.72222
216	9	Re5	D5	327	327	1	8	400	95	96		13.77778
217	9	Mi5	E5	336	336	1	24	133	99	96	ba	13.7963
218	9	Re5	D5	327	327	1	24	133	99	96		13.81481
219	9	Do5#4	C5#4	322	322	1	24	133	99	96		13.83333
220	9	Do5#4	C5#4	322	322	1	8	400	99	96		13.88889
221	9	Do5#4	C5#4	322	322	1	4	800	99	96		14
222	9	Do5#4	C5#4	322	322	1	16	200	99	96		14.02778
223	9	Si4b4	B4b4	310	310	1	16	200	99	96		14.05556
224	9	Do5#4	C5#4	322	322	1	16	200	99	96		14.08333
225	9	Re5	D5	327	327	1	16	200	99	96		14.11111
226	9	Mi5	E5	336	336	1	2	1600	99	96		14.33333
227	9	Mi5	E5	336	336	3	16	600	99	96		14.41667
228	9	Re5	D5	327	327	1	16	200	95	96		14.44444
229	9	Re5	D5	327	327	1	8	400	95	96	ðu 	14.5
230	9	La5	A5	358	358	1	8	400	95	96	ba	14.55556
231	9	La5	A5	358	358	1	4	800	99	96	har 	14.66667
232	9	Sol5	G5	349	349	1	8	400	99	96		14.72222
233	9	Fa5#4	F5#4	344	344	1	8	400	95	96		14.77778
234	9	Fa5#4	F5#4	344	344	1	8	400	99	96	el	14.83333
235	9	La5	A5	358	358	1	8	400	99	96		14.88889
236	9	Fa5	F5	340	340	1	8	400	99	96		14.94444
237	9	Mi5	E5	336	336	1	8	400	99	96		15
238	9	Mi5	E5	336	336	1	8	400	99	96		15.05556
239	9	Sol5	G5	349	349	1	8	400	95	96		15.11111
240	9	Mi5	E5	336	336	1	8	400	95	96		15.16667
241	9	Re5	D5	327	327	1	8	400	95	96		15.22222
242	9	Do5	C5	318	318	3	8	1200	95	96		15.38889
243	9	Mi5	E5	336	336	1	4	800	99	96	den 	15.5
244	9	Do5	C5	318	318	1	8	400	99	96		15.55556
245	9	Si4b4	B4b4	310	310	3	16	600	99	96		15.63889
246	9	La4	A4	305	305	1	16	200	99	96		15.66667
247	9	Sol4	G4	296	296	1	8	400	95	96		15.72222
248	9	Si4b4	B4b4	310	310	1	16	200	99	96	gi	15.75
249	9	La4	A4	305	305	1	16	200	95	96		15.77778
250	9	La4	A4	305	305	3	8	1200	95	96	der  	15.94444
251	9	Re5	D5	327	327	1	8	400	95	96	SAZ 	16
252	9	Do5#4	C5#4	322	322	1	8	400	95	96	.	16.05556
253	9	Re5	D5	327	327	1	8	400	95	96	.	16.11111
254	9	Mi5	E5	336	336	1	2	1600	95	96	.	16.33333
255	9			-1	-1	1	8	400	100	0		16.38889
256	9	Re5	D5	327	327	1	4	800	95	96	Ol	16.5
257	9	Mi5	E5	336	336	1	8	400	95	96	ma 	16.55556
258	9	Mi5	E5	336	336	3	8	1200	99	96	mað	16.72222
259	9	Re5	D5	327	327	1	8	400	95	96		16.77778
260	9	Sol5	G5	349	349	1	4	800	99	96	rur 	16.88889
261	9	Fa5#4	F5#4	344	344	1	8	400	99	96		16.94444
262	9	Mi5	E5	336	336	1	8	400	99	96		17
263	9	Sol5	G5	349	349	1	8	400	99	96		17.05556
264	9	Fa5#4	F5#4	344	344	1	16	200	99	96		17.08333
265	9	Mi5	E5	336	336	1	16	200	99	96		17.11111
266	9	Mi5	E5	336	336	1	2	1600	95	96		17.33333
267	9			-1	-1	1	8	400	100	0		17.38889
268	9	Mi5	E5	336	336	1	8	400	99	96	dil	17.44444
269	9	Re5	D5	327	327	1	8	400	95	96		17.5
270	9	Do5	C5	318	318	1	8	400	95	96	be	17.55556
271	9	Si4	B4	314	314	3	16	600	99	96	ra 	17.63889
272	9	La4	A4	305	305	1	16	200	99	96		17.66667
273	9	Sol4	G4	296	296	1	8	400	99	96		17.72222
274	9	La4	A4	305	305	1	8	400	95	96		17.77778
275	9	Sol4	G4	296	296	1	4	800	99	96	hüsn_	17.88889
276	9	Sol4	G4	296	296	1	8	400	99	96		17.94444
277	9	Fa4#4	F4#4	291	291	1	8	400	95	96		18
278	9	Fa4#4	F4#4	291	291	1	8	400	95	96	SAZ 	18.05556
279	9	Fa4#4	F4#4	291	291	1	16	200	95	96	.	18.08333
280	9	Mi4	E4	283	283	1	16	200	95	96	.	18.11111
281	9	Mi4	E4	283	283	7	8	2800	95	96	.	18.5
282	9	Fa4#4	F4#4	291	291	1	8	400	95	96	ce	18.55556
283	9	Sol4	G4	296	296	3	32	300	99	96	ma	18.59722
284	9	Fa4#4	F4#4	291	291	1	32	100	99	96		18.61111
285	9	Sol4	G4	296	296	1	8	400	99	96		18.66667
286	9	La4	A4	305	305	1	4	800	95	96		18.77778
287	9	Si4	B4	314	314	1	4	800	99	96	le 	18.88889
288	9	Do5#4	C5#4	322	322	1	4	800	99	96		19
289	9	Re5	D5	327	327	1	4	800	99	96		19.11111
290	9	Mi5	E5	336	336	1	2	1600	95	96		19.33333
291	9			-1	-1	1	8	400	100	0		19.38889
292	9	Fa5	F5	340	340	1	8	400	99	96	kýl 	19.44444
293	9	Mi5	E5	336	336	1	8	400	99	96		19.5
294	9	Re5	D5	327	327	1	8	400	99	96		19.55556
295	9	Do5#4	C5#4	322	322	1	8	400	99	96		19.61111
296	9	Re5	D5	327	327	1	8	400	99	96		19.66667
297	10	Mi5	E5	336	336	1	8	400	99	96		19.72222
298	8	Fa5	F5	340	340	0	0	0	95	96		19.72222
299	9	Mi5	E5	336	336	1	16	200	99	96	ve	19.75
300	9	Re5	D5	327	327	1	16	200	95	96		19.77778
301	9	Re5	D5	327	327	3	8	1200	95	96	fa  	19.94444
302	9	La4	A4	305	305	1	8	400	95	96	SAZ 	20
303	9	Si4b4	B4b4	310	310	1	8	400	95	96	.	20.05556
304	9	Do5#4	C5#4	322	322	1	8	400	95	96	.	20.11111
305	9	Re5	D5	327	327	1	2	1600	95	96	.	20.33333
306	9			-1	-1	1	8	400	100	0		20.38889
307	9	Sol5	G5	349	349	1	8	400	99	96	Ol	20.44444
308	9	Fa5#4	F5#4	344	344	1	8	400	95	96		20.5
309	9	Mi5	E5	336	336	1	8	400	95	96	ma 	20.55556
310	9	La5	A5	358	358	1	4	800	99	96	mað	20.66667
311	9	Sol5	G5	349	349	1	8	400	99	96		20.72222
312	9	Fa5#4	F5#4	344	344	1	16	200	99	96		20.75
313	9	La5	A5	358	358	1	16	200	95	96		20.77778
314	9	Sol5	G5	349	349	1	2	1600	99	96	rur 	21
315	9	Sol5	G5	349	349	1	8	400	99	96		21.05556
316	9	La5	A5	358	358	1	8	400	99	96		21.11111
317	9	Sol5	G5	349	349	1	8	400	99	96		21.16667
318	9	Fa5#4	F5#4	344	344	1	4	800	99	96		21.27778
319	9	Mi5	E5	336	336	1	8	400	95	96		21.33333
320	9			-1	-1	1	8	400	100	0		21.38889
321	9	Sol5	G5	349	349	1	8	400	99	96	dil	21.44444
322	9	Fa5	F5	340	340	1	8	400	95	96		21.5
323	9	Mi5	E5	336	336	1	8	400	95	96	be	21.55556
324	9	Mi5	E5	336	336	3	16	600	99	96	ra 	21.63889
325	9	Re5	D5	327	327	1	16	200	99	96		21.66667
326	9	Do5#4	C5#4	322	322	1	8	400	99	96		21.72222
327	9	Mi5	E5	336	336	1	16	200	99	96		21.75
328	9	Re5	D5	327	327	1	16	200	95	96		21.77778
329	9	Do5#4	C5#4	322	322	1	8	400	99	96	hüsn_	21.83333
330	9	Re5	D5	327	327	1	4	800	99	96		21.94444
331	9	Do5#4	C5#4	322	322	1	8	400	99	96		22
332	9	Re5	D5	327	327	1	8	400	99	96		22.05556
333	8	Mi5	E5	336	336	0	0	0	99	96		22.05556
334	9	Re5	D5	327	327	1	16	200	99	96		22.08333
335	9	Do5#4	C5#4	322	322	1	16	200	99	96		22.11111
336	9	Re5	D5	327	327	1	4	800	99	96		22.22222
337	9	Mi5	E5	336	336	1	8	400	99	96		22.27778
338	8	Sol5#4	G5#4	353	353	0	0	0	99	96		22.27778
339	9	Fa5	F5	340	340	1	8	400	95	96		22.33333
340	9			-1	-1	1	8	400	100	0		22.38889
341	9	Fa5	F5	340	340	1	8	400	99	96	ü 	22.44444
342	9	Mi5	E5	336	336	1	8	400	95	96		22.5
343	9	Sol5#4	G5#4	353	353	1	8	400	95	96	ce	22.55556
344	9	Sol5#4	G5#4	353	353	1	16	200	99	96	ma	22.58333
345	9	Fa5	F5	340	340	1	8	400	99	96		22.63889
346	9	Mi5	E5	336	336	1	16	200	99	96		22.66667
347	9	Fa5	F5	340	340	1	4	800	95	96		22.77778
348	9	Mi5	E5	336	336	3	32	300	99	96	le 	22.81944
349	9	Re5#4	D5#4	331	331	1	32	100	99	96		22.83333
350	9	Mi5	E5	336	336	1	8	400	99	96		22.88889
351	9	Fa5	F5	340	340	3	32	300	99	96		22.93056
352	9	Mi5	E5	336	336	1	32	100	99	96		22.94444
353	9	Fa5	F5	340	340	1	8	400	99	96		23
354	9	Sol5	G5	349	349	1	4	800	99	96		23.11111
355	9	La5	A5	358	358	1	4	800	99	96		23.22222
356	9	Sol5#4	G5#4	353	353	1	8	400	99	96		23.27778
357	9	Fa5	F5	340	340	1	8	400	99	96		23.33333
358	9	Mi5	E5	336	336	1	8	400	99	96		23.38889
359	9	La5	A5	358	358	1	4	800	95	96		23.5
360	9	Si5	B5	367	367	1	8	400	99	96	kýl 	23.55556
361	9	Do6	C6	371	371	1	8	400	99	96		23.61111
362	9	La5	A5	358	358	1	4	800	95	96		23.72222
363	9	Sol5#4	G5#4	353	353	1	8	400	95	96	ve	23.77778
364	9	La5	A5	358	358	3	8	1200	95	96	fa  	23.94444
365	9	Mi5	E5	336	336	1	8	400	95	96	SAZ 	24
366	9	Fa5	F5	340	340	1	8	400	95	96	.	24.05556
367	9	Sol5#4	G5#4	353	353	1	8	400	95	96	.	24.11111
368	9	La5	A5	358	358	1	2	1600	95	96	.	24.33333
369	9			-1	-1	1	8	400	100	0		24.38889
370	9	La5	A5	358	358	1	4	800	95	96	Ba	24.5
371	9	La5	A5	358	358	1	16	200	99	96	ki 	24.52778
372	9	Sol5	G5	349	349	1	16	200	95	96		24.55556
373	9	Sol5	G5	349	349	1	4	800	99	96	kal	24.66667
374	9	Fa5#4	F5#4	344	344	3	32	300	99	96		24.70833
375	9	Mi5#4	E5#4	340	340	1	32	100	99	96		24.72222
376	9	Fa5#4	F5#4	344	344	1	8	400	95	96		24.77778
377	9	Sol5	G5	349	349	1	8	400	99	96	maz 	24.83333
378	9	Fa5#4	F5#4	344	344	1	8	400	99	96		24.88889
379	9	La5	A5	358	358	1	8	400	99	96		24.94444
380	9	Fa5#4	F5#4	344	344	1	8	400	99	96		25
381	9	Fa5#4	F5#4	344	344	1	16	200	99	96		25.02778
382	9	Mi5	E5	336	336	1	16	200	99	96		25.05556
383	8	Sol5	G5	349	349	0	0	0	99	96		25.05556
384	9	Fa5	F5	340	340	1	16	200	99	96		25.08333
385	9	Mi5	E5	336	336	1	16	200	99	96		25.11111
386	9	Mi5	E5	336	336	1	4	800	99	96		25.22222
387	9	Mi5	E5	336	336	1	16	200	99	96		25.25
388	9	Fa5	F5	340	340	1	16	200	99	96		25.27778
389	9	Mi5	E5	336	336	1	16	200	99	96		25.30556
390	9	Re5	D5	327	327	1	16	200	99	96		25.33333
391	9	Re5	D5	327	327	1	8	400	95	96		25.38889
392	9	Mi5	E5	336	336	1	4	800	95	96	kim	25.5
393	9	Fa5	F5	340	340	1	8	400	95	96	se	25.55556
394	9	Re5	D5	327	327	1	8	400	99	96	ye 	25.61111
395	9	Fa5	F5	340	340	1	8	400	99	96		25.66667
396	9	Mi5	E5	336	336	1	8	400	99	96		25.72222
397	9	Re5	D5	327	327	1	8	400	95	96		25.77778
398	9	Mi5	E5	336	336	1	24	133	99	96	nakþ_	25.7963
399	9	Re5	D5	327	327	1	24	133	99	96		25.81482
400	9	Do5#4	C5#4	322	322	1	24	133	99	96		25.83333
401	9	Do5#4	C5#4	322	322	1	8	400	99	96		25.88889
402	9	Do5#4	C5#4	322	322	1	4	800	99	96		26
403	9	Do5#4	C5#4	322	322	1	16	200	99	96		26.02778
404	9	Si4b4	B4b4	310	310	1	16	200	99	96		26.05556
405	9	Do5#4	C5#4	322	322	1	16	200	99	96		26.08333
406	9	Re5	D5	327	327	1	16	200	95	96		26.11111
407	9	Mi5	E5	336	336	5	8	2000	95	96		26.38889
408	9	Re5	D5	327	327	1	4	800	95	96	i 	26.5
409	9	La5	A5	358	358	1	8	400	95	96	ni	26.55556
410	9	La5	A5	358	358	1	4	800	99	96	gar 	26.66667
411	9	Sol5	G5	349	349	1	8	400	99	96		26.72222
412	9	Fa5#4	F5#4	344	344	1	8	400	95	96		26.77778
413	9	Fa5#4	F5#4	344	344	1	8	400	99	96	el	26.83333
414	9	La5	A5	358	358	1	8	400	99	96		26.88889
415	9	Fa5	F5	340	340	1	8	400	99	96		26.94444
416	9	Mi5	E5	336	336	1	8	400	99	96		27
417	9	Mi5	E5	336	336	1	8	400	99	96		27.05556
418	9	Sol5	G5	349	349	1	8	400	95	96		27.11111
419	9	Mi5	E5	336	336	1	8	400	95	96		27.16667
420	9	Re5	D5	327	327	1	8	400	95	96		27.22222
421	9	Do5#4	C5#4	322	322	1	4	800	95	96		27.33333
422	9	Do5#4	C5#4	322	322	1	8	400	95	96		27.38889
423	9	Mi5	E5	336	336	1	4	800	99	96	den 	27.5
424	9	Do5#4	C5#4	322	322	1	8	400	99	96		27.55556
425	9	Si4b4	B4b4	310	310	3	16	600	99	96		27.63889
426	9	La4	A4	305	305	1	16	200	99	96		27.66667
427	10	Sol4	G4	296	296	1	8	400	99	96		27.72222
428	8	Do5#4	C5#4	322	322	0	0	0	95	96		27.72222
429	9	Si4b4	B4b4	310	310	1	16	200	99	96	gi	27.75
430	9	La4	A4	305	305	1	16	200	95	96		27.77778
431	9	La4	A4	305	305	1	2	1600	99	96	der  	28
432	9	Re5	D5	327	327	1	16	200	99	96		28.02778
433	9	Mi5	E5	336	336	1	16	200	99	96		28.05556
434	9	Fa5#4	F5#4	344	344	1	16	200	99	96		28.08333
435	9	Sol5	G5	349	349	1	16	200	95	96		28.11111
436	9	La5	A5	358	358	1	2	1600	95	96	.	28.33333
437	9			-1	-1	1	8	400	100	0		28.38889
438	9	La5	A5	358	358	1	4	800	95	96	Ba	28.5
439	9	La5	A5	358	358	1	16	200	99	96	ki 	28.52778
440	9	Sol5	G5	349	349	1	16	200	95	96		28.55556
441	9	Sol5	G5	349	349	1	4	800	99	96	kal	28.66667
442	9	Fa5#4	F5#4	344	344	3	32	300	99	96		28.70833
443	9	Mi5#4	E5#4	340	340	1	32	100	99	96		28.72222
444	9	Fa5#4	F5#4	344	344	1	8	400	95	96		28.77778
445	9	Sol5	G5	349	349	1	8	400	99	96	maz 	28.83333
446	9	Fa5#4	F5#4	344	344	1	8	400	99	96		28.88889
447	9	La5	A5	358	358	1	8	400	99	96		28.94444
448	9	Fa5#4	F5#4	344	344	1	8	400	99	96		29
449	9	Fa5#4	F5#4	344	344	1	16	200	99	96		29.02778
450	9	Mi5	E5	336	336	1	16	200	99	96		29.05556
451	8	Sol5	G5	349	349	0	0	0	99	96		29.05556
452	9	Fa5	F5	340	340	1	16	200	99	96		29.08333
453	9	Mi5	E5	336	336	1	16	200	99	96		29.11111
454	9	Mi5	E5	336	336	1	4	800	99	96		29.22222
455	9	Mi5	E5	336	336	1	16	200	99	96		29.25
456	9	Fa5	F5	340	340	1	16	200	99	96		29.27778
457	9	Mi5	E5	336	336	1	16	200	99	96		29.30556
458	9	Re5	D5	327	327	1	16	200	99	96		29.33333
459	9	Re5	D5	327	327	1	8	400	95	96		29.38889
460	9	Mi5	E5	336	336	1	4	800	95	96	kim	29.5
461	9	Fa5	F5	340	340	1	8	400	95	96	se	29.55556
462	9	Re5	D5	327	327	1	8	400	99	96	ye 	29.61111
463	9	Fa5	F5	340	340	1	8	400	99	96		29.66667
464	9	Mi5	E5	336	336	1	8	400	99	96		29.72222
465	9	Re5	D5	327	327	1	8	400	95	96		29.77778
466	9	Mi5	E5	336	336	1	24	133	99	96	nakþ_	29.7963
467	9	Re5	D5	327	327	1	24	133	99	96		29.81482
468	9	Do5#4	C5#4	322	322	1	24	133	99	96		29.83333
469	9	Do5#4	C5#4	322	322	1	8	400	99	96		29.88889
470	9	Do5#4	C5#4	322	322	1	4	800	99	96		30
471	9	Do5#4	C5#4	322	322	1	16	200	99	96		30.02778
472	9	Si4b4	B4b4	310	310	1	16	200	99	96		30.05556
473	9	Do5#4	C5#4	322	322	1	16	200	99	96		30.08333
474	9	Re5	D5	327	327	1	16	200	95	96		30.11111
475	9	Mi5	E5	336	336	5	8	2000	95	96		30.38889
476	9	Re5	D5	327	327	1	4	800	95	96	i 	30.5
477	9	La5	A5	358	358	1	8	400	95	96	ni	30.55556
478	9	La5	A5	358	358	1	4	800	99	96	gar 	30.66667
479	9	Sol5	G5	349	349	1	8	400	99	96		30.72222
480	9	Fa5#4	F5#4	344	344	1	8	400	95	96		30.77778
481	9	Fa5#4	F5#4	344	344	1	8	400	99	96	el	30.83333
482	9	La5	A5	358	358	1	8	400	99	96		30.88889
483	9	Fa5	F5	340	340	1	8	400	99	96		30.94444
484	9	Mi5	E5	336	336	1	8	400	99	96		31
485	9	Mi5	E5	336	336	1	8	400	99	96		31.05556
486	9	Sol5	G5	349	349	1	8	400	95	96		31.11111
487	9	Mi5	E5	336	336	1	8	400	95	96		31.16667
488	9	Re5	D5	327	327	1	8	400	95	96		31.22222
489	9	Do5#4	C5#4	322	322	1	4	800	95	96		31.33333
490	9	Do5#4	C5#4	322	322	1	8	400	95	96		31.38889
491	9	Mi5	E5	336	336	1	4	800	99	96	den 	31.5
492	9	Do5#4	C5#4	322	322	1	8	400	99	96		31.55556
493	9	Si4b4	B4b4	310	310	3	16	600	99	96		31.63889
494	9	La4	A4	305	305	1	16	200	99	96		31.66667
495	9	Sol4	G4	296	296	1	8	400	99	96		31.72222
496	8	Do5#4	C5#4	322	322	0	0	0	95	96		31.72222
497	9	Si4b4	B4b4	310	310	1	16	200	99	96	gi	31.75
498	9	La4	A4	305	305	1	16	200	95	96		31.77778
499	9	La4	A4	305	305	1	2	1600	95	96	der  	32
500	9			-1	-1	1	4	800	100	0		32.11111
