Sira	Kod	Nota53	NotaAE	Koma53	KomaAE	Pay	Payda	Ms	LNS	Bas	Soz1	Offset
1	9	Mi5	E5	336	336	1	8	441	95	96	ARANAÐME 	0.25
2	9	Fa5	F5	340	340	1	16	221	95	96	.	0.375
3	9	Mi5	E5	336	336	1	16	221	95	96	.	0.5
4	9	Sol5	G5	349	349	1	16	221	95	96	.	0.625
5	8	La5	A5	358	358	0	0	0	95	96	.	0.625
6	9	Sol5	G5	349	349	1	16	221	95	96	.	0.75
7	9	Fa5	F5	340	340	1	16	221	95	96	.	0.875
8	9	Mi5	E5	336	336	1	16	221	95	96	.	1
9	9	Mi5	E5	336	336	1	8	441	95	96	.	1.25
10	9	Do5	C5	318	318	1	8	441	95	96	.	1.5
11	9	Si4b2	B4b1	312	313	1	8	441	95	96	.	1.75
12	9	La4	A4	305	305	1	8	441	95	96	.	2
13	9	Mi5	E5	336	336	1	8	441	95	96	.	2.25
14	9	Fa5	F5	340	340	1	16	221	95	96	.	2.375
15	9	Mi5	E5	336	336	1	16	221	95	96	.	2.5
16	9	Sol5	G5	349	349	1	16	221	95	96	.	2.625
17	8	La5	A5	358	358	0	0	0	95	96	.	2.625
18	9	Sol5	G5	349	349	1	16	221	95	96	.	2.75
19	9	Fa5	F5	340	340	1	16	221	95	96	.	2.875
20	9	Mi5	E5	336	336	1	16	221	95	96	.	3
21	9	Mi5	E5	336	336	1	8	441	95	96	.	3.25
22	9	Do5	C5	318	318	1	8	441	95	96	.	3.5
23	9	Re5	D5	327	327	1	8	441	95	96	.	3.75
24	9	Mi5	E5	336	336	1	8	441	95	96	.	4
25	9			-1	-1	1	8	441	100	0		4.25
26	9	Fa5	F5	340	340	1	16	221	95	96	.	4.375
27	9	Fa5	F5	340	340	1	16	221	95	96	.	4.5
28	9	Fa5	F5	340	340	1	8	441	95	96	.	4.75
29	9	Mi5	E5	336	336	1	8	441	95	96	.	5
30	9	Mi5	E5	336	336	1	8	441	95	96	.	5.25
31	9	Re5	D5	327	327	1	8	441	95	96	.	5.5
32	8	Mi5	E5	336	336	0	0	0	95	96	.	5.5
33	9	Re5	D5	327	327	1	8	441	95	96	.	5.75
34	9	Do5	C5	318	318	1	8	441	95	96	.	6
35	9	Do5	C5	318	318	1	8	441	95	96	.	6.25
36	9	Si4b2	B4b1	312	313	1	8	441	95	96	.	6.5
37	9	Re5	D5	327	327	1	16	221	95	96	.	6.625
38	8	Mi5	E5	336	336	0	0	0	95	96	.	6.625
39	9	Re5	D5	327	327	1	16	221	95	96	.	6.75
40	9	Do5	C5	318	318	1	16	221	95	96	.	6.875
41	9	Si4b2	B4b1	312	313	1	16	221	95	96	.	7
42	9	La4	A4	305	305	1	4	882	95	96	.	7.5
43	9	Do5	C5	318	318	1	24	147	95	96	.	7.583333
44	9	Si4b2	B4b1	312	313	1	24	147	95	96	.	7.666667
45	9	La4	A4	305	305	1	24	147	95	96	.	7.75
46	9	Si4b2	B4b1	312	313	1	8	441	95	96	.	8
47	52			0	0	1	4	0	68	0		8.5
48	9			-1	-1	1	8	441	100	0		8.75
49	9	Fa5	F5	340	340	1	16	221	95	96	.	8.875
50	9	Fa5	F5	340	340	1	16	221	95	96	.	9
51	9	Fa5	F5	340	340	1	8	441	95	96	.	9.25
52	9	Mi5	E5	336	336	1	8	441	95	96	.	9.5
53	9	Mi5	E5	336	336	1	8	441	95	96	.	9.75
54	9	Re5	D5	327	327	1	8	441	95	96	.	10
55	8	Mi5	E5	336	336	0	0	0	95	96	.	10
56	9	Re5	D5	327	327	1	8	441	95	96	.	10.25
57	9	Do5	C5	318	318	1	8	441	95	96	.	10.5
58	9	Do5	C5	318	318	1	8	441	95	96	.	10.75
59	9	Si4b2	B4b1	312	313	1	8	441	95	96	.	11
60	9	Re5	D5	327	327	1	16	221	95	96	.	11.125
61	8	Mi5	E5	336	336	0	0	0	95	96	.	11.125
62	9	Re5	D5	327	327	1	16	221	95	96	.	11.25
63	9	Do5	C5	318	318	1	16	221	95	96	.	11.375
64	9	Si4b2	B4b1	312	313	1	16	221	95	96	.	11.5
65	9	La4	A4	305	305	1	4	882	100	96	.	12
66	9	La4	A4	305	305	1	4	882	95	96	.	12.5
67	9	Sol4	G4	296	296	1	8	441	95	96	Yýl	12.75
68	9	La4	A4	305	305	1	8	441	95	96	lar 	13
69	9	La4	A4	305	305	1	8	441	95	96	son	13.25
70	9	Sol4	G4	296	296	1	8	441	95	96	ra 	13.5
71	9	Re5	D5	327	327	3	32	331	99	96	bir 	13.6875
72	9	Fa5	F5	340	340	1	32	110	99	96		13.75
73	9	Mi5	E5	336	336	1	16	221	99	96		13.875
74	9	Re5	D5	327	327	1	16	221	95	96		14
75	9	Re5	D5	327	327	1	4	882	95	96	gün 	14.5
76	9	Do5	C5	318	318	1	16	221	95	96	a	14.625
77	9	Do5	C5	318	318	1	8	441	99	96	dým 	14.875
78	9	Si4b2	B4b1	312	313	1	16	221	95	96		15
79	9	Si4b2	B4b1	312	313	1	16	221	95	96	a	15.125
80	9	Si4b2	B4b1	312	313	1	8	441	99	96	nýl	15.375
81	9	La4	A4	305	305	1	16	221	95	96		15.5
82	9	La4	A4	305	305	3	16	662	95	96	mýþ  	15.875
83	9	Re5	D5	327	327	1	16	221	95	96	SAZ	16
84	9	Do5	C5	318	318	1	16	221	95	96	.	16.125
85	9	Si4b2	B4b1	312	313	1	16	221	95	96	.	16.25
86	9	La4	A4	305	305	1	8	441	95	96	.	16.5
87	9	Do5	C5	318	318	1	16	221	95	96	Ha	16.625
88	9	Re5	D5	327	327	3	16	662	100	96	týr	17
89	9	Re5	D5	327	327	1	8	441	95	96		17.25
90	9	Re5	D5	327	327	1	16	221	95	96	la	17.375
91	9	Re5	D5	327	327	1	16	221	95	96	ma	17.5
92	9	Re5	D5	327	327	1	8	441	99	96	mýþ	17.75
93	9	Mi5	E5	336	336	1	8	441	95	96		18
94	9	Do5	C5	318	318	1	4	882	95	96	sýn 	18.5
95	9	Mi5	E5	336	336	1	16	221	95	96	gü	18.625
96	9	Fa5	F5	340	340	1	8	441	99	96	cen	18.875
97	9	Mi5	E5	336	336	1	16	221	95	96		19
98	9	Sol5	G5	349	349	3	16	662	95	96	dim 	19.375
99	9	Fa5	F5	340	340	1	16	221	95	96	sa	19.5
100	9	Mi5	E5	336	336	1	8	441	95	96	na  	19.75
101	9	Do5	C5	318	318	1	8	441	95	96	SAZ	20
102	9	Re5	D5	327	327	1	8	441	95	96	.	20.25
103	9	Mi5	E5	336	336	1	8	441	95	96	.	20.5
104	9	Fa5	F5	340	340	1	16	221	95	96	De	20.625
105	9	Fa5	F5	340	340	1	8	441	99	96	mek 	20.875
106	9	Fa5	F5	340	340	1	16	221	95	96		21
107	9	Fa5	F5	340	340	1	4	882	95	96	ki 	21.5
108	9	Sol5	G5	349	349	3	16	662	95	96	ma	21.875
109	9	La5	A5	358	358	1	16	221	95	96	zi	22
110	9	La5	A5	358	358	1	16	221	99	96	den 	22.125
111	9	Sol5	G5	349	349	1	16	221	99	96		22.25
112	9	Fa5	F5	340	340	1	16	221	99	96		22.375
113	9	Mi5	E5	336	336	1	16	221	95	96		22.5
114	9	Mi5	E5	336	336	1	8	441	95	96	bir 	22.75
115	9	Mi5	E5	336	336	1	16	221	99	96	þey 	22.875
116	9	Re5	D5	327	327	1	16	221	95	96		23
117	9	Mi5	E5	336	336	1	8	441	99	96	kal	23.25
118	9	Re5	D5	327	327	1	16	221	95	96		23.375
119	9	Do5	C5	318	318	1	16	221	95	96	ma	23.5
120	9	Do5	C5	318	318	1	4	882	95	96	mýþ  	24
121	9	Do5	C5	318	318	1	16	221	95	96	SAZ	24.125
122	9	Re5	D5	327	327	1	16	221	95	96	.	24.25
123	9	Mi5	E5	336	336	1	8	441	95	96	.	24.5
124	9	Fa5	F5	340	340	3	16	662	95	96	Kim	24.875
125	9	Mi5	E5	336	336	1	16	221	95	96	di 	25
126	9	Re5	D5	327	327	1	8	441	95	96	o 	25.25
127	9			-1	-1	1	8	441	100	0		25.5
128	9	Mi5	E5	336	336	1	16	221	95	96	de	25.625
129	9	Re5	D5	327	327	1	8	441	99	96	miþ	25.875
130	9	Do5	C5	318	318	1	16	221	95	96		26
131	9	Do5	C5	318	318	1	4	882	95	96	sin 	26.5
132	9	Si4b2	B4b1	312	313	1	16	221	95	96	gü	26.625
133	9	Do5	C5	318	318	1	8	441	99	96	cen	26.875
134	9	Si4b2	B4b1	312	313	1	16	221	95	96		27
135	9	Re5	D5	327	327	3	16	662	95	96	dim 	27.375
136	9	Si4b2	B4b1	312	313	1	16	221	95	96	sa	27.5
137	9	La4	A4	305	305	3	16	662	95	96	na  	27.875
138	9	Re5	D5	327	327	1	16	221	95	96	SAZ	28
139	9	Do5	C5	318	318	1	16	221	95	96	.	28.125
140	9	Si4b2	B4b1	312	313	1	16	221	95	96	.	28.25
141	9	La4	A4	305	305	1	8	441	95	96	.	28.5
142	9	Sol4	G4	296	296	1	8	441	95	96	Yýl	28.75
143	9	La4	A4	305	305	1	8	441	95	96	lar 	29
144	9	La4	A4	305	305	1	8	441	95	96	son	29.25
145	9	Sol4	G4	296	296	1	8	441	95	96	ra 	29.5
146	9	Re5	D5	327	327	3	32	331	99	96	bir 	29.6875
147	9	Fa5	F5	340	340	1	32	110	99	96		29.75
148	9	Mi5	E5	336	336	1	16	221	99	96		29.875
149	9	Re5	D5	327	327	1	16	221	95	96		30
150	9	Re5	D5	327	327	1	4	882	95	96	gün 	30.5
151	9	Do5	C5	318	318	1	16	221	95	96	a	30.625
152	9	Do5	C5	318	318	1	8	441	99	96	dým 	30.875
153	9	Si4b2	B4b1	312	313	1	16	221	95	96		31
154	9	Si4b2	B4b1	312	313	1	16	221	95	96	a	31.125
155	9	Si4b2	B4b1	312	313	1	8	441	99	96	nýl	31.375
156	9	La4	A4	305	305	1	16	221	95	96		31.5
157	9	La4	A4	305	305	3	16	662	95	96	mýþ  	31.875
158	9	Re5	D5	327	327	1	16	221	95	96	SAZ	32
159	9	Do5	C5	318	318	1	16	221	95	96	.	32.125
160	9	Si4b2	B4b1	312	313	1	16	221	95	96	.	32.25
161	9	La4	A4	305	305	1	8	441	95	96	.	32.5
162	9	Do5	C5	318	318	1	16	221	95	96	Ha	32.625
163	9	Re5	D5	327	327	3	16	662	100	96	týr	33
164	9	Re5	D5	327	327	1	8	441	95	96		33.25
165	9	Re5	D5	327	327	1	16	221	95	96	la	33.375
166	9	Re5	D5	327	327	1	16	221	95	96	ma	33.5
167	9	Re5	D5	327	327	1	8	441	99	96	mýþ	33.75
168	9	Mi5	E5	336	336	1	8	441	95	96		34
169	9	Do5	C5	318	318	1	4	882	95	96	sýn 	34.5
170	9	Mi5	E5	336	336	1	16	221	95	96	gü	34.625
171	9	Fa5	F5	340	340	1	8	441	99	96	cen	34.875
172	9	Mi5	E5	336	336	1	16	221	95	96		35
173	9	Sol5	G5	349	349	3	16	662	95	96	dim 	35.375
174	9	Fa5	F5	340	340	1	16	221	95	96	sa	35.5
175	9	Mi5	E5	336	336	1	8	441	95	96	na  	35.75
176	9	Do5	C5	318	318	1	8	441	95	96	SAZ	36
177	9	Re5	D5	327	327	1	8	441	95	96	.	36.25
178	9	Mi5	E5	336	336	1	8	441	95	96	.	36.5
179	9	Fa5	F5	340	340	1	16	221	95	96	De	36.625
180	9	Fa5	F5	340	340	1	8	441	99	96	mek 	36.875
181	9	Fa5	F5	340	340	1	16	221	95	96		37
182	9	Fa5	F5	340	340	1	4	882	95	96	ki 	37.5
183	9	Sol5	G5	349	349	3	16	662	95	96	ma	37.875
184	9	La5	A5	358	358	1	16	221	95	96	zi	38
185	9	La5	A5	358	358	1	16	221	99	96	den 	38.125
186	9	Sol5	G5	349	349	1	16	221	99	96		38.25
187	9	Fa5	F5	340	340	1	16	221	99	96		38.375
188	9	Mi5	E5	336	336	1	16	221	95	96		38.5
189	9	Mi5	E5	336	336	1	8	441	95	96	bir 	38.75
190	9	Mi5	E5	336	336	1	16	221	99	96	þey 	38.875
191	9	Re5	D5	327	327	1	16	221	95	96		39
192	9	Mi5	E5	336	336	1	8	441	99	96	kal	39.25
193	9	Re5	D5	327	327	1	16	221	95	96		39.375
194	9	Do5	C5	318	318	1	16	221	95	96	ma	39.5
195	9	Do5	C5	318	318	1	4	882	95	96	mýþ  	40
196	9	Do5	C5	318	318	1	16	221	95	96	SAZ	40.125
197	9	Re5	D5	327	327	1	16	221	95	96	.	40.25
198	9	Mi5	E5	336	336	1	8	441	95	96	.	40.5
199	9	Fa5	F5	340	340	3	16	662	95	96	Kim	40.875
200	9	Mi5	E5	336	336	1	16	221	95	96	di 	41
201	9	Re5	D5	327	327	1	8	441	95	96	o 	41.25
202	9			-1	-1	1	8	441	100	0		41.5
203	9	Mi5	E5	336	336	1	16	221	95	96	de	41.625
204	9	Re5	D5	327	327	1	8	441	99	96	miþ	41.875
205	9	Do5	C5	318	318	1	16	221	95	96		42
206	9	Do5	C5	318	318	1	4	882	95	96	sin 	42.5
207	9	Si4b2	B4b1	312	313	1	16	221	95	96	gü	42.625
208	9	Do5	C5	318	318	1	8	441	99	96	cen	42.875
209	9	Si4b2	B4b1	312	313	1	16	221	95	96		43
210	9	Re5	D5	327	327	3	16	662	95	96	dim 	43.375
211	9	Si4b2	B4b1	312	313	1	16	221	95	96	sa	43.5
212	9	La4	A4	305	305	1	4	882	100	96	na  	44
213	9	La4	A4	305	305	1	4	882	95	96		44.5
214	9			-1	-1	1	8	441	100	0		44.75
215	9	Fa5	F5	340	340	1	8	441	95	96	SAZ	45
216	9	Mi5	E5	336	336	1	8	441	95	96	.	45.25
217	9	Re5	D5	327	327	1	8	441	95	96	.	45.5
218	9	Mi5	E5	336	336	1	8	441	95	96	.	45.75
219	9	Re5	D5	327	327	1	16	221	95	96	.	45.875
220	9	Do5	C5	318	318	1	16	221	95	96	.	46
221	9	Do5	C5	318	318	1	4	882	95	96	.	46.5
222	9	Do5	C5	318	318	1	8	441	95	96	.	46.75
223	9	Si4b2	B4b1	312	313	1	8	441	95	96	.	47
224	9	Re5	D5	327	327	1	8	441	95	96	.	47.25
225	9	Do5	C5	318	318	1	16	221	95	96	.	47.375
226	9	Si4b2	B4b1	312	313	1	16	221	95	96	.	47.5
227	9	La4	A4	305	305	1	8	441	95	96	.	47.75
228	9	La4	A4	305	305	1	16	221	95	96	.	47.875
229	9	Do5	C5	318	318	1	16	221	95	96	.	48
230	9	Re5	D5	327	327	1	16	221	95	96	.	48.125
231	9	Mi5	E5	336	336	1	16	221	95	96	.	48.25
232	9	Fa5#3	F5#4	343	344	1	16	221	95	96	.	48.375
233	9	Sol5	G5	349	349	1	16	221	95	96	.	48.5
234	9	La5	A5	358	358	1	8	441	95	96	.	48.75
235	9	Sol5	G5	349	349	1	16	221	95	96	Sa	48.875
236	9	La5	A5	358	358	1	16	221	95	96	na 	49
237	9	La5	A5	358	358	3	8	1323	95	96	kin 	49.75
238	9	La5	A5	358	358	1	16	221	95	96	tu	49.875
239	9	Si5b2	B5b1	365	366	1	16	221	95	96	ta	50
240	9	Sol5	G5	349	349	1	4	882	95	96	mam 	50.5
241	9	La5	A5	358	358	1	8	441	95	96	laf 	50.75
242	9	La5	A5	358	358	1	16	221	99	96	söy	50.875
243	9	Sol5	G5	349	349	1	16	221	99	96		51
244	9	Fa5#3	F5#4	343	344	1	16	221	99	96		51.125
245	9	Mi5	E5	336	336	1	16	221	95	96		51.25
246	9	Fa5#3	F5#4	343	344	1	16	221	95	96	le	51.375
247	9	Sol5	G5	349	349	1	16	221	95	96	ye	51.5
248	9	La5	A5	358	358	1	4	882	95	96	mem  	52
249	9	La5	A5	358	358	1	16	221	95	96	SAZ	52.125
250	9	Si5b2	B5b1	365	366	1	16	221	95	96	.	52.25
251	9	Do6	C6	371	371	1	8	441	95	96	.	52.5
252	9	Do6	C6	371	371	1	16	221	95	96	Na	52.625
253	9	Do6	C6	371	371	1	8	441	99	96	sýl 	52.875
254	9	Do6	C6	371	371	1	16	221	99	96		53
255	9	Do6	C6	371	371	1	8	441	95	96		53.25
256	9	Do6	C6	371	371	1	16	221	95	96	u	53.375
257	9	Si5b2	B5b1	365	366	1	16	221	95	96	nu	53.5
258	9	Do6	C6	371	371	1	8	441	99	96	tur	53.75
259	9	Re6	D6	380	380	1	8	441	95	96		54
260	9	Do6	C6	371	371	1	8	441	99	96	sun 	54.25
261	9	Si5b2	B5b1	365	366	1	8	441	95	96		54.5
262	9	Re6	D6	380	380	1	16	221	95	96	na	54.625
263	9	Re6	D6	380	380	1	8	441	99	96	sýl 	54.875
264	9	Do6	C6	371	371	1	16	221	99	96		55
265	9	Do6	C6	371	371	1	16	221	99	96		55.125
266	9	Si5b2	B5b1	365	366	1	16	221	95	96		55.25
267	9	Si5b2	B5b1	365	366	1	16	221	95	96	di	55.375
268	9	La5	A5	358	358	1	16	221	95	96	ye	55.5
269	9	La5	A5	358	358	1	4	882	95	96	mem  	56
270	9	Fa5#3	F5#4	343	344	1	16	221	95	96	SAZ	56.125
271	9	Sol5	G5	349	349	1	16	221	95	96	.	56.25
272	9	La5	A5	358	358	1	8	441	95	96	.	56.5
273	9	Sol5	G5	349	349	1	16	221	95	96	Be	56.625
274	9	La5	A5	358	358	1	8	441	99	96	nim	56.875
275	9	La5	A5	358	358	1	16	221	95	96		57
276	9	Si5b5	B5b5	362	362	1	4	882	95	96	ki 	57.5
277	9	La5	A5	358	358	3	32	331	99	96	yal	57.6875
278	9	Sol5	G5	349	349	1	32	110	95	96		57.75
279	9	Sol5	G5	349	349	1	16	221	99	96	nýz	57.875
280	9	Fa5	F5	340	340	1	16	221	95	96		58
281	9	Fa5	F5	340	340	1	4	882	95	96	ca 	58.5
282	9	Mi5	E5	336	336	1	16	221	95	96	kü	58.625
283	9	Fa5	F5	340	340	3	16	662	95	96	çük 	59
284	9	La5	A5	358	358	3	16	662	95	96	bir 	59.375
285	9	Fa5	F5	340	340	1	16	221	95	96	si	59.5
286	9	Mi5	E5	336	336	1	8	441	95	96	tem  	59.75
287	9	Mi5	E5	336	336	1	16	221	95	96	SAZ	59.875
288	9	Re5	D5	327	327	1	16	221	95	96	.	60
289	9	Do5	C5	318	318	1	16	221	95	96	.	60.125
290	9	Re5	D5	327	327	1	16	221	95	96	.	60.25
291	9	Mi5	E5	336	336	1	8	441	95	96	.	60.5
292	9	Fa5	F5	340	340	1	16	221	95	96	Ký	60.625
293	9	Fa5	F5	340	340	1	8	441	99	96	rýl	60.875
294	9	Mi5	E5	336	336	1	16	221	95	96		61
295	9	Mi5	E5	336	336	1	8	441	99	96	dým 	61.25
296	9	Mi5	E5	336	336	1	16	221	99	96		61.375
297	9	Re5	D5	327	327	1	16	221	95	96		61.5
298	9	Mi5	E5	336	336	3	32	331	99	96	bir 	61.6875
299	9	Re5	D5	327	327	1	32	110	95	96		61.75
300	9	Re5	D5	327	327	1	16	221	99	96	ta	61.875
301	9	Do5	C5	318	318	1	16	221	95	96		62
302	9	Do5	C5	318	318	1	4	882	95	96	nem 	62.5
303	9	Si4b2	B4b1	312	313	1	16	221	95	96	gü	62.625
304	9	Do5	C5	318	318	1	8	441	99	96	cen	62.875
305	9	Si4b2	B4b1	312	313	1	16	221	95	96		63
306	9	Re5	D5	327	327	3	16	662	95	96	dim 	63.375
307	9	Si4b2	B4b1	312	313	1	16	221	95	96	sa	63.5
308	9	La4	A4	305	305	1	4	882	100	96	na  	64
309	9	La4	A4	305	305	1	4	882	95	96		64.5
310	9	Mi5	E5	336	336	1	16	221	95	96	Gü	64.625
311	9	Fa5	F5	340	340	1	8	441	99	96	cen	64.875
312	9	Mi5	E5	336	336	1	16	221	95	96		65
313	9	Sol5	G5	349	349	3	16	662	95	96	dim 	65.375
314	9	Fa5	F5	340	340	1	16	221	95	96	sa	65.5
315	9	Mi5	E5	336	336	1	8	441	95	96	na 	65.75
316	9	Do5	C5	318	318	1	8	441	95	96	SAZ	66
317	9	Si4b2	B4b1	312	313	1	8	441	95	96	.	66.25
318	9	La4	A4	305	305	1	8	441	95	96	.	66.5
319	9	Mi5	E5	336	336	1	16	221	95	96	gü	66.625
320	9	Fa5	F5	340	340	1	8	441	99	96	cen	66.875
321	9	Mi5	E5	336	336	1	16	221	95	96		67
322	9	Sol5	G5	349	349	3	16	662	95	96	dim 	67.375
323	9	Fa5	F5	340	340	1	16	221	95	96	sa	67.5
324	9	Mi5	E5	336	336	1	8	441	95	96	na  	67.75
325	9	Do5	C5	318	318	1	8	441	95	96	SAZ	68
326	9	Re5	D5	327	327	1	8	441	95	96	.	68.25
327	9	Mi5	E5	336	336	1	8	441	95	96	.	68.5
328	9	Fa5	F5	340	340	1	16	221	95	96	Ký	68.625
329	9	Fa5	F5	340	340	1	8	441	99	96	rýl	68.875
330	9	Mi5	E5	336	336	1	16	221	95	96		69
331	9	Mi5	E5	336	336	1	8	441	99	96	dým 	69.25
332	9	Mi5	E5	336	336	1	16	221	99	96		69.375
333	9	Re5	D5	327	327	1	16	221	95	96		69.5
334	9	Mi5	E5	336	336	3	32	331	99	96	bir 	69.6875
335	9	Re5	D5	327	327	1	32	110	95	96		69.75
336	9	Re5	D5	327	327	1	16	221	99	96	ta	69.875
337	9	Do5	C5	318	318	1	16	221	95	96		70
338	9	Do5	C5	318	318	1	4	882	95	96	nem 	70.5
339	9	Si4b2	B4b1	312	313	1	16	221	95	96	gü	70.625
340	9	Do5	C5	318	318	1	8	441	99	96	cen	70.875
341	9	Si4b2	B4b1	312	313	1	16	221	95	96		71
342	9	Re5	D5	327	327	3	16	662	95	96	dim 	71.375
343	9	Si4b2	B4b1	312	313	1	16	221	95	96	sa	71.5
344	9	La4	A4	305	305	1	4	882	100	96	na  	72
345	9	La4	A4	305	305	1	4	882	95	96		72.5
346	9	Mi5	E5	336	336	1	8	441	95	96	ARANAÐME 	72.75
347	9	Fa5	F5	340	340	1	16	221	95	96	.	72.875
348	9	Mi5	E5	336	336	1	16	221	95	96	.	73
349	9	Sol5	G5	349	349	1	16	221	95	96	.	73.125
350	8	La5	A5	358	358	0	0	0	95	96	.	73.125
351	9	Sol5	G5	349	349	1	16	221	95	96	.	73.25
352	9	Fa5	F5	340	340	1	16	221	95	96	.	73.375
353	9	Mi5	E5	336	336	1	16	221	95	96	.	73.5
354	9	Mi5	E5	336	336	1	8	441	95	96	.	73.75
355	9	Do5	C5	318	318	1	8	441	95	96	.	74
356	9	Si4b2	B4b1	312	313	1	8	441	95	96	.	74.25
357	9	La4	A4	305	305	1	8	441	95	96	.	74.5
358	9	Mi5	E5	336	336	1	8	441	95	96	.	74.75
359	9	Fa5	F5	340	340	1	16	221	95	96	.	74.875
360	9	Mi5	E5	336	336	1	16	221	95	96	.	75
361	9	Sol5	G5	349	349	1	16	221	95	96	.	75.125
362	8	La5	A5	358	358	0	0	0	95	96	.	75.125
363	9	Sol5	G5	349	349	1	16	221	95	96	.	75.25
364	9	Fa5	F5	340	340	1	16	221	95	96	.	75.375
365	9	Mi5	E5	336	336	1	16	221	95	96	.	75.5
366	9	Mi5	E5	336	336	1	8	441	95	96	.	75.75
367	9	Do5	C5	318	318	1	8	441	95	96	.	76
368	9	Re5	D5	327	327	1	8	441	95	96	.	76.25
369	9	Mi5	E5	336	336	1	8	441	95	96	.	76.5
370	9			-1	-1	1	8	441	100	0		76.75
371	9	Fa5	F5	340	340	1	16	221	95	96	.	76.875
372	9	Fa5	F5	340	340	1	16	221	95	96	.	77
373	9	Fa5	F5	340	340	1	8	441	95	96	.	77.25
374	9	Mi5	E5	336	336	1	8	441	95	96	.	77.5
375	9	Mi5	E5	336	336	1	8	441	95	96	.	77.75
376	9	Re5	D5	327	327	1	8	441	95	96	.	78
377	8	Mi5	E5	336	336	0	0	0	95	96	.	78
378	9	Re5	D5	327	327	1	8	441	95	96	.	78.25
379	9	Do5	C5	318	318	1	8	441	95	96	.	78.5
380	9	Do5	C5	318	318	1	8	441	95	96	.	78.75
381	9	Si4b2	B4b1	312	313	1	8	441	95	96	.	79
382	9	Re5	D5	327	327	1	16	221	95	96	.	79.125
383	8	Mi5	E5	336	336	0	0	0	95	96	.	79.125
384	9	Re5	D5	327	327	1	16	221	95	96	.	79.25
385	9	Do5	C5	318	318	1	16	221	95	96	.	79.375
386	9	Si4b2	B4b1	312	313	1	16	221	95	96	.	79.5
387	9	La4	A4	305	305	1	4	882	95	96	.	80
388	9	Do5	C5	318	318	1	24	147	95	96	.	80.08334
389	9	Si4b2	B4b1	312	313	1	24	147	95	96	.	80.16666
390	9	La4	A4	305	305	1	24	147	95	96	.	80.25
391	9	Si4b2	B4b1	312	313	1	8	441	95	96	.	80.5
392	9			-1	-1	1	8	441	100	0		80.75
393	9	Fa5	F5	340	340	1	16	221	95	96	.	80.875
394	9	Fa5	F5	340	340	1	16	221	95	96	.	81
395	9	Fa5	F5	340	340	1	8	441	95	96	.	81.25
396	9	Mi5	E5	336	336	1	8	441	95	96	.	81.5
397	9	Mi5	E5	336	336	1	8	441	95	96	.	81.75
398	9	Re5	D5	327	327	1	8	441	95	96	.	82
399	8	Mi5	E5	336	336	0	0	0	95	96	.	82
400	9	Re5	D5	327	327	1	8	441	95	96	.	82.25
401	9	Do5	C5	318	318	1	8	441	95	96	.	82.5
402	9	Do5	C5	318	318	1	8	441	95	96	.	82.75
403	9	Si4b2	B4b1	312	313	1	8	441	95	96	.	83
404	9	Re5	D5	327	327	1	16	221	95	96	.	83.125
405	8	Mi5	E5	336	336	0	0	0	95	96	.	83.125
406	9	Re5	D5	327	327	1	16	221	95	96	.	83.25
407	9	Do5	C5	318	318	1	16	221	95	96	.	83.375
408	9	Si4b2	B4b1	312	313	1	16	221	95	96	.	83.5
409	9	La4	A4	305	305	1	4	882	100	96	.	84
410	9	La4	A4	305	305	1	4	882	95	96	.	84.5
411	9	Sol4	G4	296	296	1	8	441	95	96	Yýl	84.75
412	9	La4	A4	305	305	1	8	441	95	96	lar	85
413	9	La4	A4	305	305	1	4	882	95	96	dýr 	85.5
414	9	Re5	D5	327	327	3	32	331	99	96	var	85.6875
415	9	Fa5	F5	340	340	1	32	110	99	96		85.75
416	9	Mi5	E5	336	336	1	16	221	95	96		85.875
417	9	Re5	D5	327	327	1	16	221	95	96	lý	86
418	9	Re5	D5	327	327	1	4	882	95	96	ðýn 	86.5
419	9	Do5	C5	318	318	3	16	662	95	96	tek 	86.875
420	9	Si4b2	B4b1	312	313	1	16	221	95	96	te	87
421	9	Si4b2	B4b1	312	313	1	8	441	95	96	sel	87.25
422	9	Si4b2	B4b1	312	313	1	16	221	99	96	lim	87.375
423	9	La4	A4	305	305	1	16	221	95	96		87.5
424	9	La4	A4	305	305	3	16	662	95	96	di  	87.875
425	9	Re5	D5	327	327	1	16	221	95	96	SAZ	88
426	9	Do5	C5	318	318	1	16	221	95	96	.	88.125
427	9	Si4b2	B4b1	312	313	1	16	221	95	96	.	88.25
428	9	La4	A4	305	305	1	8	441	95	96	.	88.5
429	9	Do5	C5	318	318	1	16	221	95	96	Se	88.625
430	9	Re5	D5	327	327	3	16	662	95	96	nin 	89
431	9	Re5	D5	327	327	3	16	662	95	96	mut	89.375
432	9	Re5	D5	327	327	1	16	221	95	96	lu	89.5
433	9	Mi5	E5	336	336	1	16	221	95	96	lu	89.625
434	9	Do5	C5	318	318	3	16	662	100	96	ðun 	90
435	9	Do5	C5	318	318	1	4	882	95	96		90.5
436	9	Mi5	E5	336	336	3	16	662	95	96	san	90.875
437	9	Fa5	F5	340	340	1	16	221	95	96	ki 	91
438	9	Sol5	G5	349	349	1	16	221	95	96	be	91.125
439	9	Sol5	G5	349	349	1	16	221	99	96	nim	91.25
440	9	Fa5	F5	340	340	1	16	221	99	96		91.375
441	9	Mi5	E5	336	336	1	16	221	95	96		91.5
442	9	Mi5	E5	336	336	1	8	441	95	96	di  	91.75
443	9	Do5	C5	318	318	1	8	441	95	96	SAZ	92
444	9	Re5	D5	327	327	1	8	441	95	96	.	92.25
445	9	Mi5	E5	336	336	1	8	441	95	96	.	92.5
446	9	Fa5	F5	340	340	1	16	221	95	96	Ta	92.625
447	9	Fa5	F5	340	340	1	8	441	99	96	nýn	92.875
448	9	Fa5	F5	340	340	1	16	221	95	96		93
449	9	Fa5	F5	340	340	1	4	882	95	96	maz 	93.5
450	9	Sol5	G5	349	349	1	16	221	95	96	bi	93.625
451	9	La5	A5	358	358	3	16	662	95	96	lin	94
452	9	La5	A5	358	358	1	16	221	99	96	mez 	94.125
453	9	Sol5	G5	349	349	1	16	221	99	96		94.25
454	9	Fa5	F5	340	340	1	16	221	99	96		94.375
455	9	Mi5	E5	336	336	1	16	221	95	96		94.5
456	9	Mi5	E5	336	336	1	16	221	95	96	mi 	94.625
457	9	Mi5	E5	336	336	1	8	441	99	96	ol	94.875
458	9	Re5	D5	327	327	1	16	221	95	96		95
459	9	Mi5	E5	336	336	3	32	331	99	96	duk 	95.1875
460	9	Re5	D5	327	327	1	32	110	95	96		95.25
461	9	Re5	D5	327	327	1	16	221	99	96	þim	95.375
462	9	Do5	C5	318	318	1	16	221	95	96		95.5
463	9	Do5	C5	318	318	1	4	882	95	96	di  	96
464	9	Do5	C5	318	318	1	16	221	95	96	SAZ	96.125
465	9	Re5	D5	327	327	1	16	221	95	96	.	96.25
466	9	Mi5	E5	336	336	1	8	441	95	96	.	96.5
467	9	Fa5	F5	340	340	3	16	662	95	96	Ner	96.875
468	9	Mi5	E5	336	336	1	16	221	95	96	de 	97
469	9	Re5	D5	327	327	1	8	441	95	96	o 	97.25
470	9			-1	-1	1	8	441	100	0		97.5
471	9	Mi5	E5	336	336	1	16	221	95	96	de	97.625
472	9	Re5	D5	327	327	1	8	441	99	96	miþ	97.875
473	9	Do5	C5	318	318	1	16	221	95	96		98
474	9	Do5	C5	318	318	1	4	882	95	96	sin 	98.5
475	9	Si4b2	B4b1	312	313	1	16	221	95	96	gü	98.625
476	9	Do5	C5	318	318	1	8	441	99	96	cen	98.875
477	9	Si4b2	B4b1	312	313	1	16	221	95	96		99
478	9	Re5	D5	327	327	3	16	662	95	96	dim 	99.375
479	9	Si4b2	B4b1	312	313	1	16	221	95	96	sa	99.5
480	9	La4	A4	305	305	3	16	662	95	96	na  	99.875
481	9	Re5	D5	327	327	1	16	221	95	96	SAZ	100
482	9	Do5	C5	318	318	1	16	221	95	96	.	100.125
483	9	Si4b2	B4b1	312	313	1	16	221	95	96	.	100.25
484	9	La4	A4	305	305	1	8	441	95	96	.	100.5
485	9	Sol4	G4	296	296	1	8	441	95	96	Yýl	100.75
486	9	La4	A4	305	305	1	8	441	95	96	lar	101
487	9	La4	A4	305	305	1	4	882	95	96	dýr 	101.5
488	9	Re5	D5	327	327	3	32	331	99	96	var	101.6875
489	9	Fa5	F5	340	340	1	32	110	99	96		101.75
490	9	Mi5	E5	336	336	1	16	221	95	96		101.875
491	9	Re5	D5	327	327	1	16	221	95	96	lý	102
492	9	Re5	D5	327	327	1	4	882	95	96	ðýn 	102.5
493	9	Do5	C5	318	318	3	16	662	95	96	tek 	102.875
494	9	Si4b2	B4b1	312	313	1	16	221	95	96	te	103
495	9	Si4b2	B4b1	312	313	1	8	441	95	96	sel	103.25
496	9	Si4b2	B4b1	312	313	1	16	221	99	96	lim	103.375
497	9	La4	A4	305	305	1	16	221	95	96		103.5
498	9	La4	A4	305	305	3	16	662	95	96	di  	103.875
499	9	Re5	D5	327	327	1	16	221	95	96	SAZ	104
500	9	Do5	C5	318	318	1	16	221	95	96	.	104.125
501	9	Si4b2	B4b1	312	313	1	16	221	95	96	.	104.25
502	9	La4	A4	305	305	1	8	441	95	96	.	104.5
503	9	Do5	C5	318	318	1	16	221	95	96	Se	104.625
504	9	Re5	D5	327	327	3	16	662	95	96	nin 	105
505	9	Re5	D5	327	327	3	16	662	95	96	mut	105.375
506	9	Re5	D5	327	327	1	16	221	95	96	lu	105.5
507	9	Mi5	E5	336	336	1	16	221	95	96	lu	105.625
508	9	Do5	C5	318	318	3	16	662	100	96	ðun 	106
509	9	Do5	C5	318	318	1	4	882	95	96		106.5
510	9	Mi5	E5	336	336	3	16	662	95	96	san	106.875
511	9	Fa5	F5	340	340	1	16	221	95	96	ki 	107
512	9	Sol5	G5	349	349	1	16	221	95	96	be	107.125
513	9	Sol5	G5	349	349	1	16	221	99	96	nim	107.25
514	9	Fa5	F5	340	340	1	16	221	99	96		107.375
515	9	Mi5	E5	336	336	1	16	221	95	96		107.5
516	9	Mi5	E5	336	336	1	8	441	95	96	di  	107.75
517	9	Do5	C5	318	318	1	8	441	95	96	SAZ	108
518	9	Re5	D5	327	327	1	8	441	95	96	.	108.25
519	9	Mi5	E5	336	336	1	8	441	95	96	.	108.5
520	9	Fa5	F5	340	340	1	16	221	95	96	Ta	108.625
521	9	Fa5	F5	340	340	1	8	441	99	96	nýn	108.875
522	9	Fa5	F5	340	340	1	16	221	95	96		109
523	9	Fa5	F5	340	340	1	4	882	95	96	maz 	109.5
524	9	Sol5	G5	349	349	1	16	221	95	96	bi	109.625
525	9	La5	A5	358	358	3	16	662	95	96	lin	110
526	9	La5	A5	358	358	1	16	221	99	96	mez 	110.125
527	9	Sol5	G5	349	349	1	16	221	99	96		110.25
528	9	Fa5	F5	340	340	1	16	221	99	96		110.375
529	9	Mi5	E5	336	336	1	16	221	95	96		110.5
530	9	Mi5	E5	336	336	1	16	221	95	96	mi 	110.625
531	9	Mi5	E5	336	336	1	8	441	99	96	ol	110.875
532	9	Re5	D5	327	327	1	16	221	95	96		111
533	9	Mi5	E5	336	336	3	32	331	99	96	duk 	111.1875
534	9	Re5	D5	327	327	1	32	110	95	96		111.25
535	9	Re5	D5	327	327	1	16	221	99	96	þim	111.375
536	9	Do5	C5	318	318	1	16	221	95	96		111.5
537	9	Do5	C5	318	318	1	4	882	95	96	di  	112
538	9	Do5	C5	318	318	1	16	221	95	96	SAZ	112.125
539	9	Re5	D5	327	327	1	16	221	95	96	.	112.25
540	9	Mi5	E5	336	336	1	8	441	95	96	.	112.5
541	9	Fa5	F5	340	340	3	16	662	95	96	Ner	112.875
542	9	Mi5	E5	336	336	1	16	221	95	96	de 	113
543	9	Re5	D5	327	327	1	8	441	95	96	o 	113.25
544	9			-1	-1	1	8	441	100	0		113.5
545	9	Mi5	E5	336	336	1	16	221	95	96	de	113.625
546	9	Re5	D5	327	327	1	8	441	99	96	miþ	113.875
547	9	Do5	C5	318	318	1	16	221	95	96		114
548	9	Do5	C5	318	318	1	4	882	95	96	sin 	114.5
549	9	Si4b2	B4b1	312	313	1	16	221	95	96	gü	114.625
550	9	Do5	C5	318	318	1	8	441	99	96	cen	114.875
551	9	Si4b2	B4b1	312	313	1	16	221	95	96		115
552	9	Re5	D5	327	327	3	16	662	95	96	dim 	115.375
553	9	Si4b2	B4b1	312	313	1	16	221	95	96	sa	115.5
554	9	La4	A4	305	305	1	4	882	100	96	na  	116
555	9	La4	A4	305	305	1	4	882	95	96		116.5
556	9			-1	-1	1	8	441	100	0		116.75
557	9	Fa5	F5	340	340	1	8	441	95	96	SAZ	117
558	9	Mi5	E5	336	336	1	8	441	95	96	.	117.25
559	9	Re5	D5	327	327	1	8	441	95	96	.	117.5
560	9	Mi5	E5	336	336	1	8	441	95	96	.	117.75
561	9	Re5	D5	327	327	1	16	221	95	96	.	117.875
562	9	Do5	C5	318	318	1	16	221	95	96	.	118
563	9	Do5	C5	318	318	1	4	882	95	96	.	118.5
564	9	Do5	C5	318	318	1	8	441	95	96	.	118.75
565	9	Si4b2	B4b1	312	313	1	8	441	95	96	.	119
566	9	Re5	D5	327	327	1	8	441	95	96	.	119.25
567	9	Do5	C5	318	318	1	16	221	95	96	.	119.375
568	9	Si4b2	B4b1	312	313	1	16	221	95	96	.	119.5
569	9	La4	A4	305	305	1	8	441	95	96	.	119.75
570	9	La4	A4	305	305	1	16	221	95	96	.	119.875
571	9	Do5	C5	318	318	1	16	221	95	96	.	120
572	9	Re5	D5	327	327	1	16	221	95	96	.	120.125
573	9	Mi5	E5	336	336	1	16	221	95	96	.	120.25
574	9	Fa5#3	F5#4	343	344	1	16	221	95	96	.	120.375
575	9	Sol5	G5	349	349	1	16	221	95	96	.	120.5
576	9	La5	A5	358	358	1	8	441	95	96	.	120.75
577	9	Sol5	G5	349	349	1	16	221	95	96	Sa	120.875
578	9	La5	A5	358	358	1	16	221	95	96	na 	121
579	9	La5	A5	358	358	3	8	1323	95	96	kin 	121.75
580	9	La5	A5	358	358	1	16	221	95	96	tu	121.875
581	9	Si5b2	B5b1	365	366	1	16	221	95	96	ta	122
582	9	Sol5	G5	349	349	1	4	882	95	96	mam 	122.5
583	9	La5	A5	358	358	1	8	441	95	96	laf 	122.75
584	9	La5	A5	358	358	1	16	221	99	96	söy	122.875
585	9	Sol5	G5	349	349	1	16	221	99	96		123
586	9	Fa5#3	F5#4	343	344	1	16	221	99	96		123.125
587	9	Mi5	E5	336	336	1	16	221	95	96		123.25
588	9	Fa5#3	F5#4	343	344	1	16	221	95	96	le	123.375
589	9	Sol5	G5	349	349	1	16	221	95	96	ye	123.5
590	9	La5	A5	358	358	1	4	882	95	96	mem  	124
591	9	La5	A5	358	358	1	16	221	95	96	SAZ	124.125
592	9	Si5b2	B5b1	365	366	1	16	221	95	96	.	124.25
593	9	Do6	C6	371	371	1	8	441	95	96	.	124.5
594	9	Do6	C6	371	371	1	16	221	95	96	Na	124.625
595	9	Do6	C6	371	371	1	8	441	99	96	sýl 	124.875
596	9	Do6	C6	371	371	1	16	221	99	96		125
597	9	Do6	C6	371	371	1	8	441	95	96		125.25
598	9	Do6	C6	371	371	1	16	221	95	96	u	125.375
599	9	Si5b2	B5b1	365	366	1	16	221	95	96	nu	125.5
600	9	Do6	C6	371	371	1	8	441	99	96	tur	125.75
601	9	Re6	D6	380	380	1	8	441	95	96		126
602	9	Do6	C6	371	371	1	8	441	99	96	sun 	126.25
603	9	Si5b2	B5b1	365	366	1	8	441	95	96		126.5
604	9	Re6	D6	380	380	1	16	221	95	96	na	126.625
605	9	Re6	D6	380	380	1	8	441	99	96	sýl 	126.875
606	9	Do6	C6	371	371	1	16	221	99	96		127
607	9	Do6	C6	371	371	1	16	221	99	96		127.125
608	9	Si5b2	B5b1	365	366	1	16	221	95	96		127.25
609	9	Si5b2	B5b1	365	366	1	16	221	95	96	di	127.375
610	9	La5	A5	358	358	1	16	221	95	96	ye	127.5
611	9	La5	A5	358	358	1	4	882	95	96	mem  	128
612	9	Fa5#3	F5#4	343	344	1	16	221	95	96	SAZ	128.125
613	9	Sol5	G5	349	349	1	16	221	95	96	.	128.25
614	9	La5	A5	358	358	1	8	441	95	96	.	128.5
615	9	Sol5	G5	349	349	1	16	221	95	96	Be	128.625
616	9	La5	A5	358	358	1	8	441	99	96	nim	128.875
617	9	La5	A5	358	358	1	16	221	95	96		129
618	9	Si5b5	B5b5	362	362	1	4	882	95	96	ki 	129.5
619	9	La5	A5	358	358	3	32	331	99	96	yal	129.6875
620	9	Sol5	G5	349	349	1	32	110	95	96		129.75
621	9	Sol5	G5	349	349	1	16	221	99	96	nýz	129.875
622	9	Fa5	F5	340	340	1	16	221	95	96		130
623	9	Fa5	F5	340	340	1	4	882	95	96	ca 	130.5
624	9	Mi5	E5	336	336	1	16	221	95	96	kü	130.625
625	9	Fa5	F5	340	340	3	16	662	95	96	çük 	131
626	9	La5	A5	358	358	3	16	662	95	96	bir 	131.375
627	9	Fa5	F5	340	340	1	16	221	95	96	si	131.5
628	9	Mi5	E5	336	336	1	8	441	95	96	tem  	131.75
629	9	Mi5	E5	336	336	1	16	221	95	96	SAZ	131.875
630	9	Re5	D5	327	327	1	16	221	95	96	.	132
631	9	Do5	C5	318	318	1	16	221	95	96	.	132.125
632	9	Re5	D5	327	327	1	16	221	95	96	.	132.25
633	9	Mi5	E5	336	336	1	8	441	95	96	.	132.5
634	9	Fa5	F5	340	340	1	16	221	95	96	Ký	132.625
635	9	Fa5	F5	340	340	1	8	441	99	96	rýl	132.875
636	9	Mi5	E5	336	336	1	16	221	95	96		133
637	9	Mi5	E5	336	336	1	8	441	99	96	dým 	133.25
638	9	Mi5	E5	336	336	1	16	221	99	96		133.375
639	9	Re5	D5	327	327	1	16	221	95	96		133.5
640	9	Mi5	E5	336	336	3	32	331	99	96	bir 	133.6875
641	9	Re5	D5	327	327	1	32	110	95	96		133.75
642	9	Re5	D5	327	327	1	16	221	99	96	ta	133.875
643	9	Do5	C5	318	318	1	16	221	95	96		134
644	9	Do5	C5	318	318	1	4	882	95	96	nem 	134.5
645	9	Si4b2	B4b1	312	313	1	16	221	95	96	gü	134.625
646	9	Do5	C5	318	318	1	8	441	99	96	cen	134.875
647	9	Si4b2	B4b1	312	313	1	16	221	95	96		135
648	9	Re5	D5	327	327	3	16	662	95	96	dim 	135.375
649	9	Si4b2	B4b1	312	313	1	16	221	95	96	sa	135.5
650	9	La4	A4	305	305	1	4	882	100	96	na  	136
651	9	La4	A4	305	305	1	4	882	95	96		136.5
652	9	Mi5	E5	336	336	1	16	221	95	96	Gü	136.625
653	9	Fa5	F5	340	340	1	8	441	99	96	cen	136.875
654	9	Mi5	E5	336	336	1	16	221	95	96		137
655	9	Sol5	G5	349	349	3	16	662	95	96	dim 	137.375
656	9	Fa5	F5	340	340	1	16	221	95	96	sa	137.5
657	9	Mi5	E5	336	336	1	8	441	95	96	na 	137.75
658	9	Do5	C5	318	318	1	8	441	95	96	SAZ	138
659	9	Si4b2	B4b1	312	313	1	8	441	95	96	.	138.25
660	9	La4	A4	305	305	1	8	441	95	96	.	138.5
661	9	Mi5	E5	336	336	1	16	221	95	96	gü	138.625
662	9	Fa5	F5	340	340	1	8	441	99	96	cen	138.875
663	9	Mi5	E5	336	336	1	16	221	95	96		139
664	9	Sol5	G5	349	349	3	16	662	95	96	dim 	139.375
665	9	Fa5	F5	340	340	1	16	221	95	96	sa	139.5
666	9	Mi5	E5	336	336	1	8	441	95	96	na  	139.75
667	9	Do5	C5	318	318	1	8	441	95	96	SAZ	140
668	9	Re5	D5	327	327	1	8	441	95	96	.	140.25
669	9	Mi5	E5	336	336	1	8	441	95	96	.	140.5
670	9	Fa5	F5	340	340	1	16	221	95	96	Ký	140.625
671	9	Fa5	F5	340	340	1	8	441	99	96	rýl	140.875
672	9	Mi5	E5	336	336	1	16	221	95	96		141
673	9	Mi5	E5	336	336	1	8	441	99	96	dým 	141.25
674	9	Mi5	E5	336	336	1	16	221	99	96		141.375
675	9	Re5	D5	327	327	1	16	221	95	96		141.5
676	9	Mi5	E5	336	336	3	32	331	99	96	bir 	141.6875
677	9	Re5	D5	327	327	1	32	110	95	96		141.75
678	9	Re5	D5	327	327	1	16	221	99	96	ta	141.875
679	9	Do5	C5	318	318	1	16	221	95	96		142
680	9	Do5	C5	318	318	1	4	882	95	96	nem 	142.5
681	9	Si4b2	B4b1	312	313	1	16	221	95	96	gü	142.625
682	9	Do5	C5	318	318	1	8	441	99	96	cen	142.875
683	9	Si4b2	B4b1	312	313	1	16	221	95	96		143
684	9	Re5	D5	327	327	3	16	662	95	96	dim 	143.375
685	9	Si4b2	B4b1	312	313	1	16	221	95	96	sa	143.5
686	9	La4	A4	305	305	1	4	882	100	96	na  	144
687	9	La4	A4	305	305	1	4	882	95	96		144.5
