Sira	Kod	Nota53	NotaAE	Koma53	KomaAE	Pay	Payda	Ms	LNS	Bas	Soz1	Offset
1	9			-1	-1	1	8	250	100	0		0.125
2	9	Mi5	E5	336	336	1	8	250	95	96	ARANAÐME 	0.25
3	9	Re5	D5	327	327	1	8	250	95	96	.	0.375
4	9	Mi5	E5	336	336	1	8	250	95	96	.	0.5
5	9	Fa5	F5	340	340	1	8	250	95	96	.	0.625
6	9	Re5	D5	327	327	1	4	500	95	96	.	0.875
7	9	Do5	C5	318	318	1	8	250	95	96	.	1
8	9	Mi5	E5	336	336	1	8	250	95	96	.	1.125
9	9	Do5	C5	318	318	1	4	500	95	96	.	1.375
10	9	Si4b2	B4b1	312	313	1	8	250	95	96	.	1.5
11	9	Do5	C5	318	318	1	4	500	95	96	.	1.75
12	9	Re5	D5	327	327	1	4	500	95	96	.	2
13	9			-1	-1	1	8	250	100	0	.	2.125
14	9	Re5	D5	327	327	1	8	250	95	96	.	2.25
15	9	Do5	C5	318	318	1	8	250	95	96	.	2.375
16	9	Re5	D5	327	327	1	8	250	95	96	.	2.5
17	9	Mi5	E5	336	336	1	8	250	95	96	.	2.625
18	9	Do5	C5	318	318	1	4	500	95	96	.	2.875
19	9	Si4b2	B4b1	312	313	1	8	250	95	96	.	3
20	9	Re5	D5	327	327	1	8	250	95	96	.	3.125
21	9	Si4b2	B4b1	312	313	1	4	500	95	96	.	3.375
22	9	La4	A4	305	305	1	8	250	95	96	.	3.5
23	9	Si4b2	B4b1	312	313	1	4	500	95	96	.	3.75
24	9	Do5	C5	318	318	1	4	500	95	96	.	4
25	9			-1	-1	1	8	250	100	0	.	4.125
26	9	Do5	C5	318	318	1	8	250	95	96	.	4.25
27	9	Si4b2	B4b1	312	313	1	8	250	95	96	.	4.375
28	9	Do5	C5	318	318	1	8	250	95	96	.	4.5
29	9	Re5	D5	327	327	1	8	250	95	96	.	4.625
30	9	Si4b2	B4b1	312	313	1	4	500	95	96	.	4.875
31	9	La4	A4	305	305	1	8	250	95	96	.	5
32	9	Si4b2	B4b1	312	313	1	8	250	95	96	.	5.125
33	9	La4	A4	305	305	1	4	500	95	96	.	5.375
34	9	Sol4	G4	296	296	1	8	250	95	96	.	5.5
35	9	La4	A4	305	305	1	8	250	95	96	.	5.625
36	9	Do5	C5	318	318	1	8	250	95	96	.	5.75
37	9	Si4b2	B4b1	312	313	1	4	500	95	96	.	6
38	9			-1	-1	1	8	250	100	0	.	6.125
39	9	Sol5	G5	349	349	1	8	250	95	96	.	6.25
40	9	Fa5#4	F5#4	344	344	1	8	250	95	96	.	6.375
41	9	La5	A5	358	358	1	8	250	95	96	.	6.5
42	9	Sol5	G5	349	349	1	8	250	95	96	.	6.625
43	9	Fa5	F5	340	340	1	8	250	95	96	.	6.75
44	9	Mi5	E5	336	336	1	8	250	95	96	.	6.875
45	9	Re5	D5	327	327	1	8	250	95	96	.	7
46	9	Do5	C5	318	318	1	8	250	95	96	.	7.125
47	9	Si4b2	B4b1	312	313	1	8	250	95	96	.	7.25
48	9	Si4b2	B4b1	312	313	1	8	250	95	96	.	7.375
49	9	La4	A4	305	305	1	8	250	95	96	.	7.5
50	9	La4	A4	305	305	1	2	1000	95	96	.  	8
51	52			0	0	1	8	0	127	113		8.125
52	9			-1	-1	1	8	250	100	0		8.25
53	9	Mi5	E5	336	336	1	8	250	95	96	ARANAÐME 	8.375
54	9	Re5	D5	327	327	1	8	250	95	96	.	8.5
55	9	Mi5	E5	336	336	1	8	250	95	96	.	8.625
56	9	Fa5	F5	340	340	1	8	250	95	96	.	8.75
57	9	Re5	D5	327	327	1	4	500	95	96	.	9
58	9	Do5	C5	318	318	1	8	250	95	96	.	9.125
59	9	Mi5	E5	336	336	1	8	250	95	96	.	9.25
60	9	Do5	C5	318	318	1	4	500	95	96	.	9.5
61	9	Si4b2	B4b1	312	313	1	8	250	95	96	.	9.625
62	9	Do5	C5	318	318	1	4	500	95	96	.	9.875
63	9	Re5	D5	327	327	1	4	500	95	96	.	10.125
64	9			-1	-1	1	8	250	100	0	.	10.25
65	9	Re5	D5	327	327	1	8	250	95	96	.	10.375
66	9	Do5	C5	318	318	1	8	250	95	96	.	10.5
67	9	Re5	D5	327	327	1	8	250	95	96	.	10.625
68	9	Mi5	E5	336	336	1	8	250	95	96	.	10.75
69	9	Do5	C5	318	318	1	4	500	95	96	.	11
70	9	Si4b2	B4b1	312	313	1	8	250	95	96	.	11.125
71	9	Re5	D5	327	327	1	8	250	95	96	.	11.25
72	9	Si4b2	B4b1	312	313	1	4	500	95	96	.	11.5
73	9	La4	A4	305	305	1	8	250	95	96	.	11.625
74	9	Si4b2	B4b1	312	313	1	4	500	95	96	.	11.875
75	9	Do5	C5	318	318	1	4	500	95	96	.	12.125
76	9			-1	-1	1	8	250	100	0	.	12.25
77	9	Do5	C5	318	318	1	8	250	95	96	.	12.375
78	9	Si4b2	B4b1	312	313	1	8	250	95	96	.	12.5
79	9	Do5	C5	318	318	1	8	250	95	96	.	12.625
80	9	Re5	D5	327	327	1	8	250	95	96	.	12.75
81	9	Si4b2	B4b1	312	313	1	4	500	95	96	.	13
82	9	La4	A4	305	305	1	8	250	95	96	.	13.125
83	9	Si4b2	B4b1	312	313	1	8	250	95	96	.	13.25
84	9	La4	A4	305	305	1	4	500	95	96	.	13.5
85	9	Sol4	G4	296	296	1	8	250	95	96	.	13.625
86	9	La4	A4	305	305	1	8	250	95	96	.	13.75
87	9	Do5	C5	318	318	1	8	250	95	96	.	13.875
88	9	Si4b2	B4b1	312	313	1	4	500	95	96	.	14.125
89	9			-1	-1	1	8	250	100	0	.	14.25
90	9	Sol5	G5	349	349	1	8	250	95	96	.	14.375
91	9	Fa5#4	F5#4	344	344	1	8	250	95	96	.	14.5
92	9	La5	A5	358	358	1	8	250	95	96	.	14.625
93	9	Sol5	G5	349	349	1	8	250	95	96	.	14.75
94	9	Fa5	F5	340	340	1	8	250	95	96	.	14.875
95	9	Mi5	E5	336	336	1	8	250	95	96	.	15
96	9	Re5	D5	327	327	1	8	250	95	96	.	15.125
97	9	Do5	C5	318	318	1	8	250	95	96	.	15.25
98	9	Si4b2	B4b1	312	313	1	8	250	95	96	.	15.375
99	9	Si4b2	B4b1	312	313	1	8	250	95	96	.	15.5
100	9	La4	A4	305	305	1	8	250	95	96	.	15.625
101	9	La4	A4	305	305	1	2	1000	95	96	.  	16.125
102	9	Re5	D5	327	327	1	8	250	95	96	Ba	16.25
103	9	Re5	D5	327	327	1	8	250	99	96	hâ	16.375
104	9	Do5	C5	318	318	1	8	250	99	96		16.5
105	9	Si4b2	B4b1	312	313	1	8	250	95	96		16.625
106	9	Si4b2	B4b1	312	313	1	8	250	99	96	rý 	16.75
107	9	La4	A4	305	305	3	8	750	95	96		17.125
108	9	La4	A4	305	305	1	4	500	95	96	bek	17.375
109	9	La4	A4	305	305	1	4	500	95	96	ler	17.625
110	9	Do5	C5	318	318	1	12	167	99	96	ken 	17.70833
111	9	Si4b2	B4b1	312	313	1	12	167	99	96		17.79167
112	9	La4	A4	305	305	1	12	167	99	96		17.875
113	9	Si4b2	B4b1	312	313	1	4	500	95	96		18.125
114	9	Do5	C5	318	318	1	4	500	95	96	öm	18.375
115	9	Do5	C5	318	318	1	8	250	99	96	rüm 	18.5
116	9	Si4b2	B4b1	312	313	1	8	250	95	96		18.625
117	9	Re5	D5	327	327	1	8	250	95	96	kýþ_	18.75
118	9	Do5	C5	318	318	1	8	250	99	96	ol	18.875
119	9	Si4b2	B4b1	312	313	1	8	250	99	96		19
120	9	La4	A4	305	305	1	8	250	95	96		19.125
121	9	La4	A4	305	305	3	8	750	95	96	du  	19.5
122	9	Re5	D5	327	327	1	8	250	95	96	SAZ 	19.625
123	9	Do5	C5	318	318	1	8	250	95	96	.	19.75
124	9	Si4b2	B4b1	312	313	1	8	250	95	96	.	19.875
125	9	La4	A4	305	305	1	4	500	95	96	.	20.125
126	9	Do5	C5	318	318	1	8	250	95	96	Gö	20.25
127	9	Do5	C5	318	318	1	4	500	99	96	züm	20.5
128	9	Re5	D5	327	327	1	8	250	95	96		20.625
129	9	Mi5	E5	336	336	1	4	500	95	96	de 	20.875
130	9			-1	-1	1	4	500	100	0		21.125
131	9			-1	-1	1	8	250	100	0		21.25
132	9	Re5	D5	327	327	1	4	500	95	96	her 	21.5
133	9	Re5	D5	327	327	1	8	250	95	96	za	21.625
134	9	Mi5	E5	336	336	1	2	1000	95	96	man 	22.125
135	9	Mi5	E5	336	336	1	8	250	95	96	bi	22.25
136	9	Sol5	G5	349	349	1	4	500	95	96	raz 	22.5
137	9			-1	-1	1	8	250	100	0		22.625
138	9	Re5	D5	327	327	1	8	250	95	96	yaþ_	22.75
139	9	Do5	C5	318	318	1	8	250	99	96	ol	22.875
140	9	Si4b2	B4b1	312	313	1	8	250	99	96		23
141	9	La4	A4	305	305	1	8	250	95	96		23.125
142	9	Re5	D5	327	327	1	2	1000	95	96	du  	23.625
143	9	Do5	C5	318	318	1	8	250	95	96	SAZ 	23.75
144	9	Si4b2	B4b1	312	313	1	8	250	95	96	.	23.875
145	9	La4	A4	305	305	1	4	500	95	96	.	24.125
146	9	Re5	D5	327	327	1	8	250	95	96	Ba	24.25
147	9	Re5	D5	327	327	1	8	250	99	96	hâ	24.375
148	9	Do5	C5	318	318	1	8	250	99	96		24.5
149	9	Si4b2	B4b1	312	313	1	8	250	95	96		24.625
150	9	Si4b2	B4b1	312	313	1	8	250	99	96	rý 	24.75
151	9	La4	A4	305	305	3	8	750	95	96		25.125
152	9	La4	A4	305	305	1	4	500	95	96	bek	25.375
153	9	La4	A4	305	305	1	4	500	95	96	ler	25.625
154	9	Do5	C5	318	318	1	12	167	99	96	ken 	25.70833
155	9	Si4b2	B4b1	312	313	1	12	167	99	96		25.79167
156	9	La4	A4	305	305	1	12	167	99	96		25.875
157	9	Si4b2	B4b1	312	313	1	4	500	95	96		26.125
158	9	Do5	C5	318	318	1	4	500	95	96	öm	26.375
159	9	Do5	C5	318	318	1	8	250	99	96	rüm 	26.5
160	9	Si4b2	B4b1	312	313	1	8	250	95	96		26.625
161	9	Re5	D5	327	327	1	8	250	95	96	kýþ_	26.75
162	9	Do5	C5	318	318	1	8	250	99	96	ol	26.875
163	9	Si4b2	B4b1	312	313	1	8	250	99	96		27
164	9	La4	A4	305	305	1	8	250	95	96		27.125
165	9	La4	A4	305	305	3	8	750	95	96	du  	27.5
166	9	Re5	D5	327	327	1	8	250	95	96	SAZ 	27.625
167	9	Do5	C5	318	318	1	8	250	95	96	.	27.75
168	9	Si4b2	B4b1	312	313	1	8	250	95	96	.	27.875
169	9	La4	A4	305	305	1	4	500	95	96	.	28.125
170	9	Do5	C5	318	318	1	8	250	95	96	Gö	28.25
171	9	Do5	C5	318	318	1	4	500	99	96	züm	28.5
172	9	Re5	D5	327	327	1	8	250	95	96		28.625
173	9	Mi5	E5	336	336	1	4	500	95	96	de 	28.875
174	9			-1	-1	1	4	500	100	0		29.125
175	9			-1	-1	1	8	250	100	0		29.25
176	9	Re5	D5	327	327	1	4	500	95	96	her 	29.5
177	9	Re5	D5	327	327	1	8	250	95	96	za	29.625
178	9	Mi5	E5	336	336	1	2	1000	95	96	man 	30.125
179	9	Mi5	E5	336	336	1	8	250	95	96	bi	30.25
180	9	Sol5	G5	349	349	1	4	500	95	96	raz 	30.5
181	9			-1	-1	1	8	250	100	0		30.625
182	9	Re5	D5	327	327	1	8	250	95	96	yaþ_	30.75
183	9	Do5	C5	318	318	1	8	250	99	96	ol	30.875
184	9	Si4b2	B4b1	312	313	1	8	250	99	96		31
185	9	La4	A4	305	305	1	8	250	95	96		31.125
186	9	Re5	D5	327	327	1	2	1000	95	96	du  	31.625
187	9	Sol4	G4	296	296	1	8	250	95	96	SAZ 	31.75
188	9	La4	A4	305	305	1	8	250	95	96	.	31.875
189	9	Si4b2	B4b1	312	313	1	8	250	95	96	.	32
190	9	Do5	C5	318	318	1	8	250	95	96	.	32.125
191	9	Re5	D5	327	327	1	8	250	95	96	.  	32.25
192	9	Fa5	F5	340	340	1	4	500	95	96	En 	32.5
193	9	Fa5	F5	340	340	1	8	250	95	96	gü	32.625
194	9	Fa5	F5	340	340	1	4	500	99	96	zel 	32.875
195	9	Mi5	E5	336	336	1	8	250	99	96		33
196	9	Re5	D5	327	327	1	8	250	99	96		33.125
197	9	Do5	C5	318	318	1	8	250	95	96		33.25
198	9	Mi5	E5	336	336	1	4	500	95	96	duy	33.5
199	9	Mi5	E5	336	336	1	8	250	95	96	gu	33.625
200	9	Mi5	E5	336	336	1	4	500	99	96	lar 	33.875
201	9	Re5	D5	327	327	1	8	250	99	96		34
202	9	Do5	C5	318	318	1	8	250	99	96		34.125
203	9	Si4b2	B4b1	312	313	1	8	250	99	96		34.25
204	9	La4	A4	305	305	1	8	250	95	96		34.375
205	9	Do5	C5	318	318	1	8	250	95	96	ba	34.5
206	9	Re5	D5	327	327	1	8	250	95	96	na 	34.625
207	9	Re5	D5	327	327	1	8	250	95	96	düþ_	34.75
208	9	Do5	C5	318	318	1	8	250	99	96	ol	34.875
209	9	Si4b2	B4b1	312	313	1	8	250	99	96		35
210	9	La4	A4	305	305	1	8	250	95	96		35.125
211	9	Do5	C5	318	318	1	12	167	99	96	du  	35.20833
212	9	Si4b2	B4b1	312	313	1	12	167	99	96		35.29167
213	9	La4	A4	305	305	1	12	167	99	96		35.375
214	9	Si4b2	B4b1	312	313	1	4	500	95	96		35.625
215	9	Si4b2	B4b1	312	313	1	12	167	95	96	SAZ 	35.70833
216	9	La4	A4	305	305	1	12	167	95	96	.	35.79167
217	9	Si4b2	B4b1	312	313	1	12	167	95	96	.	35.875
218	9	Do5	C5	318	318	1	12	167	95	96	.	35.95833
219	9	Si4b2	B4b1	312	313	1	12	167	95	96	.	36.04167
220	9	La4	A4	305	305	1	12	167	95	96	.	36.125
221	9	Sol4	G4	296	296	1	8	250	95	96	.  	36.25
222	9	Re5	D5	327	327	1	4	500	95	96	Yor	36.5
223	9	Do5	C5	318	318	1	8	250	95	96	gu	36.625
224	9	Do5	C5	318	318	1	8	250	99	96	num 	36.75
225	9	Si4b2	B4b1	312	313	1	8	250	99	96		36.875
226	9	Si4b2	B4b1	312	313	1	8	250	99	96		37
227	9	La4	A4	305	305	1	8	250	95	96		37.125
228	9			-1	-1	1	8	250	100	0		37.25
229	9	La4	A4	305	305	1	4	500	95	96	dost	37.5
230	9	Do5	C5	318	318	1	8	250	95	96	la	37.625
231	9	Si4b2	B4b1	312	313	3	16	375	99	96	rým 	37.8125
232	9	La4	A4	305	305	1	16	125	99	96		37.875
233	9	Sol4	G4	296	296	1	4	500	95	96		38.125
234	9			-1	-1	1	8	250	100	0		38.25
235	9	Si4b2	B4b1	312	313	1	4	500	95	96	yor	38.5
236	9	Do5	C5	318	318	1	8	250	95	96	gu	38.625
237	9	Re5	D5	327	327	1	8	250	95	96	num_	38.75
238	9	Do5	C5	318	318	1	8	250	99	96	ar	38.875
239	9	Si4b2	B4b1	312	313	1	8	250	99	96		39
240	9	La4	A4	305	305	1	8	250	95	96		39.125
241	9	Do5	C5	318	318	1	12	167	99	96	týk  	39.20833
242	9	Si4b2	B4b1	312	313	1	12	167	99	96		39.29167
243	9	La4	A4	305	305	1	12	167	99	96		39.375
244	9	Si4b2	B4b1	312	313	1	4	500	95	96		39.625
245	9	Si4b2	B4b1	312	313	1	12	167	95	96	SAZ 	39.70833
246	9	La4	A4	305	305	1	12	167	95	96	.	39.79167
247	9	Si4b2	B4b1	312	313	1	12	167	95	96	.	39.875
248	9	Do5	C5	318	318	1	12	167	95	96	.	39.95833
249	9	Si4b2	B4b1	312	313	1	12	167	95	96	.	40.04167
250	9	La4	A4	305	305	1	12	167	95	96	.	40.125
251	9	Sol4	G4	296	296	1	8	250	95	96	Ve	40.25
252	9	Re5	D5	327	327	1	8	250	99	96	fâ	40.375
253	9	Do5	C5	318	318	1	8	250	99	96		40.5
254	9	Si4b2	B4b1	312	313	1	8	250	95	96		40.625
255	9	Si4b2	B4b1	312	313	1	8	250	99	96	sýz 	40.75
256	9	La4	A4	305	305	3	8	750	95	96		41.125
257	9			-1	-1	1	8	250	100	0		41.25
258	9	La4	A4	305	305	1	4	500	95	96	yýl	41.5
259	9	Do5	C5	318	318	1	8	250	95	96	la	41.625
260	9	Si4b2	B4b1	312	313	3	16	375	99	96	ra 	41.8125
261	9	La4	A4	305	305	1	16	125	99	96		41.875
262	9	Sol4	G4	296	296	1	4	500	95	96		42.125
263	9			-1	-1	1	8	250	100	0		42.25
264	9	Do5	C5	318	318	1	8	250	99	96	dar	42.375
265	9	Si4b2	B4b1	312	313	1	8	250	95	96		42.5
266	9	Do5	C5	318	318	1	8	250	95	96	gý	42.625
267	9	Re5	D5	327	327	1	12	167	95	96	ným 	42.70833
268	9	Do5	C5	318	318	1	12	167	95	96		42.79167
269	9	Si4b2	B4b1	312	313	1	12	167	95	96		42.875
270	9	Si4b2	B4b1	312	313	1	8	250	99	96	ar	43
271	9	La4	A4	305	305	1	8	250	95	96		43.125
272	9	La4	A4	305	305	1	2	1000	95	96	týk  	43.625
273	9	Sol4	G4	296	296	1	8	250	95	96	SAZ 	43.75
274	9	La4	A4	305	305	1	8	250	95	96	.	43.875
275	9	Si4b2	B4b1	312	313	1	8	250	95	96	.	44
276	9	Do5	C5	318	318	1	8	250	95	96	.	44.125
277	9	Sol4	G4	296	296	1	8	250	95	96	.  	44.25
278	9	Re5	D5	327	327	1	4	500	95	96	Yor	44.5
279	9	Do5	C5	318	318	1	8	250	95	96	gu	44.625
280	9	Do5	C5	318	318	1	8	250	99	96	num 	44.75
281	9	Si4b2	B4b1	312	313	1	8	250	99	96		44.875
282	9	Si4b2	B4b1	312	313	1	8	250	99	96		45
283	9	La4	A4	305	305	1	8	250	95	96		45.125
284	9			-1	-1	1	8	250	100	0		45.25
285	9	La4	A4	305	305	1	4	500	95	96	dost	45.5
286	9	Do5	C5	318	318	1	8	250	95	96	la	45.625
287	9	Si4b2	B4b1	312	313	3	16	375	99	96	rým 	45.8125
288	9	La4	A4	305	305	1	16	125	99	96		45.875
289	9	Sol4	G4	296	296	1	4	500	95	96		46.125
290	9			-1	-1	1	8	250	100	0		46.25
291	9	Si4b2	B4b1	312	313	1	4	500	95	96	yor	46.5
292	9	Do5	C5	318	318	1	8	250	95	96	gu	46.625
293	9	Re5	D5	327	327	1	8	250	95	96	num_	46.75
294	9	Do5	C5	318	318	1	8	250	99	96	ar	46.875
295	9	Si4b2	B4b1	312	313	1	8	250	99	96		47
296	9	La4	A4	305	305	1	8	250	95	96		47.125
297	9	Do5	C5	318	318	1	12	167	99	96	týk  	47.20833
298	9	Si4b2	B4b1	312	313	1	12	167	99	96		47.29167
299	9	La4	A4	305	305	1	12	167	99	96		47.375
300	9	Si4b2	B4b1	312	313	1	4	500	95	96		47.625
301	9	Si4b2	B4b1	312	313	1	12	167	95	96	SAZ 	47.70833
302	9	La4	A4	305	305	1	12	167	95	96	.	47.79167
303	9	Si4b2	B4b1	312	313	1	12	167	95	96	.	47.875
304	9	Do5	C5	318	318	1	12	167	95	96	.	47.95833
305	9	Si4b2	B4b1	312	313	1	12	167	95	96	.	48.04167
306	9	La4	A4	305	305	1	12	167	95	96	.	48.125
307	9	Sol4	G4	296	296	1	8	250	95	96	Ve	48.25
308	9	Re5	D5	327	327	1	8	250	99	96	fâ	48.375
309	9	Do5	C5	318	318	1	8	250	99	96		48.5
310	9	Si4b2	B4b1	312	313	1	8	250	95	96		48.625
311	9	Si4b2	B4b1	312	313	1	8	250	99	96	sýz 	48.75
312	9	La4	A4	305	305	3	8	750	95	96		49.125
313	9			-1	-1	1	8	250	100	0		49.25
314	9	La4	A4	305	305	1	4	500	95	96	yýl	49.5
315	9	Do5	C5	318	318	1	8	250	95	96	la	49.625
316	9	Si4b2	B4b1	312	313	3	16	375	99	96	ra 	49.8125
317	9	La4	A4	305	305	1	16	125	99	96		49.875
318	9	Sol4	G4	296	296	1	4	500	95	96		50.125
319	9			-1	-1	1	8	250	100	0		50.25
320	9	Do5	C5	318	318	1	8	250	99	96	dar	50.375
321	9	Si4b2	B4b1	312	313	1	8	250	95	96		50.5
322	9	Do5	C5	318	318	1	8	250	95	96	gý	50.625
323	9	Re5	D5	327	327	1	12	167	95	96	ným 	50.70833
324	9	Do5	C5	318	318	1	12	167	95	96		50.79167
325	9	Si4b2	B4b1	312	313	1	12	167	95	96		50.875
326	9	Si4b2	B4b1	312	313	1	8	250	99	96	ar	51
327	9	La4	A4	305	305	1	8	250	95	96		51.125
328	9	La4	A4	305	305	1	1	2000	95	96	týk  	52.125
329	9			-1	-1	1	4	500	100	0		52.375
330	9	Re5	D5	327	327	1	8	250	95	96	ARASAZI 	52.5
331	9	Do5	C5	318	318	1	8	250	95	96	.	52.625
332	9	Do5	C5	318	318	1	8	250	95	96	.	52.75
333	9	Si4b2	B4b1	312	313	1	8	250	95	96	.	52.875
334	9	Si4b2	B4b1	312	313	1	8	250	95	96	.	53
335	9	La4	A4	305	305	1	8	250	95	96	.	53.125
336	9	La4	A4	305	305	1	4	500	95	96	.	53.375
337	9	Do5	C5	318	318	1	4	500	95	96	.	53.625
338	9	Si4b2	B4b1	312	313	1	4	500	95	96	.	53.875
339	9	La4	A4	305	305	1	4	500	95	96	.	54.125
340	9	Sol4	G4	296	296	1	8	250	95	96	.	54.25
341	9	Do5	C5	318	318	1	8	250	95	96	.	54.375
342	9	Si4b2	B4b1	312	313	1	8	250	95	96	.	54.5
343	9	Re5	D5	327	327	1	8	250	95	96	.	54.625
344	9	Do5	C5	318	318	1	8	250	95	96	.	54.75
345	9	Si4b2	B4b1	312	313	1	8	250	95	96	.	54.875
346	9	Si4b2	B4b1	312	313	1	8	250	95	96	.	55
347	9	La4	A4	305	305	1	8	250	95	96	.	55.125
348	9	La4	A4	305	305	1	2	1000	95	96	.	55.625
349	9	Sol5	G5	349	349	1	8	250	95	96	.	55.75
350	9	Fa5#4	F5#4	344	344	1	16	125	95	96	.	55.8125
351	9	Mi5#4	E5#4	340	340	1	16	125	95	96	.	55.875
352	9	Fa5#4	F5#4	344	344	1	4	500	95	96	.	56.125
353	9			-1	-1	1	8	250	100	0		56.25
354	9	Re5	D5	327	327	1	4	500	95	96	Tut	56.5
355	9	Fa5#4	F5#4	344	344	1	8	250	95	96	ma	56.625
356	9	Fa5#4	F5#4	344	344	1	2	1000	95	96	dý 	57.125
357	9			-1	-1	1	8	250	100	0		57.25
358	9	Fa5#4	F5#4	344	344	1	4	500	95	96	el	57.5
359	9	Fa5#4	F5#4	344	344	1	8	250	95	96	le	57.625
360	9	Fa5#4	F5#4	344	344	1	8	250	99	96	rim 	57.75
361	9	Mi5#4	E5#4	340	340	1	8	250	99	96		57.875
362	9	Fa5#4	F5#4	344	344	3	16	375	99	96		58.0625
363	9	Mi5#4	E5#4	340	340	1	16	125	99	96		58.125
364	9	Re5	D5	327	327	1	4	500	95	96		58.375
365	9	Mi5#4	E5#4	340	340	1	8	250	95	96	sý	58.5
366	9	Fa5#4	F5#4	344	344	1	8	250	95	96	cak_	58.625
367	9	Sol5	G5	349	349	1	8	250	99	96	el	58.75
368	9	Fa5#4	F5#4	344	344	1	8	250	99	96		58.875
369	9	Mi5#4	E5#4	340	340	1	8	250	95	96		59
370	9	Sol5	G5	349	349	1	8	250	95	96	le	59.125
371	9	Fa5#4	F5#4	344	344	1	2	1000	95	96	ri  	59.625
372	9			-1	-1	1	8	250	100	0		59.75
373	9	Re5	D5	327	327	1	8	250	95	96	SAZ 	59.875
374	9	Mi5#4	E5#4	340	340	1	8	250	95	96	.	60
375	9	Fa5#4	F5#4	344	344	1	8	250	95	96	.	60.125
376	9	Sol5	G5	349	349	1	8	250	95	96	.  	60.25
377	9	Sol5	G5	349	349	1	4	500	95	96	Duy	60.5
378	9	Fa5#4	F5#4	344	344	1	8	250	95	96	ma	60.625
379	9	Mi5	E5	336	336	1	4	500	95	96	dým 	60.875
380	9			-1	-1	1	4	500	100	0		61.125
381	9			-1	-1	1	8	250	100	0		61.25
382	9	La5	A5	358	358	1	4	500	95	96	aþk 	61.5
383	9	La5	A5	358	358	1	8	250	95	96	de	61.625
384	9	La5	A5	358	358	1	8	250	99	96	nen 	61.75
385	9	Sol5	G5	349	349	1	8	250	99	96		61.875
386	9	Fa5	F5	340	340	1	8	250	99	96		62
387	9	Mi5	E5	336	336	1	8	250	99	96		62.125
388	9	Re5	D5	327	327	1	8	250	95	96		62.25
389	9	Sol5	G5	349	349	1	4	500	95	96	tat	62.5
390	9	Mi5	E5	336	336	1	8	250	95	96	lý 	62.625
391	9	Mi5	E5	336	336	1	8	250	99	96	söz	62.75
392	9	Re5	D5	327	327	1	8	250	99	96		62.875
393	9	Fa5	F5	340	340	1	8	250	95	96		63
394	9	Mi5	E5	336	336	1	16	125	99	96	le	63.0625
395	9	Re5	D5	327	327	1	16	125	95	96		63.125
396	9	Re5	D5	327	327	1	2	1000	95	96	ri  	63.625
397	9	Fa5	F5	340	340	1	16	125	95	96	SAZ 	63.6875
398	9	Mi5	E5	336	336	1	16	125	95	96	.	63.75
399	9	Re5	D5	327	327	1	16	125	95	96	.	63.8125
400	9	Do5	C5	318	318	1	16	125	95	96	.	63.875
401	9	Re5	D5	327	327	1	4	500	95	96	.  	64.125
402	9			-1	-1	1	4	500	100	0		64.375
403	9	La5	A5	358	358	1	8	250	95	96	Ta	64.5
404	9	Sol5	G5	349	349	1	8	250	95	96	þý	64.625
405	9	La5	A5	358	358	1	8	250	99	96	dým 	64.75
406	9	Sol5	G5	349	349	1	8	250	99	96		64.875
407	9	Fa5	F5	340	340	1	8	250	99	96		65
408	9	Mi5	E5	336	336	1	8	250	99	96		65.125
409	9	Re5	D5	327	327	1	4	500	95	96		65.375
410	9	Sol5	G5	349	349	1	8	250	99	96	gön	65.5
411	9	Fa5	F5	340	340	1	8	250	95	96		65.625
412	9	Sol5	G5	349	349	1	8	250	99	96	lüm	65.75
413	9	Fa5	F5	340	340	1	8	250	95	96		65.875
414	9	Mi5	E5	336	336	1	8	250	99	96	de 	66
415	9	Re5	D5	327	327	1	8	250	99	96		66.125
416	9	Do5	C5	318	318	1	4	500	95	96		66.375
417	9	Mi5	E5	336	336	1	8	250	95	96	a	66.5
418	9	Fa5	F5	340	340	1	8	250	95	96	cý 	66.625
419	9	Mi5	E5	336	336	1	8	250	99	96	iz	66.75
420	9	Re5	D5	327	327	1	8	250	99	96		66.875
421	9	Do5	C5	318	318	1	8	250	95	96		67
422	9	Si4b2	B4b1	312	313	1	8	250	95	96	le	67.125
423	9	Do5	C5	318	318	1	2	1000	95	96	ri  	67.625
424	9	Do5	C5	318	318	1	12	167	95	96	SAZ 	67.70834
425	9	Si4b2	B4b1	312	313	1	12	167	95	96	.	67.79166
426	9	La4	A4	305	305	1	12	167	95	96	.	67.875
427	9	Si4b2	B4b1	312	313	1	4	500	95	96	.	68.125
428	9	Re5	D5	327	327	1	8	250	95	96	.  	68.25
429	9	Re5	D5	327	327	1	4	500	95	96	Yor	68.5
430	9	Do5	C5	318	318	1	8	250	95	96	gu	68.625
431	9	Do5	C5	318	318	1	8	250	99	96	num 	68.75
432	9	Si4b2	B4b1	312	313	1	8	250	99	96		68.875
433	9	Si4b2	B4b1	312	313	1	8	250	99	96		69
434	9	La4	A4	305	305	1	8	250	95	96		69.125
435	9			-1	-1	1	8	250	100	0		69.25
436	9	La4	A4	305	305	1	4	500	95	96	dost	69.5
437	9	Do5	C5	318	318	1	8	250	95	96	la	69.625
438	9	Si4b2	B4b1	312	313	3	16	375	99	96	rým 	69.8125
439	9	La4	A4	305	305	1	16	125	99	96		69.875
440	9	Sol4	G4	296	296	1	4	500	95	96		70.125
441	9			-1	-1	1	8	250	100	0		70.25
442	9	Si4b2	B4b1	312	313	1	4	500	95	96	yor	70.5
443	9	Do5	C5	318	318	1	8	250	95	96	gu	70.625
444	9	Re5	D5	327	327	1	8	250	95	96	num_	70.75
445	9	Do5	C5	318	318	1	8	250	99	96	ar	70.875
446	9	Si4b2	B4b1	312	313	1	8	250	99	96		71
447	9	La4	A4	305	305	1	8	250	95	96		71.125
448	9	Do5	C5	318	318	1	12	167	99	96	týk  	71.20834
449	9	Si4b2	B4b1	312	313	1	12	167	99	96		71.29166
450	9	La4	A4	305	305	1	12	167	99	96		71.375
451	9	Si4b2	B4b1	312	313	1	4	500	95	96		71.625
452	9	Si4b2	B4b1	312	313	1	12	167	95	96	SAZ 	71.70834
453	9	La4	A4	305	305	1	12	167	95	96	.	71.79166
454	9	Si4b2	B4b1	312	313	1	12	167	95	96	.	71.875
455	9	Do5	C5	318	318	1	12	167	95	96	.	71.95834
456	9	Si4b2	B4b1	312	313	1	12	167	95	96	.	72.04166
457	9	La4	A4	305	305	1	12	167	95	96	.	72.125
458	9	Sol4	G4	296	296	1	8	250	95	96	Ve	72.25
459	9	Re5	D5	327	327	1	8	250	99	96	fâ	72.375
460	9	Do5	C5	318	318	1	8	250	99	96		72.5
461	9	Si4b2	B4b1	312	313	1	8	250	95	96		72.625
462	9	Si4b2	B4b1	312	313	1	8	250	99	96	sýz 	72.75
463	9	La4	A4	305	305	3	8	750	95	96		73.125
464	9			-1	-1	1	8	250	100	0		73.25
465	9	La4	A4	305	305	1	4	500	95	96	yýl	73.5
466	9	Do5	C5	318	318	1	8	250	95	96	la	73.625
467	9	Si4b2	B4b1	312	313	3	16	375	99	96	ra 	73.8125
468	9	La4	A4	305	305	1	16	125	99	96		73.875
469	9	Sol4	G4	296	296	1	4	500	95	96		74.125
470	9			-1	-1	1	8	250	100	0		74.25
471	9	Do5	C5	318	318	1	8	250	99	96	dar	74.375
472	9	Si4b2	B4b1	312	313	1	8	250	95	96		74.5
473	9	Do5	C5	318	318	1	8	250	95	96	gý	74.625
474	9	Re5	D5	327	327	1	12	167	95	96	ným 	74.70834
475	9	Do5	C5	318	318	1	12	167	95	96		74.79166
476	9	Si4b2	B4b1	312	313	1	12	167	95	96		74.875
477	9	Si4b2	B4b1	312	313	1	8	250	99	96	ar	75
478	9	La4	A4	305	305	1	8	250	95	96		75.125
479	9	La4	A4	305	305	1	2	1000	95	96	týk  	75.625
480	9	Sol4	G4	296	296	1	8	250	95	96	SAZ 	75.75
481	9	La4	A4	305	305	1	8	250	95	96	.	75.875
482	9	Si4b2	B4b1	312	313	1	8	250	95	96	.	76
483	9	Do5	C5	318	318	1	8	250	95	96	.	76.125
484	9	Re5	D5	327	327	1	8	250	95	96	.  	76.25
485	9	Re5	D5	327	327	1	4	500	95	96	Yor	76.5
486	9	Do5	C5	318	318	1	8	250	95	96	gu	76.625
487	9	Do5	C5	318	318	1	8	250	99	96	num 	76.75
488	9	Si4b2	B4b1	312	313	1	8	250	99	96		76.875
489	9	Si4b2	B4b1	312	313	1	8	250	99	96		77
490	9	La4	A4	305	305	1	8	250	95	96		77.125
491	9			-1	-1	1	8	250	100	0		77.25
492	9	La4	A4	305	305	1	4	500	95	96	dost	77.5
493	9	Do5	C5	318	318	1	8	250	95	96	la	77.625
494	9	Si4b2	B4b1	312	313	3	16	375	99	96	rým 	77.8125
495	9	La4	A4	305	305	1	16	125	99	96		77.875
496	9	Sol4	G4	296	296	1	4	500	95	96		78.125
497	9			-1	-1	1	8	250	100	0		78.25
498	9	Si4b2	B4b1	312	313	1	4	500	95	96	yor	78.5
499	9	Do5	C5	318	318	1	8	250	95	96	gu	78.625
500	9	Re5	D5	327	327	1	8	250	95	96	num_	78.75
501	9	Do5	C5	318	318	1	8	250	99	96	ar	78.875
502	9	Si4b2	B4b1	312	313	1	8	250	99	96		79
503	9	La4	A4	305	305	1	8	250	95	96		79.125
504	9	Do5	C5	318	318	1	12	167	99	96	týk  	79.20834
505	9	Si4b2	B4b1	312	313	1	12	167	99	96		79.29166
506	9	La4	A4	305	305	1	12	167	99	96		79.375
507	9	Si4b2	B4b1	312	313	1	4	500	95	96		79.625
508	9	Si4b2	B4b1	312	313	1	12	167	95	96	SAZ 	79.70834
509	9	La4	A4	305	305	1	12	167	95	96	.	79.79166
510	9	Si4b2	B4b1	312	313	1	12	167	95	96	.	79.875
511	9	Do5	C5	318	318	1	12	167	95	96	.	79.95834
512	9	Si4b2	B4b1	312	313	1	12	167	95	96	.	80.04166
513	9	La4	A4	305	305	1	12	167	95	96	.	80.125
514	9	Sol4	G4	296	296	1	8	250	95	96	Ve	80.25
515	9	Re5	D5	327	327	1	8	250	99	96	fâ	80.375
516	9	Do5	C5	318	318	1	8	250	99	96		80.5
517	9	Si4b2	B4b1	312	313	1	8	250	95	96		80.625
518	9	Si4b2	B4b1	312	313	1	8	250	99	96	sýz 	80.75
519	9	La4	A4	305	305	3	8	750	95	96		81.125
520	9			-1	-1	1	8	250	100	0		81.25
521	9	La4	A4	305	305	1	4	500	95	96	yýl	81.5
522	9	Do5	C5	318	318	1	8	250	95	96	la	81.625
523	9	Si4b2	B4b1	312	313	3	16	375	99	96	ra 	81.8125
524	9	La4	A4	305	305	1	16	125	99	96		81.875
525	9	Sol4	G4	296	296	1	4	500	95	96		82.125
526	9			-1	-1	1	8	250	100	0		82.25
527	9	Do5	C5	318	318	1	8	250	99	96	dar	82.375
528	9	Si4b2	B4b1	312	313	1	8	250	95	96		82.5
529	9	Do5	C5	318	318	1	8	250	95	96	gý	82.625
530	9	Re5	D5	327	327	1	12	167	95	96	ným 	82.70834
531	9	Do5	C5	318	318	1	12	167	95	96		82.79166
532	9	Si4b2	B4b1	312	313	1	12	167	95	96		82.875
533	9	Si4b2	B4b1	312	313	1	8	250	99	96	ar	83
534	9	La4	A4	305	305	1	8	250	95	96		83.125
535	9	La4	A4	305	305	1	1	2000	95	96	týk  	84.125
536	9			-1	-1	1	8	250	100	0		84.25
537	9	Mi5	E5	336	336	1	8	250	95	96	ARANAÐME 	84.375
538	9	Re5	D5	327	327	1	8	250	95	96	.	84.5
539	9	Mi5	E5	336	336	1	8	250	95	96	.	84.625
540	9	Fa5	F5	340	340	1	8	250	95	96	.	84.75
541	9	Re5	D5	327	327	1	4	500	95	96	.	85
542	9	Do5	C5	318	318	1	8	250	95	96	.	85.125
543	9	Mi5	E5	336	336	1	8	250	95	96	.	85.25
544	9	Do5	C5	318	318	1	4	500	95	96	.	85.5
545	9	Si4b2	B4b1	312	313	1	8	250	95	96	.	85.625
546	9	Do5	C5	318	318	1	4	500	95	96	.	85.875
547	9	Re5	D5	327	327	1	4	500	95	96	.	86.125
548	9			-1	-1	1	8	250	100	0	.	86.25
549	9	Re5	D5	327	327	1	8	250	95	96	.	86.375
550	9	Do5	C5	318	318	1	8	250	95	96	.	86.5
551	9	Re5	D5	327	327	1	8	250	95	96	.	86.625
552	9	Mi5	E5	336	336	1	8	250	95	96	.	86.75
553	9	Do5	C5	318	318	1	4	500	95	96	.	87
554	9	Si4b2	B4b1	312	313	1	8	250	95	96	.	87.125
555	9	Re5	D5	327	327	1	8	250	95	96	.	87.25
556	9	Si4b2	B4b1	312	313	1	4	500	95	96	.	87.5
557	9	La4	A4	305	305	1	8	250	95	96	.	87.625
558	9	Si4b2	B4b1	312	313	1	4	500	95	96	.	87.875
559	9	Do5	C5	318	318	1	4	500	95	96	.	88.125
560	9			-1	-1	1	8	250	100	0	.	88.25
561	9	Do5	C5	318	318	1	8	250	95	96	.	88.375
562	9	Si4b2	B4b1	312	313	1	8	250	95	96	.	88.5
563	9	Do5	C5	318	318	1	8	250	95	96	.	88.625
564	9	Re5	D5	327	327	1	8	250	95	96	.	88.75
565	9	Si4b2	B4b1	312	313	1	4	500	95	96	.	89
566	9	La4	A4	305	305	1	8	250	95	96	.	89.125
567	9	Si4b2	B4b1	312	313	1	8	250	95	96	.	89.25
568	9	La4	A4	305	305	1	4	500	95	96	.	89.5
569	9	Sol4	G4	296	296	1	8	250	95	96	.	89.625
570	9	La4	A4	305	305	1	8	250	95	96	.	89.75
571	9	Do5	C5	318	318	1	8	250	95	96	.	89.875
572	9	Si4b2	B4b1	312	313	1	4	500	95	96	.	90.125
573	9			-1	-1	1	8	250	100	0	.	90.25
574	9	Sol5	G5	349	349	1	8	250	95	96	.	90.375
575	9	Fa5#4	F5#4	344	344	1	8	250	95	96	.	90.5
576	9	La5	A5	358	358	1	8	250	95	96	.	90.625
577	9	Sol5	G5	349	349	1	8	250	95	96	.	90.75
578	9	Fa5	F5	340	340	1	8	250	95	96	.	90.875
579	9	Mi5	E5	336	336	1	8	250	95	96	.	91
580	9	Re5	D5	327	327	1	8	250	95	96	.	91.125
581	9	Do5	C5	318	318	1	8	250	95	96	.	91.25
582	9	Si4b2	B4b1	312	313	1	8	250	95	96	.	91.375
583	9	Si4b2	B4b1	312	313	1	8	250	95	96	.	91.5
584	9	La4	A4	305	305	1	8	250	95	96	.	91.625
585	9	La4	A4	305	305	1	2	1000	95	96	.  	92.125
586	9			-1	-1	1	8	250	100	0		92.25
587	9	Mi5	E5	336	336	1	8	250	95	96	ARANAÐME 	92.375
588	9	Re5	D5	327	327	1	8	250	95	96	.	92.5
589	9	Mi5	E5	336	336	1	8	250	95	96	.	92.625
590	9	Fa5	F5	340	340	1	8	250	95	96	.	92.75
591	9	Re5	D5	327	327	1	4	500	95	96	.	93
592	9	Do5	C5	318	318	1	8	250	95	96	.	93.125
593	9	Mi5	E5	336	336	1	8	250	95	96	.	93.25
594	9	Do5	C5	318	318	1	4	500	95	96	.	93.5
595	9	Si4b2	B4b1	312	313	1	8	250	95	96	.	93.625
596	9	Do5	C5	318	318	1	4	500	95	96	.	93.875
597	9	Re5	D5	327	327	1	4	500	95	96	.	94.125
598	9			-1	-1	1	8	250	100	0	.	94.25
599	9	Re5	D5	327	327	1	8	250	95	96	.	94.375
600	9	Do5	C5	318	318	1	8	250	95	96	.	94.5
601	9	Re5	D5	327	327	1	8	250	95	96	.	94.625
602	9	Mi5	E5	336	336	1	8	250	95	96	.	94.75
603	9	Do5	C5	318	318	1	4	500	95	96	.	95
604	9	Si4b2	B4b1	312	313	1	8	250	95	96	.	95.125
605	9	Re5	D5	327	327	1	8	250	95	96	.	95.25
606	9	Si4b2	B4b1	312	313	1	4	500	95	96	.	95.5
607	9	La4	A4	305	305	1	8	250	95	96	.	95.625
608	9	Si4b2	B4b1	312	313	1	4	500	95	96	.	95.875
609	9	Do5	C5	318	318	1	4	500	95	96	.	96.125
610	9			-1	-1	1	8	250	100	0	.	96.25
611	9	Do5	C5	318	318	1	8	250	95	96	.	96.375
612	9	Si4b2	B4b1	312	313	1	8	250	95	96	.	96.5
613	9	Do5	C5	318	318	1	8	250	95	96	.	96.625
614	9	Re5	D5	327	327	1	8	250	95	96	.	96.75
615	9	Si4b2	B4b1	312	313	1	4	500	95	96	.	97
616	9	La4	A4	305	305	1	8	250	95	96	.	97.125
617	9	Si4b2	B4b1	312	313	1	8	250	95	96	.	97.25
618	9	La4	A4	305	305	1	4	500	95	96	.	97.5
619	9	Sol4	G4	296	296	1	8	250	95	96	.	97.625
620	9	La4	A4	305	305	1	8	250	95	96	.	97.75
621	9	Do5	C5	318	318	1	8	250	95	96	.	97.875
622	9	Si4b2	B4b1	312	313	1	4	500	95	96	.	98.125
623	9			-1	-1	1	8	250	100	0	.	98.25
624	9	Sol5	G5	349	349	1	8	250	95	96	.	98.375
625	9	Fa5#4	F5#4	344	344	1	8	250	95	96	.	98.5
626	9	La5	A5	358	358	1	8	250	95	96	.	98.625
627	9	Sol5	G5	349	349	1	8	250	95	96	.	98.75
628	9	Fa5	F5	340	340	1	8	250	95	96	.	98.875
629	9	Mi5	E5	336	336	1	8	250	95	96	.	99
630	9	Re5	D5	327	327	1	8	250	95	96	.	99.125
631	9	Do5	C5	318	318	1	8	250	95	96	.	99.25
632	9	Si4b2	B4b1	312	313	1	8	250	95	96	.	99.375
633	9	Si4b2	B4b1	312	313	1	8	250	95	96	.	99.5
634	9	La4	A4	305	305	1	8	250	95	96	.	99.625
635	9	La4	A4	305	305	1	2	1000	95	96	.  	100.125
636	9	Re5	D5	327	327	1	8	250	95	96	Ý	100.25
637	9	Re5	D5	327	327	1	4	500	99	96	çim	100.5
638	9	Do5	C5	318	318	1	8	250	95	96		100.625
639	9	Si4b2	B4b1	312	313	1	4	500	99	96	de 	100.875
640	9	La4	A4	305	305	1	4	500	95	96		101.125
641	9	La4	A4	305	305	1	8	250	95	96	a	101.25
642	9	La4	A4	305	305	3	8	750	95	96	teþ	101.625
643	9	Do5	C5	318	318	1	12	167	99	96	ler 	101.7083
644	9	Si4b2	B4b1	312	313	1	12	167	99	96		101.7917
645	9	La4	A4	305	305	1	12	167	99	96		101.875
646	9	Si4b2	B4b1	312	313	1	4	500	95	96		102.125
647	9			-1	-1	1	8	250	100	0		102.25
648	9	Do5	C5	318	318	1	4	500	95	96	sön	102.5
649	9	Si4b2	B4b1	312	313	1	8	250	95	96	dü 	102.625
650	9	Re5	D5	327	327	1	8	250	95	96	kül_	102.75
651	9	Do5	C5	318	318	1	8	250	99	96	ol	102.875
652	9	Si4b2	B4b1	312	313	1	8	250	99	96		103
653	9	La4	A4	305	305	1	8	250	95	96		103.125
654	9	La4	A4	305	305	3	8	750	95	96	du  	103.5
655	9	Re5	D5	327	327	1	8	250	95	96	SAZ 	103.625
656	9	Do5	C5	318	318	1	8	250	95	96	.	103.75
657	9	Si4b2	B4b1	312	313	1	8	250	95	96	.	103.875
658	9	La4	A4	305	305	1	4	500	95	96	.	104.125
659	9	Do5	C5	318	318	1	4	500	95	96	Aþk 	104.375
660	9	Re5	D5	327	327	1	4	500	95	96	bah	104.625
661	9	Re5	D5	327	327	1	2	1000	95	96	çem 	105.125
662	9			-1	-1	1	4	500	100	0		105.375
663	9	Re5	D5	327	327	1	8	250	95	96	ku	105.5
664	9	Re5	D5	327	327	1	8	250	95	96	ru	105.625
665	9	Mi5	E5	336	336	1	2	1000	95	96	du 	106.125
666	9			-1	-1	1	8	250	100	0		106.25
667	9	Mi5	E5	336	336	1	4	500	95	96	san	106.5
668	9	Fa5	F5	340	340	1	8	250	95	96	ki 	106.625
669	9	Re5	D5	327	327	1	8	250	95	96	çöl_	106.75
670	9	Do5	C5	318	318	1	8	250	99	96	ol	106.875
671	9	Si4b2	B4b1	312	313	1	8	250	99	96		107
672	9	La4	A4	305	305	1	8	250	95	96		107.125
673	9	Re5	D5	327	327	1	2	1000	95	96	du  	107.625
674	9	Do5	C5	318	318	1	8	250	95	96	SAZ 	107.75
675	9	Si4b2	B4b1	312	313	1	8	250	95	96	.	107.875
676	9	La4	A4	305	305	1	4	500	95	96	.	108.125
677	9	Re5	D5	327	327	1	8	250	95	96	Ý	108.25
678	9	Re5	D5	327	327	1	4	500	99	96	çim	108.5
679	9	Do5	C5	318	318	1	8	250	95	96		108.625
680	9	Si4b2	B4b1	312	313	1	4	500	99	96	de 	108.875
681	9	La4	A4	305	305	1	4	500	95	96		109.125
682	9	La4	A4	305	305	1	8	250	95	96	a	109.25
683	9	La4	A4	305	305	3	8	750	95	96	teþ	109.625
684	9	Do5	C5	318	318	1	12	167	99	96	ler 	109.7083
685	9	Si4b2	B4b1	312	313	1	12	167	99	96		109.7917
686	9	La4	A4	305	305	1	12	167	99	96		109.875
687	9	Si4b2	B4b1	312	313	1	4	500	95	96		110.125
688	9			-1	-1	1	8	250	100	0		110.25
689	9	Do5	C5	318	318	1	4	500	95	96	sön	110.5
690	9	Si4b2	B4b1	312	313	1	8	250	95	96	dü 	110.625
691	9	Re5	D5	327	327	1	8	250	95	96	kül_	110.75
692	9	Do5	C5	318	318	1	8	250	99	96	ol	110.875
693	9	Si4b2	B4b1	312	313	1	8	250	99	96		111
694	9	La4	A4	305	305	1	8	250	95	96		111.125
695	9	La4	A4	305	305	3	8	750	95	96	du  	111.5
696	9	Re5	D5	327	327	1	8	250	95	96	SAZ 	111.625
697	9	Do5	C5	318	318	1	8	250	95	96	.	111.75
698	9	Si4b2	B4b1	312	313	1	8	250	95	96	.	111.875
699	9	La4	A4	305	305	1	4	500	95	96	.	112.125
700	9	Do5	C5	318	318	1	4	500	95	96	Aþk 	112.375
701	9	Re5	D5	327	327	1	4	500	95	96	bah	112.625
702	9	Re5	D5	327	327	1	2	1000	95	96	çem 	113.125
703	9			-1	-1	1	4	500	100	0		113.375
704	9	Re5	D5	327	327	1	8	250	95	96	ku	113.5
705	9	Re5	D5	327	327	1	8	250	95	96	ru	113.625
706	9	Mi5	E5	336	336	1	2	1000	95	96	du 	114.125
707	9			-1	-1	1	8	250	100	0		114.25
708	9	Mi5	E5	336	336	1	4	500	95	96	san	114.5
709	9	Fa5	F5	340	340	1	8	250	95	96	ki 	114.625
710	9	Re5	D5	327	327	1	8	250	95	96	çöl_	114.75
711	9	Do5	C5	318	318	1	8	250	99	96	ol	114.875
712	9	Si4b2	B4b1	312	313	1	8	250	99	96		115
713	9	La4	A4	305	305	1	8	250	95	96		115.125
714	9	Re5	D5	327	327	1	2	1000	95	96	du  	115.625
715	9	Sol4	G4	296	296	1	8	250	95	96	SAZ 	115.75
716	9	La4	A4	305	305	1	8	250	95	96	.	115.875
717	9	Si4b2	B4b1	312	313	1	8	250	95	96	.	116
718	9	Do5	C5	318	318	1	8	250	95	96	.	116.125
719	9	Re5	D5	327	327	1	4	500	95	96	.  	116.375
720	9	Fa5	F5	340	340	1	4	500	95	96	Yâr 	116.625
721	9	Fa5	F5	340	340	1	4	500	95	96	bil	116.875
722	9	Mi5	E5	336	336	1	8	250	99	96	dim 	117
723	9	Re5	D5	327	327	1	8	250	99	96		117.125
724	9	Do5	C5	318	318	1	4	500	95	96		117.375
725	9	Mi5	E5	336	336	1	8	250	95	96	o 	117.5
726	9	Mi5	E5	336	336	1	8	250	95	96	bi	117.625
727	9	Mi5	E5	336	336	1	4	500	99	96	le 	117.875
728	9	Re5	D5	327	327	1	8	250	99	96		118
729	9	Do5	C5	318	318	1	8	250	99	96		118.125
730	9	Si4b2	B4b1	312	313	1	8	250	99	96		118.25
731	9	La4	A4	305	305	1	8	250	95	96		118.375
732	9	Do5	C5	318	318	1	8	250	95	96	ba	118.5
733	9	Re5	D5	327	327	1	8	250	95	96	na 	118.625
734	9	Re5	D5	327	327	1	8	250	95	96	el_	118.75
735	9	Do5	C5	318	318	1	8	250	99	96	ol	118.875
736	9	Si4b2	B4b1	312	313	1	8	250	99	96		119
737	9	La4	A4	305	305	1	8	250	95	96		119.125
738	9	Do5	C5	318	318	1	12	167	99	96	du  	119.2083
739	9	Si4b2	B4b1	312	313	1	12	167	99	96		119.2917
740	9	La4	A4	305	305	1	12	167	99	96		119.375
741	9	Si4b2	B4b1	312	313	1	4	500	95	96		119.625
742	9	Si4b2	B4b1	312	313	1	12	167	95	96	SAZ 	119.7083
743	9	La4	A4	305	305	1	12	167	95	96	.	119.7917
744	9	Si4b2	B4b1	312	313	1	12	167	95	96	.	119.875
745	9	Do5	C5	318	318	1	12	167	95	96	.	119.9583
746	9	Si4b2	B4b1	312	313	1	12	167	95	96	.	120.0417
747	9	La4	A4	305	305	1	12	167	95	96	.	120.125
748	9	Sol4	G4	296	296	1	8	250	95	96	.  	120.25
749	9	Re5	D5	327	327	1	4	500	95	96	Yor	120.5
750	9	Do5	C5	318	318	1	8	250	95	96	gu	120.625
751	9	Do5	C5	318	318	1	8	250	99	96	num 	120.75
752	9	Si4b2	B4b1	312	313	1	8	250	99	96		120.875
753	9	Si4b2	B4b1	312	313	1	8	250	99	96		121
754	9	La4	A4	305	305	1	8	250	95	96		121.125
755	9			-1	-1	1	8	250	100	0		121.25
756	9	La4	A4	305	305	1	4	500	95	96	dost	121.5
757	9	Do5	C5	318	318	1	8	250	95	96	la	121.625
758	9	Si4b2	B4b1	312	313	3	16	375	99	96	rým 	121.8125
759	9	La4	A4	305	305	1	16	125	99	96		121.875
760	9	Sol4	G4	296	296	1	4	500	95	96		122.125
761	9			-1	-1	1	8	250	100	0		122.25
762	9	Si4b2	B4b1	312	313	1	4	500	95	96	yor	122.5
763	9	Do5	C5	318	318	1	8	250	95	96	gu	122.625
764	9	Re5	D5	327	327	1	8	250	95	96	num_	122.75
765	9	Do5	C5	318	318	1	8	250	99	96	ar	122.875
766	9	Si4b2	B4b1	312	313	1	8	250	99	96		123
767	9	La4	A4	305	305	1	8	250	95	96		123.125
768	9	Do5	C5	318	318	1	12	167	99	96	týk  	123.2083
769	9	Si4b2	B4b1	312	313	1	12	167	99	96		123.2917
770	9	La4	A4	305	305	1	12	167	99	96		123.375
771	9	Si4b2	B4b1	312	313	1	4	500	95	96		123.625
772	9	Si4b2	B4b1	312	313	1	12	167	95	96	SAZ 	123.7083
773	9	La4	A4	305	305	1	12	167	95	96	.	123.7917
774	9	Si4b2	B4b1	312	313	1	12	167	95	96	.	123.875
775	9	Do5	C5	318	318	1	12	167	95	96	.	123.9583
776	9	Si4b2	B4b1	312	313	1	12	167	95	96	.	124.0417
777	9	La4	A4	305	305	1	12	167	95	96	.	124.125
778	9	Sol4	G4	296	296	1	8	250	95	96	Ve	124.25
779	9	Re5	D5	327	327	1	8	250	99	96	fâ	124.375
780	9	Do5	C5	318	318	1	8	250	99	96		124.5
781	9	Si4b2	B4b1	312	313	1	8	250	95	96		124.625
782	9	Si4b2	B4b1	312	313	1	8	250	99	96	sýz 	124.75
783	9	La4	A4	305	305	3	8	750	95	96		125.125
784	9			-1	-1	1	8	250	100	0		125.25
785	9	La4	A4	305	305	1	4	500	95	96	yýl	125.5
786	9	Do5	C5	318	318	1	8	250	95	96	la	125.625
787	9	Si4b2	B4b1	312	313	3	16	375	99	96	ra 	125.8125
788	9	La4	A4	305	305	1	16	125	99	96		125.875
789	9	Sol4	G4	296	296	1	4	500	95	96		126.125
790	9			-1	-1	1	8	250	100	0		126.25
791	9	Do5	C5	318	318	1	8	250	99	96	dar	126.375
792	9	Si4b2	B4b1	312	313	1	8	250	95	96		126.5
793	9	Do5	C5	318	318	1	8	250	95	96	gý	126.625
794	9	Re5	D5	327	327	1	12	167	95	96	ným 	126.7083
795	9	Do5	C5	318	318	1	12	167	95	96		126.7917
796	9	Si4b2	B4b1	312	313	1	12	167	95	96		126.875
797	9	Si4b2	B4b1	312	313	1	8	250	99	96	ar	127
798	9	La4	A4	305	305	1	8	250	95	96		127.125
799	9	La4	A4	305	305	1	2	1000	95	96	týk  	127.625
800	9	Sol4	G4	296	296	1	8	250	95	96	SAZ 	127.75
801	9	La4	A4	305	305	1	8	250	95	96	.	127.875
802	9	Si4b2	B4b1	312	313	1	8	250	95	96	.	128
803	9	Do5	C5	318	318	1	8	250	95	96	.	128.125
804	9	Sol4	G4	296	296	1	8	250	95	96	.  	128.25
805	9	Re5	D5	327	327	1	4	500	95	96	Yor	128.5
806	9	Do5	C5	318	318	1	8	250	95	96	gu	128.625
807	9	Do5	C5	318	318	1	8	250	99	96	num 	128.75
808	9	Si4b2	B4b1	312	313	1	8	250	99	96		128.875
809	9	Si4b2	B4b1	312	313	1	8	250	99	96		129
810	9	La4	A4	305	305	1	8	250	95	96		129.125
811	9			-1	-1	1	8	250	100	0		129.25
812	9	La4	A4	305	305	1	4	500	95	96	dost	129.5
813	9	Do5	C5	318	318	1	8	250	95	96	la	129.625
814	9	Si4b2	B4b1	312	313	3	16	375	99	96	rým 	129.8125
815	9	La4	A4	305	305	1	16	125	99	96		129.875
816	9	Sol4	G4	296	296	1	4	500	95	96		130.125
817	9			-1	-1	1	8	250	100	0		130.25
818	9	Si4b2	B4b1	312	313	1	4	500	95	96	yor	130.5
819	9	Do5	C5	318	318	1	8	250	95	96	gu	130.625
820	9	Re5	D5	327	327	1	8	250	95	96	num_	130.75
821	9	Do5	C5	318	318	1	8	250	99	96	ar	130.875
822	9	Si4b2	B4b1	312	313	1	8	250	99	96		131
823	9	La4	A4	305	305	1	8	250	95	96		131.125
824	9	Do5	C5	318	318	1	12	167	99	96	týk  	131.2083
825	9	Si4b2	B4b1	312	313	1	12	167	99	96		131.2917
826	9	La4	A4	305	305	1	12	167	99	96		131.375
827	9	Si4b2	B4b1	312	313	1	4	500	95	96		131.625
828	9	Si4b2	B4b1	312	313	1	12	167	95	96	SAZ 	131.7083
829	9	La4	A4	305	305	1	12	167	95	96	.	131.7917
830	9	Si4b2	B4b1	312	313	1	12	167	95	96	.	131.875
831	9	Do5	C5	318	318	1	12	167	95	96	.	131.9583
832	9	Si4b2	B4b1	312	313	1	12	167	95	96	.	132.0417
833	9	La4	A4	305	305	1	12	167	95	96	.	132.125
834	9	Sol4	G4	296	296	1	8	250	95	96	Ve	132.25
835	9	Re5	D5	327	327	1	8	250	99	96	fâ	132.375
836	9	Do5	C5	318	318	1	8	250	99	96		132.5
837	9	Si4b2	B4b1	312	313	1	8	250	95	96		132.625
838	9	Si4b2	B4b1	312	313	1	8	250	99	96	sýz 	132.75
839	9	La4	A4	305	305	3	8	750	95	96		133.125
840	9			-1	-1	1	8	250	100	0		133.25
841	9	La4	A4	305	305	1	4	500	95	96	yýl	133.5
842	9	Do5	C5	318	318	1	8	250	95	96	la	133.625
843	9	Si4b2	B4b1	312	313	3	16	375	99	96	ra 	133.8125
844	9	La4	A4	305	305	1	16	125	99	96		133.875
845	9	Sol4	G4	296	296	1	4	500	95	96		134.125
846	9			-1	-1	1	8	250	100	0		134.25
847	9	Do5	C5	318	318	1	8	250	99	96	dar	134.375
848	9	Si4b2	B4b1	312	313	1	8	250	95	96		134.5
849	9	Do5	C5	318	318	1	8	250	95	96	gý	134.625
850	9	Re5	D5	327	327	1	12	167	95	96	ným 	134.7083
851	9	Do5	C5	318	318	1	12	167	95	96		134.7917
852	9	Si4b2	B4b1	312	313	1	12	167	95	96		134.875
853	9	Si4b2	B4b1	312	313	1	8	250	99	96	ar	135
854	9	La4	A4	305	305	1	8	250	95	96		135.125
855	9	La4	A4	305	305	1	1	2000	95	96	týk  	136.125
856	9			-1	-1	1	4	500	100	0		136.375
857	9	Re5	D5	327	327	1	8	250	95	96	ARASAZI 	136.5
858	9	Do5	C5	318	318	1	8	250	95	96	.	136.625
859	9	Do5	C5	318	318	1	8	250	95	96	.	136.75
860	9	Si4b2	B4b1	312	313	1	8	250	95	96	.	136.875
861	9	Si4b2	B4b1	312	313	1	8	250	95	96	.	137
862	9	La4	A4	305	305	1	8	250	95	96	.	137.125
863	9	La4	A4	305	305	1	4	500	95	96	.	137.375
864	9	Do5	C5	318	318	1	4	500	95	96	.	137.625
865	9	Si4b2	B4b1	312	313	1	4	500	95	96	.	137.875
866	9	La4	A4	305	305	1	4	500	95	96	.	138.125
867	9	Sol4	G4	296	296	1	8	250	95	96	.	138.25
868	9	Do5	C5	318	318	1	8	250	95	96	.	138.375
869	9	Si4b2	B4b1	312	313	1	8	250	95	96	.	138.5
870	9	Re5	D5	327	327	1	8	250	95	96	.	138.625
871	9	Do5	C5	318	318	1	8	250	95	96	.	138.75
872	9	Si4b2	B4b1	312	313	1	8	250	95	96	.	138.875
873	9	Si4b2	B4b1	312	313	1	8	250	95	96	.	139
874	9	La4	A4	305	305	1	8	250	95	96	.	139.125
875	9	La4	A4	305	305	1	2	1000	95	96	.	139.625
876	9	Sol5	G5	349	349	1	8	250	95	96	.	139.75
877	9	Fa5#4	F5#4	344	344	1	16	125	95	96	.	139.8125
878	9	Mi5#4	E5#4	340	340	1	16	125	95	96	.	139.875
879	9	Fa5#4	F5#4	344	344	1	4	500	95	96	.	140.125
880	9			-1	-1	1	8	250	100	0		140.25
881	9	Re5	D5	327	327	1	4	500	95	96	Tut	140.5
882	9	Fa5#4	F5#4	344	344	1	8	250	95	96	ma	140.625
883	9	Fa5#4	F5#4	344	344	1	2	1000	95	96	dý 	141.125
884	9			-1	-1	1	8	250	100	0		141.25
885	9	Fa5#4	F5#4	344	344	1	4	500	95	96	el	141.5
886	9	Fa5#4	F5#4	344	344	1	8	250	95	96	le	141.625
887	9	Fa5#4	F5#4	344	344	1	8	250	99	96	rim 	141.75
888	9	Mi5#4	E5#4	340	340	1	8	250	99	96		141.875
889	9	Fa5#4	F5#4	344	344	3	16	375	99	96		142.0625
890	9	Mi5#4	E5#4	340	340	1	16	125	99	96		142.125
891	9	Re5	D5	327	327	1	4	500	95	96		142.375
892	9	Mi5#4	E5#4	340	340	1	8	250	95	96	sý	142.5
893	9	Fa5#4	F5#4	344	344	1	8	250	95	96	cak_	142.625
894	9	Sol5	G5	349	349	1	8	250	99	96	el	142.75
895	9	Fa5#4	F5#4	344	344	1	8	250	99	96		142.875
896	9	Mi5#4	E5#4	340	340	1	8	250	95	96		143
897	9	Sol5	G5	349	349	1	8	250	95	96	le	143.125
898	9	Fa5#4	F5#4	344	344	1	2	1000	95	96	ri  	143.625
899	9			-1	-1	1	8	250	100	0		143.75
900	9	Re5	D5	327	327	1	8	250	95	96	SAZ 	143.875
901	9	Mi5#4	E5#4	340	340	1	8	250	95	96	.	144
902	9	Fa5#4	F5#4	344	344	1	8	250	95	96	.	144.125
903	9	Sol5	G5	349	349	1	8	250	95	96	.  	144.25
904	9	Sol5	G5	349	349	1	4	500	95	96	Duy	144.5
905	9	Fa5#4	F5#4	344	344	1	8	250	95	96	ma	144.625
906	9	Mi5	E5	336	336	1	4	500	95	96	dým 	144.875
907	9			-1	-1	1	4	500	100	0		145.125
908	9			-1	-1	1	8	250	100	0		145.25
909	9	La5	A5	358	358	1	4	500	95	96	aþk 	145.5
910	9	La5	A5	358	358	1	8	250	95	96	de	145.625
911	9	La5	A5	358	358	1	8	250	99	96	nen 	145.75
912	9	Sol5	G5	349	349	1	8	250	99	96		145.875
913	9	Fa5	F5	340	340	1	8	250	99	96		146
914	9	Mi5	E5	336	336	1	8	250	99	96		146.125
915	9	Re5	D5	327	327	1	8	250	95	96		146.25
916	9	Sol5	G5	349	349	1	4	500	95	96	tat	146.5
917	9	Mi5	E5	336	336	1	8	250	95	96	lý 	146.625
918	9	Mi5	E5	336	336	1	8	250	99	96	söz	146.75
919	9	Re5	D5	327	327	1	8	250	99	96		146.875
920	9	Fa5	F5	340	340	1	8	250	95	96		147
921	9	Mi5	E5	336	336	1	16	125	99	96	le	147.0625
922	9	Re5	D5	327	327	1	16	125	95	96		147.125
923	9	Re5	D5	327	327	1	2	1000	95	96	ri  	147.625
924	9	Fa5	F5	340	340	1	16	125	95	96	SAZ 	147.6875
925	9	Mi5	E5	336	336	1	16	125	95	96	.	147.75
926	9	Re5	D5	327	327	1	16	125	95	96	.	147.8125
927	9	Do5	C5	318	318	1	16	125	95	96	.	147.875
928	9	Re5	D5	327	327	1	4	500	95	96	.  	148.125
929	9			-1	-1	1	4	500	100	0		148.375
930	9	La5	A5	358	358	1	8	250	95	96	Ta	148.5
931	9	Sol5	G5	349	349	1	8	250	95	96	þý	148.625
932	9	La5	A5	358	358	1	8	250	99	96	dým 	148.75
933	9	Sol5	G5	349	349	1	8	250	99	96		148.875
934	9	Fa5	F5	340	340	1	8	250	99	96		149
935	9	Mi5	E5	336	336	1	8	250	99	96		149.125
936	9	Re5	D5	327	327	1	4	500	95	96		149.375
937	9	Sol5	G5	349	349	1	8	250	99	96	gön	149.5
938	9	Fa5	F5	340	340	1	8	250	95	96		149.625
939	9	Sol5	G5	349	349	1	8	250	99	96	lüm	149.75
940	9	Fa5	F5	340	340	1	8	250	95	96		149.875
941	9	Mi5	E5	336	336	1	8	250	99	96	de 	150
942	9	Re5	D5	327	327	1	8	250	99	96		150.125
943	9	Do5	C5	318	318	1	4	500	95	96		150.375
944	9	Mi5	E5	336	336	1	8	250	95	96	a	150.5
945	9	Fa5	F5	340	340	1	8	250	95	96	cý 	150.625
946	9	Mi5	E5	336	336	1	8	250	99	96	iz	150.75
947	9	Re5	D5	327	327	1	8	250	99	96		150.875
948	9	Do5	C5	318	318	1	8	250	95	96		151
949	9	Si4b2	B4b1	312	313	1	8	250	95	96	le	151.125
950	9	Do5	C5	318	318	1	2	1000	95	96	ri  	151.625
951	9	Do5	C5	318	318	1	12	167	95	96	SAZ 	151.7083
952	9	Si4b2	B4b1	312	313	1	12	167	95	96	.	151.7917
953	9	La4	A4	305	305	1	12	167	95	96	.	151.875
954	9	Si4b2	B4b1	312	313	1	4	500	95	96	.	152.125
955	9	Re5	D5	327	327	1	8	250	95	96	.  	152.25
956	9	Re5	D5	327	327	1	4	500	95	96	Yor	152.5
957	9	Do5	C5	318	318	1	8	250	95	96	gu	152.625
958	9	Do5	C5	318	318	1	8	250	99	96	num 	152.75
959	9	Si4b2	B4b1	312	313	1	8	250	99	96		152.875
960	9	Si4b2	B4b1	312	313	1	8	250	99	96		153
961	9	La4	A4	305	305	1	8	250	95	96		153.125
962	9			-1	-1	1	8	250	100	0		153.25
963	9	La4	A4	305	305	1	4	500	95	96	dost	153.5
964	9	Do5	C5	318	318	1	8	250	95	96	la	153.625
965	9	Si4b2	B4b1	312	313	3	16	375	99	96	rým 	153.8125
966	9	La4	A4	305	305	1	16	125	99	96		153.875
967	9	Sol4	G4	296	296	1	4	500	95	96		154.125
968	9			-1	-1	1	8	250	100	0		154.25
969	9	Si4b2	B4b1	312	313	1	4	500	95	96	yor	154.5
970	9	Do5	C5	318	318	1	8	250	95	96	gu	154.625
971	9	Re5	D5	327	327	1	8	250	95	96	num_	154.75
972	9	Do5	C5	318	318	1	8	250	99	96	ar	154.875
973	9	Si4b2	B4b1	312	313	1	8	250	99	96		155
974	9	La4	A4	305	305	1	8	250	95	96		155.125
975	9	Do5	C5	318	318	1	12	167	99	96	týk  	155.2083
976	9	Si4b2	B4b1	312	313	1	12	167	99	96		155.2917
977	9	La4	A4	305	305	1	12	167	99	96		155.375
978	9	Si4b2	B4b1	312	313	1	4	500	95	96		155.625
979	9	Si4b2	B4b1	312	313	1	12	167	95	96	SAZ 	155.7083
980	9	La4	A4	305	305	1	12	167	95	96	.	155.7917
981	9	Si4b2	B4b1	312	313	1	12	167	95	96	.	155.875
982	9	Do5	C5	318	318	1	12	167	95	96	.	155.9583
983	9	Si4b2	B4b1	312	313	1	12	167	95	96	.	156.0417
984	9	La4	A4	305	305	1	12	167	95	96	.	156.125
985	9	Sol4	G4	296	296	1	8	250	95	96	Ve	156.25
986	9	Re5	D5	327	327	1	8	250	99	96	fâ	156.375
987	9	Do5	C5	318	318	1	8	250	99	96		156.5
988	9	Si4b2	B4b1	312	313	1	8	250	95	96		156.625
989	9	Si4b2	B4b1	312	313	1	8	250	99	96	sýz 	156.75
990	9	La4	A4	305	305	3	8	750	95	96		157.125
991	9			-1	-1	1	8	250	100	0		157.25
992	9	La4	A4	305	305	1	4	500	95	96	yýl	157.5
993	9	Do5	C5	318	318	1	8	250	95	96	la	157.625
994	9	Si4b2	B4b1	312	313	3	16	375	99	96	ra 	157.8125
995	9	La4	A4	305	305	1	16	125	99	96		157.875
996	9	Sol4	G4	296	296	1	4	500	95	96		158.125
997	9			-1	-1	1	8	250	100	0		158.25
998	9	Do5	C5	318	318	1	8	250	99	96	dar	158.375
999	9	Si4b2	B4b1	312	313	1	8	250	95	96		158.5
1000	9	Do5	C5	318	318	1	8	250	95	96	gý	158.625
1001	9	Re5	D5	327	327	1	12	167	95	96	ným 	158.7083
1002	9	Do5	C5	318	318	1	12	167	95	96		158.7917
1003	9	Si4b2	B4b1	312	313	1	12	167	95	96		158.875
1004	9	Si4b2	B4b1	312	313	1	8	250	99	96	ar	159
1005	9	La4	A4	305	305	1	8	250	95	96		159.125
1006	9	La4	A4	305	305	1	2	1000	95	96	týk  	159.625
1007	9	Sol4	G4	296	296	1	8	250	95	96	SAZ 	159.75
1008	9	La4	A4	305	305	1	8	250	95	96	.	159.875
1009	9	Si4b2	B4b1	312	313	1	8	250	95	96	.	160
1010	9	Do5	C5	318	318	1	8	250	95	96	.	160.125
1011	9	Re5	D5	327	327	1	8	250	95	96	.  	160.25
1012	9	Re5	D5	327	327	1	4	500	95	96	Yor	160.5
1013	9	Do5	C5	318	318	1	8	250	95	96	gu	160.625
1014	9	Do5	C5	318	318	1	8	250	99	96	num 	160.75
1015	9	Si4b2	B4b1	312	313	1	8	250	99	96		160.875
1016	9	Si4b2	B4b1	312	313	1	8	250	99	96		161
1017	9	La4	A4	305	305	1	8	250	95	96		161.125
1018	9			-1	-1	1	8	250	100	0		161.25
1019	9	La4	A4	305	305	1	4	500	95	96	dost	161.5
1020	9	Do5	C5	318	318	1	8	250	95	96	la	161.625
1021	9	Si4b2	B4b1	312	313	3	16	375	99	96	rým 	161.8125
1022	9	La4	A4	305	305	1	16	125	99	96		161.875
1023	9	Sol4	G4	296	296	1	4	500	95	96		162.125
1024	9			-1	-1	1	8	250	100	0		162.25
1025	9	Si4b2	B4b1	312	313	1	4	500	95	96	yor	162.5
1026	9	Do5	C5	318	318	1	8	250	95	96	gu	162.625
1027	9	Re5	D5	327	327	1	8	250	95	96	num_	162.75
1028	9	Do5	C5	318	318	1	8	250	99	96	ar	162.875
1029	9	Si4b2	B4b1	312	313	1	8	250	99	96		163
1030	9	La4	A4	305	305	1	8	250	95	96		163.125
1031	9	Do5	C5	318	318	1	12	167	99	96	týk  	163.2083
1032	9	Si4b2	B4b1	312	313	1	12	167	99	96		163.2917
1033	9	La4	A4	305	305	1	12	167	99	96		163.375
1034	9	Si4b2	B4b1	312	313	1	4	500	95	96		163.625
1035	9	Si4b2	B4b1	312	313	1	12	167	95	96	SAZ 	163.7083
1036	9	La4	A4	305	305	1	12	167	95	96	.	163.7917
1037	9	Si4b2	B4b1	312	313	1	12	167	95	96	.	163.875
1038	9	Do5	C5	318	318	1	12	167	95	96	.	163.9583
1039	9	Si4b2	B4b1	312	313	1	12	167	95	96	.	164.0417
1040	9	La4	A4	305	305	1	12	167	95	96	.	164.125
1041	9	Sol4	G4	296	296	1	8	250	95	96	Ve	164.25
1042	9	Re5	D5	327	327	1	8	250	99	96	fâ	164.375
1043	9	Do5	C5	318	318	1	8	250	99	96		164.5
1044	9	Si4b2	B4b1	312	313	1	8	250	95	96		164.625
1045	9	Si4b2	B4b1	312	313	1	8	250	99	96	sýz 	164.75
1046	9	La4	A4	305	305	3	8	750	95	96		165.125
1047	9			-1	-1	1	8	250	100	0		165.25
1048	9	La4	A4	305	305	1	4	500	95	96	yýl	165.5
1049	9	Do5	C5	318	318	1	8	250	95	96	la	165.625
1050	9	Si4b2	B4b1	312	313	3	16	375	99	96	ra 	165.8125
1051	9	La4	A4	305	305	1	16	125	99	96		165.875
1052	9	Sol4	G4	296	296	1	4	500	95	96		166.125
1053	9			-1	-1	1	8	250	100	0		166.25
1054	9	Do5	C5	318	318	1	8	250	99	96	dar	166.375
1055	9	Si4b2	B4b1	312	313	1	8	250	95	96		166.5
1056	9	Do5	C5	318	318	1	8	250	95	96	gý	166.625
1057	9	Re5	D5	327	327	1	12	167	95	96	ným 	166.7083
1058	9	Do5	C5	318	318	1	12	167	95	96		166.7917
1059	9	Si4b2	B4b1	312	313	1	12	167	95	96		166.875
1060	9	Si4b2	B4b1	312	313	1	8	250	99	96	ar	167
1061	9	La4	A4	305	305	1	8	250	95	96		167.125
1062	9	La4	A4	305	305	1	1	2000	95	96	týk  	168.125
