Sira	Kod	Nota53	NotaAE	Koma53	KomaAE	Pay	Payda	Ms	LNS	Bas	Soz1	Offset
1	9	Fa5#4	F5#4	344	344	1	4	833	95	96	1. HANE	0.2
2	9	Sol5#4	G5#4	353	353	1	8	417	95	96		0.3
3	9	Fa5#4	F5#4	344	344	1	4	833	95	96		0.5
4	9	Mi5#4	E5#4	340	340	1	4	833	95	96		0.7
5	9	Re5	D5	327	327	1	4	833	95	96		0.9
6	9	Mi5#4	E5#4	340	340	1	8	417	95	96		1
7	9	Do5#4	C5#4	322	322	1	8	417	95	96		1.1
8	9	Re5	D5	327	327	1	8	417	95	96		1.2
9	9	Mi5#4	E5#4	340	340	1	8	417	95	96		1.3
10	9	Fa5#4	F5#4	344	344	1	8	417	95	96		1.4
11	9	Mi5#4	E5#4	340	340	1	8	417	95	96		1.5
12	9	Mi5#4	E5#4	340	340	1	8	417	95	96		1.6
13	9	Re5	D5	327	327	1	8	417	95	96		1.7
14	9	Do5#4	C5#4	322	322	1	4	833	95	96		1.9
15	9			-1	-1	1	8	417	100	0		2
16	9	Re5	D5	327	327	1	4	833	95	96		2.2
17	9	Do5#4	C5#4	322	322	1	8	417	95	96		2.3
18	9	Re5	D5	327	327	1	4	833	95	96		2.5
19	9	Mi5#4	E5#4	340	340	1	4	833	95	96		2.7
20	9	Re5	D5	327	327	1	8	417	95	96		2.8
21	9	Do5#4	C5#4	322	322	1	8	417	95	96		2.9
22	9	Re5	D5	327	327	1	8	417	95	96		3
23	9	Mi5#4	E5#4	340	340	1	8	417	95	96		3.1
24	9	Fa5#4	F5#4	344	344	1	8	417	95	96		3.2
25	9	Mi5#4	E5#4	340	340	1	8	417	95	96		3.3
26	9	La5	A5	358	358	1	8	417	95	96		3.4
27	9	Sol5#4	G5#4	353	353	1	8	417	95	96		3.5
28	9	Sol5#4	G5#4	353	353	1	8	417	95	96		3.6
29	9	Fa5#4	F5#4	344	344	1	8	417	95	96		3.7
30	9	Fa5#4	F5#4	344	344	1	4	833	95	96		3.9
31	9			-1	-1	1	8	417	100	0		4
32	9	Fa5#4	F5#4	344	344	1	4	833	95	96		4.2
33	9	Mi5#4	E5#4	340	340	1	8	417	95	96		4.3
34	9	Fa5#4	F5#4	344	344	1	8	417	95	96		4.4
35	9	Mi5#4	E5#4	340	340	1	8	417	95	96		4.5
36	9	Fa5#4	F5#4	344	344	1	8	417	95	96		4.6
37	9	Sol5#4	G5#4	353	353	1	8	417	95	96		4.7
38	9	Fa5#4	F5#4	344	344	1	4	833	95	96		4.9
39	9	Mi5#4	E5#4	340	340	1	8	417	95	96		5
40	9	Mi5#4	E5#4	340	340	1	8	417	95	96		5.1
41	9	Re5	D5	327	327	1	8	417	95	96		5.2
42	9	Do5#4	C5#4	322	322	1	8	417	95	96		5.3
43	9	Si4b1	B4b1	313	313	1	8	417	95	96		5.4
44	9	Do5#4	C5#4	322	322	1	8	417	95	96		5.5
45	9	La4#4	A4#4	309	309	1	8	417	95	96		5.6
46	9	Si4b1	B4b1	313	313	1	8	417	95	96		5.7
47	9	Do5#4	C5#4	322	322	1	4	833	95	96		5.9
48	9			-1	-1	1	8	417	100	0		6
49	9	Si4b1	B4b1	313	313	1	4	833	95	96		6.2
50	9	Do5#4	C5#4	322	322	1	8	417	95	96		6.3
51	9	Si4b1	B4b1	313	313	1	8	417	95	96		6.4
52	9	La4#4	A4#4	309	309	1	8	417	95	96		6.5
53	9	Sol4	G4	296	296	1	8	417	95	96		6.6
54	9	La4#4	A4#4	309	309	1	8	417	95	96		6.7
55	9	Si4b1	B4b1	313	313	1	4	833	95	96		6.9
56	9			-1	-1	1	8	417	100	0		7
57	9	Fa4#4	F4#4	291	291	1	4	833	95	96		7.2
58	9	Sol4	G4	296	296	1	8	417	95	96		7.3
59	9	Fa4#4	F4#4	291	291	1	8	417	95	96		7.4
60	9	Mi4#4	E4#4	287	287	1	8	417	95	96		7.5
61	9	Fa4#4	F4#4	291	291	1	8	417	95	96		7.6
62	9	Sol4	G4	296	296	1	8	417	95	96		7.7
63	9	La4#4	A4#4	309	309	1	8	417	95	96		7.8
64	9	Si4b1	B4b1	313	313	1	8	417	95	96		7.9
65	9	Do5#4	C5#4	322	322	1	8	417	95	96		8
66	9	La4#4	A4#4	309	309	1	4	833	95	96		8.2
67	9	Sol4	G4	296	296	1	8	417	95	96		8.3
68	9	La4#4	A4#4	309	309	1	8	417	95	96		8.4
69	9	Fa4#4	F4#4	291	291	1	8	417	95	96		8.5
70	9	Sol4	G4	296	296	1	8	417	95	96		8.6
71	9	Mi4#4	E4#4	287	287	1	8	417	95	96		8.7
72	9	Fa4#4	F4#4	291	291	1	4	833	95	96		8.9
73	9			-1	-1	1	8	417	100	0		9
74	9	Re5	D5	327	327	1	4	833	95	96		9.2
75	9	Re5	D5	327	327	1	16	208	95	96	TESLÝM	9.25
76	9	Re5	D5	327	327	1	16	208	95	96		9.3
77	9	Re5	D5	327	327	1	8	417	95	96		9.4
78	9	Do5#4	C5#4	322	322	1	8	417	95	96		9.5
79	9	Si4b1	B4b1	313	313	1	8	417	95	96		9.6
80	9	Do5#4	C5#4	322	322	1	8	417	95	96		9.7
81	9	Re5	D5	327	327	1	4	833	95	96		9.9
82	9			-1	-1	1	8	417	100	0		10
83	9	Si4b1	B4b1	313	313	1	4	833	95	96		10.2
84	9	Do5#4	C5#4	322	322	1	8	417	95	96		10.3
85	9	Si4b1	B4b1	313	313	1	8	417	95	96		10.4
86	9	La4#4	A4#4	309	309	1	8	417	95	96		10.5
87	9	Sol4	G4	296	296	1	8	417	95	96		10.6
88	9	La4#4	A4#4	309	309	1	8	417	95	96		10.7
89	9	Si4b1	B4b1	313	313	1	4	833	95	96		10.9
90	9			-1	-1	1	8	417	100	0		11
91	9	Fa4#4	F4#4	291	291	1	4	833	95	96		11.2
92	9	Sol4	G4	296	296	1	8	417	95	96		11.3
93	9	Fa4#4	F4#4	291	291	1	8	417	95	96		11.4
94	9	Mi4#4	E4#4	287	287	1	8	417	95	96		11.5
95	9	Fa4#4	F4#4	291	291	1	8	417	95	96		11.6
96	9	Sol4	G4	296	296	1	8	417	95	96		11.7
97	9	La4#4	A4#4	309	309	1	8	417	95	96		11.8
98	9	Si4b1	B4b1	313	313	1	8	417	95	96		11.9
99	9	Do5#4	C5#4	322	322	1	8	417	95	96		12
100	9	La4#4	A4#4	309	309	1	4	833	95	96		12.2
101	9	Sol4	G4	296	296	1	8	417	95	96		12.3
102	9	La4#4	A4#4	309	309	1	8	417	95	96		12.4
103	9	Fa4#4	F4#4	291	291	1	8	417	95	96		12.5
104	9	Sol4	G4	296	296	1	8	417	95	96		12.6
105	9	Mi4#4	E4#4	287	287	1	8	417	95	96		12.7
106	9	Fa4#4	F4#4	291	291	1	4	833	95	96		12.9
107	9			-1	-1	1	8	417	100	0		13
108	52			0	0	1	8	0	127	17		13.1
109	9	Re5	D5	327	327	1	4	833	95	96		13.3
110	9	Re5	D5	327	327	1	16	208	95	96	TESLÝM	13.35
111	9	Re5	D5	327	327	1	16	208	95	96		13.4
112	9	Re5	D5	327	327	1	8	417	95	96		13.5
113	9	Do5#4	C5#4	322	322	1	8	417	95	96		13.6
114	9	Si4b1	B4b1	313	313	1	8	417	95	96		13.7
115	9	Do5#4	C5#4	322	322	1	8	417	95	96		13.8
116	9	Re5	D5	327	327	1	4	833	95	96		14
117	9			-1	-1	1	8	417	100	0		14.1
118	9	Si4b1	B4b1	313	313	1	4	833	95	96		14.3
119	9	Do5#4	C5#4	322	322	1	8	417	95	96		14.4
120	9	Si4b1	B4b1	313	313	1	8	417	95	96		14.5
121	9	La4#4	A4#4	309	309	1	8	417	95	96		14.6
122	9	Sol4	G4	296	296	1	8	417	95	96		14.7
123	9	La4#4	A4#4	309	309	1	8	417	95	96		14.8
124	9	Si4b1	B4b1	313	313	1	4	833	95	96		15
125	9			-1	-1	1	8	417	100	0		15.1
126	9	Fa4#4	F4#4	291	291	1	4	833	95	96		15.3
127	9	Sol4	G4	296	296	1	8	417	95	96		15.4
128	9	Fa4#4	F4#4	291	291	1	8	417	95	96		15.5
129	9	Mi4#4	E4#4	287	287	1	8	417	95	96		15.6
130	9	Fa4#4	F4#4	291	291	1	8	417	95	96		15.7
131	9	Sol4	G4	296	296	1	8	417	95	96		15.8
132	9	La4#4	A4#4	309	309	1	8	417	95	96		15.9
133	9	Si4b1	B4b1	313	313	1	8	417	95	96		16
134	9	Do5#4	C5#4	322	322	1	8	417	95	96		16.1
135	9	La4#4	A4#4	309	309	1	4	833	95	96		16.3
136	9	Sol4	G4	296	296	1	8	417	95	96		16.4
137	9	La4#4	A4#4	309	309	1	8	417	95	96		16.5
138	9	Fa4#4	F4#4	291	291	1	8	417	95	96		16.6
139	9	Sol4	G4	296	296	1	8	417	95	96		16.7
140	9	Mi4#4	E4#4	287	287	1	8	417	95	96		16.8
141	9	Fa4#4	F4#4	291	291	1	4	833	95	96		17
142	9			-1	-1	1	8	417	100	0		17.1
143	9	Fa4#4	F4#4	291	291	1	4	833	95	96	2. HANE	17.3
144	9	Sol4	G4	296	296	1	8	417	95	96		17.4
145	9	Sol4	G4	296	296	1	8	417	95	96		17.5
146	9	Fa4#4	F4#4	291	291	1	8	417	95	96		17.6
147	9	Sol4	G4	296	296	1	8	417	95	96		17.7
148	9	La4#4	A4#4	309	309	1	8	417	95	96		17.8
149	9	Sol4	G4	296	296	1	4	833	95	96		18
150	9	Fa4#4	F4#4	291	291	1	8	417	95	96		18.1
151	9	Sol4	G4	296	296	1	4	833	95	96		18.3
152	9	Si4b1	B4b1	313	313	1	16	208	95	96		18.35
153	9	Si4b1	B4b1	313	313	1	16	208	95	96		18.4
154	9	Si4b1	B4b1	313	313	1	8	417	95	96		18.5
155	9	La4#4	A4#4	309	309	1	8	417	95	96		18.6
156	9	Sol4	G4	296	296	1	8	417	95	96		18.7
157	9	La4#4	A4#4	309	309	1	8	417	95	96		18.8
158	9	Si4b1	B4b1	313	313	1	4	833	95	96		19
159	9	La4#4	A4#4	309	309	1	8	417	95	96		19.1
160	9	Si4b1	B4b1	313	313	1	4	833	95	96		19.3
161	9	Re5	D5	327	327	1	16	208	95	96		19.35
162	9	Re5	D5	327	327	1	16	208	95	96		19.4
163	9	Re5	D5	327	327	1	8	417	95	96		19.5
164	9	Do5#4	C5#4	322	322	1	8	417	95	96		19.6
165	9	Si4b1	B4b1	313	313	1	8	417	95	96		19.7
166	9	Do5#4	C5#4	322	322	1	8	417	95	96		19.8
167	9	Re5	D5	327	327	1	4	833	95	96		20
168	9	Do5#4	C5#4	322	322	1	8	417	95	96		20.1
169	9	Re5	D5	327	327	1	4	833	95	96		20.3
170	9	Fa5#4	F5#4	344	344	1	8	417	95	96		20.4
171	9	Fa5#4	F5#4	344	344	1	8	417	95	96		20.5
172	9	Mi5#4	E5#4	340	340	1	8	417	95	96		20.6
173	9	Re5	D5	327	327	1	8	417	95	96		20.7
174	9	Mi5#4	E5#4	340	340	1	8	417	95	96		20.8
175	9	Fa5#4	F5#4	344	344	1	4	833	95	96		21
176	9	Mi5#4	E5#4	340	340	1	8	417	95	96		21.1
177	9	Fa5#4	F5#4	344	344	1	4	833	95	96		21.3
178	9	Mi5#4	E5#4	340	340	1	8	417	95	96		21.4
179	9	Fa5#4	F5#4	344	344	1	8	417	95	96		21.5
180	9	Sol5#4	G5#4	353	353	1	8	417	95	96		21.6
181	9	Mi5#4	E5#4	340	340	1	8	417	95	96		21.7
182	9	Fa5#4	F5#4	344	344	1	8	417	95	96		21.8
183	9	Sol5#4	G5#4	353	353	1	4	833	95	96		22
184	9			-1	-1	1	8	417	100	0		22.1
185	9	Fa5#4	F5#4	344	344	1	8	417	95	96		22.2
186	9	Sol5#4	G5#4	353	353	1	8	417	95	96		22.3
187	9	La5	A5	358	358	1	8	417	95	96		22.4
188	9	Sol5#4	G5#4	353	353	1	4	833	95	96		22.6
189	9	Fa5#4	F5#4	344	344	1	4	833	95	96		22.8
190	9	Mi5#4	E5#4	340	340	1	4	833	95	96		23
191	9	Re5	D5	327	327	1	8	417	95	96		23.1
192	9	Do5#4	C5#4	322	322	1	8	417	95	96		23.2
193	9	Re5	D5	327	327	1	8	417	95	96		23.3
194	9	Mi5#4	E5#4	340	340	1	8	417	95	96		23.4
195	9	Fa5#4	F5#4	344	344	1	8	417	95	96		23.5
196	9	Mi5#4	E5#4	340	340	1	8	417	95	96		23.6
197	9	Mi5#4	E5#4	340	340	1	8	417	95	96		23.7
198	9	Re5	D5	327	327	1	8	417	95	96		23.8
199	9	Do5#4	C5#4	322	322	1	4	833	95	96		24
200	9	Si4b1	B4b1	313	313	1	8	417	95	96		24.1
201	9	La4	A4	305	305	1	8	417	95	96		24.2
202	9	Si4b1	B4b1	313	313	1	8	417	95	96		24.3
203	9	Do5#4	C5#4	322	322	1	8	417	95	96		24.4
204	9	Re5	D5	327	327	1	8	417	95	96		24.5
205	9	Do5#4	C5#4	322	322	1	8	417	95	96		24.6
206	9	Do5#4	C5#4	322	322	1	8	417	95	96		24.7
207	9	Si4b1	B4b1	313	313	1	8	417	95	96		24.8
208	9	La4	A4	305	305	1	4	833	95	96		25
209	9	Sol4	G4	296	296	1	8	417	95	96		25.1
210	9	Fa4#4	F4#4	291	291	1	4	833	95	96		25.3
211	9	Sol4	G4	296	296	1	8	417	95	96		25.4
212	9	Fa4#4	F4#4	291	291	1	8	417	95	96		25.5
213	9	Mi4#4	E4#4	287	287	1	8	417	95	96		25.6
214	9	Fa4#4	F4#4	291	291	1	8	417	95	96		25.7
215	9	Sol4	G4	296	296	1	8	417	95	96		25.8
216	9	La4#4	A4#4	309	309	1	8	417	95	96		25.9
217	9	Si4b1	B4b1	313	313	1	8	417	95	96		26
218	9	Do5#4	C5#4	322	322	1	8	417	95	96		26.1
219	9	La4#4	A4#4	309	309	1	4	833	95	96		26.3
220	9	Sol4	G4	296	296	1	8	417	95	96		26.4
221	9	La4#4	A4#4	309	309	1	8	417	95	96		26.5
222	9	Fa4#4	F4#4	291	291	1	8	417	95	96		26.6
223	9	Sol4	G4	296	296	1	8	417	95	96		26.7
224	9	Mi4#4	E4#4	287	287	1	8	417	95	96		26.8
225	9	Fa4#4	F4#4	291	291	1	4	833	95	96		27
226	9			-1	-1	1	8	417	100	0		27.1
227	9	Re5	D5	327	327	1	4	833	95	96		27.3
228	9	Re5	D5	327	327	1	16	208	95	96	TESLÝM	27.35
229	9	Re5	D5	327	327	1	16	208	95	96		27.4
230	9	Re5	D5	327	327	1	8	417	95	96		27.5
231	9	Do5#4	C5#4	322	322	1	8	417	95	96		27.6
232	9	Si4b1	B4b1	313	313	1	8	417	95	96		27.7
233	9	Do5#4	C5#4	322	322	1	8	417	95	96		27.8
234	9	Re5	D5	327	327	1	4	833	95	96		28
235	9			-1	-1	1	8	417	100	0		28.1
236	9	Si4b1	B4b1	313	313	1	4	833	95	96		28.3
237	9	Do5#4	C5#4	322	322	1	8	417	95	96		28.4
238	9	Si4b1	B4b1	313	313	1	8	417	95	96		28.5
239	9	La4#4	A4#4	309	309	1	8	417	95	96		28.6
240	9	Sol4	G4	296	296	1	8	417	95	96		28.7
241	9	La4#4	A4#4	309	309	1	8	417	95	96		28.8
242	9	Si4b1	B4b1	313	313	1	4	833	95	96		29
243	9			-1	-1	1	8	417	100	0		29.1
244	9	Fa4#4	F4#4	291	291	1	4	833	95	96		29.3
245	9	Sol4	G4	296	296	1	8	417	95	96		29.4
246	9	Fa4#4	F4#4	291	291	1	8	417	95	96		29.5
247	9	Mi4#4	E4#4	287	287	1	8	417	95	96		29.6
248	9	Fa4#4	F4#4	291	291	1	8	417	95	96		29.7
249	9	Sol4	G4	296	296	1	8	417	95	96		29.8
250	9	La4#4	A4#4	309	309	1	8	417	95	96		29.9
251	9	Si4b1	B4b1	313	313	1	8	417	95	96		30
252	9	Do5#4	C5#4	322	322	1	8	417	95	96		30.1
253	9	La4#4	A4#4	309	309	1	4	833	95	96		30.3
254	9	Sol4	G4	296	296	1	8	417	95	96		30.4
255	9	La4#4	A4#4	309	309	1	8	417	95	96		30.5
256	9	Fa4#4	F4#4	291	291	1	8	417	95	96		30.6
257	9	Sol4	G4	296	296	1	8	417	95	96		30.7
258	9	Mi4#4	E4#4	287	287	1	8	417	95	96		30.8
259	9	Fa4#4	F4#4	291	291	1	4	833	95	96		31
260	9			-1	-1	1	8	417	100	0		31.1
261	9	Re5	D5	327	327	1	4	833	95	96		31.3
262	9	Re5	D5	327	327	1	16	208	95	96	TESLÝM	31.35
263	9	Re5	D5	327	327	1	16	208	95	96		31.4
264	9	Re5	D5	327	327	1	8	417	95	96		31.5
265	9	Do5#4	C5#4	322	322	1	8	417	95	96		31.6
266	9	Si4b1	B4b1	313	313	1	8	417	95	96		31.7
267	9	Do5#4	C5#4	322	322	1	8	417	95	96		31.8
268	9	Re5	D5	327	327	1	4	833	95	96		32
269	9			-1	-1	1	8	417	100	0		32.1
270	9	Si4b1	B4b1	313	313	1	4	833	95	96		32.3
271	9	Do5#4	C5#4	322	322	1	8	417	95	96		32.4
272	9	Si4b1	B4b1	313	313	1	8	417	95	96		32.5
273	9	La4#4	A4#4	309	309	1	8	417	95	96		32.6
274	9	Sol4	G4	296	296	1	8	417	95	96		32.7
275	9	La4#4	A4#4	309	309	1	8	417	95	96		32.8
276	9	Si4b1	B4b1	313	313	1	4	833	95	96		33
277	9			-1	-1	1	8	417	100	0		33.1
278	9	Fa4#4	F4#4	291	291	1	4	833	95	96		33.3
279	9	Sol4	G4	296	296	1	8	417	95	96		33.4
280	9	Fa4#4	F4#4	291	291	1	8	417	95	96		33.5
281	9	Mi4#4	E4#4	287	287	1	8	417	95	96		33.6
282	9	Fa4#4	F4#4	291	291	1	8	417	95	96		33.7
283	9	Sol4	G4	296	296	1	8	417	95	96		33.8
284	9	La4#4	A4#4	309	309	1	8	417	95	96		33.9
285	9	Si4b1	B4b1	313	313	1	8	417	95	96		34
286	9	Do5#4	C5#4	322	322	1	8	417	95	96		34.1
287	9	La4#4	A4#4	309	309	1	4	833	95	96		34.3
288	9	Sol4	G4	296	296	1	8	417	95	96		34.4
289	9	La4#4	A4#4	309	309	1	8	417	95	96		34.5
290	9	Fa4#4	F4#4	291	291	1	8	417	95	96		34.6
291	9	Sol4	G4	296	296	1	8	417	95	96		34.7
292	9	Mi4#4	E4#4	287	287	1	8	417	95	96		34.8
293	9	Fa4#4	F4#4	291	291	1	4	833	95	96		35
294	9			-1	-1	1	8	417	100	0		35.1
295	9	Fa5#4	F5#4	344	344	1	4	833	95	96	3. HANE	35.3
296	9	Mi5#4	E5#4	340	340	1	8	417	95	96		35.4
297	9	Fa5#4	F5#4	344	344	1	8	417	95	96		35.5
298	9	Sol5#4	G5#4	353	353	1	8	417	95	96		35.6
299	9	Mi5#4	E5#4	340	340	1	8	417	95	96		35.7
300	9	Fa5#4	F5#4	344	344	1	8	417	95	96		35.8
301	9	Sol5#4	G5#4	353	353	1	4	833	95	96		36
302	9			-1	-1	1	8	417	100	0		36.1
303	9	Fa5#4	F5#4	344	344	1	8	417	95	96		36.2
304	9	Sol5#4	G5#4	353	353	1	8	417	95	96		36.3
305	9	La5	A5	358	358	1	8	417	95	96		36.4
306	9	Sol5#4	G5#4	353	353	1	8	417	95	96		36.5
307	9	Fa5#4	F5#4	344	344	1	8	417	95	96		36.6
308	9	Fa5#4	F5#4	344	344	1	8	417	95	96		36.7
309	9	Mi5#4	E5#4	340	340	1	8	417	95	96		36.8
310	9	Mi5#4	E5#4	340	340	1	4	833	95	96		37
311	9	Re5	D5	327	327	1	8	417	95	96		37.1
312	9	Do5#4	C5#4	322	322	1	4	833	95	96		37.3
313	9	Do5#4	C5#4	322	322	1	8	417	95	96		37.4
314	9	Re5	D5	327	327	1	4	833	95	96		37.6
315	9	Mi5#4	E5#4	340	340	1	4	833	95	96		37.8
316	9	Fa5#4	F5#4	344	344	1	4	833	95	96		38
317	9	Sol5#4	G5#4	353	353	1	8	417	95	96		38.1
318	9	La5	A5	358	358	1	4	833	95	96		38.3
319	9	Sol5#4	G5#4	353	353	1	8	417	95	96		38.4
320	9	Sol5#4	G5#4	353	353	1	8	417	95	96		38.5
321	9	Fa5#4	F5#4	344	344	1	8	417	95	96		38.6
322	9	Mi5#4	E5#4	340	340	1	8	417	95	96		38.7
323	9	Fa5#4	F5#4	344	344	1	8	417	95	96		38.8
324	9	Sol5#4	G5#4	353	353	1	4	833	95	96		39
325	9			-1	-1	1	8	417	100	0		39.1
326	9	Sol5#4	G5#4	353	353	1	4	833	95	96		39.3
327	9	Sol5#4	G5#4	353	353	1	16	208	95	96		39.35
328	9	Sol5#4	G5#4	353	353	1	16	208	95	96		39.4
329	9	Sol5#4	G5#4	353	353	1	4	833	95	96		39.6
330	9	La5	A5	358	358	1	8	417	95	96		39.7
331	9	Fa5#4	F5#4	344	344	1	8	417	95	96		39.8
332	9	Sol5#4	G5#4	353	353	1	4	833	95	96		40
333	9			-1	-1	1	8	417	100	0		40.1
334	9	Fa5#4	F5#4	344	344	1	8	417	95	96		40.2
335	9	Sol5#4	G5#4	353	353	1	8	417	95	96		40.3
336	9	La5	A5	358	358	1	8	417	95	96		40.4
337	9	Sol5#4	G5#4	353	353	1	4	833	95	96		40.6
338	9	Fa5#4	F5#4	344	344	1	4	833	95	96		40.8
339	9	Mi5#4	E5#4	340	340	1	4	833	95	96		41
340	9	Re5	D5	327	327	1	8	417	95	96		41.1
341	9	Mi5#4	E5#4	340	340	1	4	833	95	96		41.3
342	9	Fa5#4	F5#4	344	344	1	8	417	95	96		41.4
343	9	Sol5#4	G5#4	353	353	1	8	417	95	96		41.5
344	9	Fa5#4	F5#4	344	344	1	8	417	95	96		41.6
345	9	Mi5#4	E5#4	340	340	1	8	417	95	96		41.7
346	9	Re5	D5	327	327	1	8	417	95	96		41.8
347	9	Do5#4	C5#4	322	322	1	4	833	95	96		42
348	9	Si4b1	B4b1	313	313	1	8	417	95	96		42.1
349	9	Do5#4	C5#4	322	322	1	4	833	95	96		42.3
350	9	Re5	D5	327	327	1	8	417	95	96		42.4
351	9	Mi5#4	E5#4	340	340	1	8	417	95	96		42.5
352	9	Do5#4	C5#4	322	322	1	8	417	95	96		42.6
353	9	Re5	D5	327	327	1	8	417	95	96		42.7
354	9	Si4b1	B4b1	313	313	1	8	417	95	96		42.8
355	9	Do5#4	C5#4	322	322	1	4	833	95	96		43
356	9			-1	-1	1	8	417	100	0		43.1
357	9	Re5	D5	327	327	1	4	833	95	96		43.3
358	9	Re5	D5	327	327	1	16	208	95	96	TESLÝM	43.35
359	9	Re5	D5	327	327	1	16	208	95	96		43.4
360	9	Re5	D5	327	327	1	8	417	95	96		43.5
361	9	Do5#4	C5#4	322	322	1	8	417	95	96		43.6
362	9	Si4b1	B4b1	313	313	1	8	417	95	96		43.7
363	9	Do5#4	C5#4	322	322	1	8	417	95	96		43.8
364	9	Re5	D5	327	327	1	4	833	95	96		44
365	9			-1	-1	1	8	417	100	0		44.1
366	9	Si4b1	B4b1	313	313	1	4	833	95	96		44.3
367	9	Do5#4	C5#4	322	322	1	8	417	95	96		44.4
368	9	Si4b1	B4b1	313	313	1	8	417	95	96		44.5
369	9	La4#4	A4#4	309	309	1	8	417	95	96		44.6
370	9	Sol4	G4	296	296	1	8	417	95	96		44.7
371	9	La4#4	A4#4	309	309	1	8	417	95	96		44.8
372	9	Si4b1	B4b1	313	313	1	4	833	95	96		45
373	9			-1	-1	1	8	417	100	0		45.1
374	9	Fa4#4	F4#4	291	291	1	4	833	95	96		45.3
375	9	Sol4	G4	296	296	1	8	417	95	96		45.4
376	9	Fa4#4	F4#4	291	291	1	8	417	95	96		45.5
377	9	Mi4#4	E4#4	287	287	1	8	417	95	96		45.6
378	9	Fa4#4	F4#4	291	291	1	8	417	95	96		45.7
379	9	Sol4	G4	296	296	1	8	417	95	96		45.8
380	9	La4#4	A4#4	309	309	1	8	417	95	96		45.9
381	9	Si4b1	B4b1	313	313	1	8	417	95	96		46
382	9	Do5#4	C5#4	322	322	1	8	417	95	96		46.1
383	9	La4#4	A4#4	309	309	1	4	833	95	96		46.3
384	9	Sol4	G4	296	296	1	8	417	95	96		46.4
385	9	La4#4	A4#4	309	309	1	8	417	95	96		46.5
386	9	Fa4#4	F4#4	291	291	1	8	417	95	96		46.6
387	9	Sol4	G4	296	296	1	8	417	95	96		46.7
388	9	Mi4#4	E4#4	287	287	1	8	417	95	96		46.8
389	9	Fa4#4	F4#4	291	291	1	4	833	95	96		47
390	9			-1	-1	1	8	417	100	0		47.1
391	9	Re5	D5	327	327	1	4	833	95	96		47.3
392	9	Re5	D5	327	327	1	16	208	95	96	TESLÝM	47.35
393	9	Re5	D5	327	327	1	16	208	95	96		47.4
394	9	Re5	D5	327	327	1	8	417	95	96		47.5
395	9	Do5#4	C5#4	322	322	1	8	417	95	96		47.6
396	9	Si4b1	B4b1	313	313	1	8	417	95	96		47.7
397	9	Do5#4	C5#4	322	322	1	8	417	95	96		47.8
398	9	Re5	D5	327	327	1	4	833	95	96		48
399	9			-1	-1	1	8	417	100	0		48.1
400	9	Si4b1	B4b1	313	313	1	4	833	95	96		48.3
401	9	Do5#4	C5#4	322	322	1	8	417	95	96		48.4
402	9	Si4b1	B4b1	313	313	1	8	417	95	96		48.5
403	9	La4#4	A4#4	309	309	1	8	417	95	96		48.6
404	9	Sol4	G4	296	296	1	8	417	95	96		48.7
405	9	La4#4	A4#4	309	309	1	8	417	95	96		48.8
406	9	Si4b1	B4b1	313	313	1	4	833	95	96		49
407	9			-1	-1	1	8	417	100	0		49.1
408	9	Fa4#4	F4#4	291	291	1	4	833	95	96		49.3
409	9	Sol4	G4	296	296	1	8	417	95	96		49.4
410	9	Fa4#4	F4#4	291	291	1	8	417	95	96		49.5
411	9	Mi4#4	E4#4	287	287	1	8	417	95	96		49.6
412	9	Fa4#4	F4#4	291	291	1	8	417	95	96		49.7
413	9	Sol4	G4	296	296	1	8	417	95	96		49.8
414	9	La4#4	A4#4	309	309	1	8	417	95	96		49.9
415	9	Si4b1	B4b1	313	313	1	8	417	95	96		50
416	9	Do5#4	C5#4	322	322	1	8	417	95	96		50.1
417	9	La4#4	A4#4	309	309	1	4	833	95	96		50.3
418	9	Sol4	G4	296	296	1	8	417	95	96		50.4
419	9	La4#4	A4#4	309	309	1	8	417	95	96		50.5
420	9	Fa4#4	F4#4	291	291	1	8	417	95	96		50.6
421	9	Sol4	G4	296	296	1	8	417	95	96		50.7
422	9	Mi4#4	E4#4	287	287	1	8	417	95	96		50.8
423	9	Fa4#4	F4#4	291	291	1	4	833	95	96		51
424	9			-1	-1	1	8	417	100	0		51.1
425	9	Fa4#4	F4#4	291	291	1	8	417	95	96	4. HANE	51.2
426	9	Fa4#4	F4#4	291	291	1	8	417	95	96		51.3
427	9	Sol4	G4	296	296	1	8	417	95	96		51.4
428	9	La4#4	A4#4	309	309	1	8	417	95	96		51.5
429	9	Si4b1	B4b1	313	313	1	4	833	95	96		51.7
430	9	Do5#4	C5#4	322	322	1	8	417	95	96		51.8
431	9	Si4b1	B4b1	313	313	1	8	417	95	96		51.9
432	9	La4#4	A4#4	309	309	1	8	417	95	96		52
433	9	Si4b1	B4b1	313	313	1	8	417	95	96		52.1
434	9	Si4b1	B4b1	313	313	1	4	833	95	96		52.3
435	9	Re5	D5	327	327	1	8	417	95	96		52.4
436	9	Do5#4	C5#4	322	322	1	8	417	95	96		52.5
437	9	Si4b1	B4b1	313	313	1	8	417	95	96		52.6
438	9	Do5#4	C5#4	322	322	1	8	417	95	96		52.7
439	9	Si4b1	B4b1	313	313	1	8	417	95	96		52.8
440	9	La4#4	A4#4	309	309	1	8	417	95	96		52.9
441	9	Si4b1	B4b1	313	313	1	8	417	95	96		53
442	9	Si4b1	B4b1	313	313	1	8	417	95	96		53.1
443	9	La4#4	A4#4	309	309	1	8	417	95	96		53.2
444	9	Sol4	G4	296	296	1	8	417	95	96		53.3
445	9	Fa4#4	F4#4	291	291	1	4	833	95	96		53.5
446	9	Fa4#4	F4#4	291	291	1	8	417	95	96	4. HANE	53.6
447	9	Fa4#4	F4#4	291	291	1	8	417	95	96		53.7
448	9	Sol4	G4	296	296	1	8	417	95	96		53.8
449	9	La4#4	A4#4	309	309	1	8	417	95	96		53.9
450	9	Si4b1	B4b1	313	313	1	4	833	95	96		54.1
451	9	Do5#4	C5#4	322	322	1	8	417	95	96		54.2
452	9	Si4b1	B4b1	313	313	1	8	417	95	96		54.3
453	9	La4#4	A4#4	309	309	1	8	417	95	96		54.4
454	9	Si4b1	B4b1	313	313	1	8	417	95	96		54.5
455	9	Si4b1	B4b1	313	313	1	4	833	95	96		54.7
456	9	Re5	D5	327	327	1	8	417	95	96		54.8
457	9	Do5#4	C5#4	322	322	1	8	417	95	96		54.9
458	9	Si4b1	B4b1	313	313	1	8	417	95	96		55
459	9	Do5#4	C5#4	322	322	1	8	417	95	96		55.1
460	9	Si4b1	B4b1	313	313	1	8	417	95	96		55.2
461	9	La4#4	A4#4	309	309	1	8	417	95	96		55.3
462	9	Si4b1	B4b1	313	313	1	8	417	95	96		55.4
463	9	Do5#4	C5#4	322	322	1	8	417	95	96		55.5
464	9	Re5	D5	327	327	1	8	417	95	96		55.6
465	9	Mi5#4	E5#4	340	340	1	8	417	95	96		55.7
466	9	Fa5#4	F5#4	344	344	1	4	833	95	96		55.9
467	9	Fa5#4	F5#4	344	344	1	16	208	95	96		55.95
468	9	Mi5#4	E5#4	340	340	1	16	208	95	96		56
469	9	Fa5#4	F5#4	344	344	1	8	417	95	96		56.1
470	9	Sol5#4	G5#4	353	353	1	8	417	95	96		56.2
471	9	Fa5#4	F5#4	344	344	1	16	208	95	96		56.25
472	9	Mi5#4	E5#4	340	340	1	16	208	95	96		56.3
473	9	Fa5#4	F5#4	344	344	1	4	833	95	96		56.5
474	9	Si4b1	B4b1	313	313	1	16	208	95	96		56.55
475	9	La4#4	A4#4	309	309	1	16	208	95	96		56.6
476	9	Si4b1	B4b1	313	313	1	8	417	95	96		56.7
477	9	Do5#4	C5#4	322	322	1	8	417	95	96		56.8
478	9	Si4b1	B4b1	313	313	1	16	208	95	96		56.85
479	9	La4#4	A4#4	309	309	1	16	208	95	96		56.9
480	9	Si4b1	B4b1	313	313	1	4	833	95	96		57.1
481	9	Fa5#4	F5#4	344	344	1	16	208	95	96		57.15
482	9	Mi5#4	E5#4	340	340	1	16	208	95	96		57.2
483	9	Fa5#4	F5#4	344	344	1	8	417	95	96		57.3
484	9	Sol5#4	G5#4	353	353	1	8	417	95	96		57.4
485	9	Fa5#4	F5#4	344	344	1	16	208	95	96		57.45
486	9	Mi5#4	E5#4	340	340	1	16	208	95	96		57.5
487	9	Fa5#4	F5#4	344	344	1	4	833	95	96		57.7
488	9	Si4b1	B4b1	313	313	1	16	208	95	96		57.75
489	9	La4#4	A4#4	309	309	1	16	208	95	96		57.8
490	9	Si4b1	B4b1	313	313	1	8	417	95	96		57.9
491	9	Do5#4	C5#4	322	322	1	8	417	95	96		58
492	9	Si4b1	B4b1	313	313	1	16	208	95	96		58.05
493	9	La4#4	A4#4	309	309	1	16	208	95	96		58.1
494	9	Si4b1	B4b1	313	313	1	4	833	95	96		58.3
495	9	Sol5#4	G5#4	353	353	1	8	417	95	96		58.4
496	9	Fa5#4	F5#4	344	344	1	8	417	95	96		58.5
497	9	Mi5#4	E5#4	340	340	1	8	417	95	96		58.6
498	9	Re5	D5	327	327	1	8	417	95	96		58.7
499	9	Sol5	G5	349	349	1	4	833	95	96		58.9
500	9	Fa5#4	F5#4	344	344	1	8	417	95	96		59
501	9	Fa5#4	F5#4	344	344	1	8	417	95	96		59.1
502	9	Mi5#4	E5#4	340	340	1	8	417	95	96		59.2
503	9	Re5	D5	327	327	1	8	417	95	96		59.3
504	9	Do5#4	C5#4	322	322	1	4	833	95	96		59.5
505	9	Re5	D5	327	327	1	8	417	95	96		59.6
506	9	Do5#4	C5#4	322	322	1	8	417	95	96		59.7
507	9	Si4b1	B4b1	313	313	1	8	417	95	96		59.8
508	9	Do5#4	C5#4	322	322	1	8	417	95	96		59.9
509	9	Si4b1	B4b1	313	313	1	8	417	95	96		60
510	9	La4#4	A4#4	309	309	1	8	417	95	96		60.1
511	9	Si4b1	B4b1	313	313	1	8	417	95	96		60.2
512	9	Do5#4	C5#4	322	322	1	8	417	95	96		60.3
513	9	Re5	D5	327	327	1	8	417	95	96		60.4
514	9	Mi5#4	E5#4	340	340	1	8	417	95	96		60.5
515	9	Fa5#4	F5#4	344	344	1	4	833	95	96		60.7
516	9	Fa5#4	F5#4	344	344	1	16	208	95	96		60.75
517	9	Mi5#4	E5#4	340	340	1	16	208	95	96		60.8
518	9	Fa5#4	F5#4	344	344	1	8	417	95	96		60.9
519	9	Sol5#4	G5#4	353	353	1	8	417	95	96		61
520	9	Fa5#4	F5#4	344	344	1	16	208	95	96		61.05
521	9	Mi5#4	E5#4	340	340	1	16	208	95	96		61.1
522	9	Fa5#4	F5#4	344	344	1	4	833	95	96		61.3
523	9	Si4b1	B4b1	313	313	1	16	208	95	96		61.35
524	9	La4#4	A4#4	309	309	1	16	208	95	96		61.4
525	9	Si4b1	B4b1	313	313	1	8	417	95	96		61.5
526	9	Do5#4	C5#4	322	322	1	8	417	95	96		61.6
527	9	Si4b1	B4b1	313	313	1	16	208	95	96		61.65
528	9	La4#4	A4#4	309	309	1	16	208	95	96		61.7
529	9	Si4b1	B4b1	313	313	1	4	833	95	96		61.9
530	9	Fa5#4	F5#4	344	344	1	16	208	95	96		61.95
531	9	Mi5#4	E5#4	340	340	1	16	208	95	96		62
532	9	Fa5#4	F5#4	344	344	1	8	417	95	96		62.1
533	9	Sol5#4	G5#4	353	353	1	8	417	95	96		62.2
534	9	Fa5#4	F5#4	344	344	1	16	208	95	96		62.25
535	9	Mi5#4	E5#4	340	340	1	16	208	95	96		62.3
536	9	Fa5#4	F5#4	344	344	1	4	833	95	96		62.5
537	9	Si4b1	B4b1	313	313	1	16	208	95	96		62.55
538	9	La4#4	A4#4	309	309	1	16	208	95	96		62.6
539	9	Si4b1	B4b1	313	313	1	8	417	95	96		62.7
540	9	Do5#4	C5#4	322	322	1	8	417	95	96		62.8
541	9	Si4b1	B4b1	313	313	1	16	208	95	96		62.85
542	9	La4#4	A4#4	309	309	1	16	208	95	96		62.9
543	9	Si4b1	B4b1	313	313	1	4	833	95	96		63.1
544	9	Sol5#4	G5#4	353	353	1	8	417	95	96		63.2
545	9	Fa5#4	F5#4	344	344	1	8	417	95	96		63.3
546	9	Mi5#4	E5#4	340	340	1	8	417	95	96		63.4
547	9	Re5	D5	327	327	1	8	417	95	96		63.5
548	9	Sol5	G5	349	349	1	4	833	95	96		63.7
549	9	Fa5#4	F5#4	344	344	1	8	417	95	96		63.8
550	9	Fa5#4	F5#4	344	344	1	8	417	95	96		63.9
551	9	Mi5#4	E5#4	340	340	1	8	417	95	96		64
552	9	Re5	D5	327	327	1	8	417	95	96		64.1
553	9	Do5#4	C5#4	322	322	1	4	833	95	96		64.3
554	9	Re5	D5	327	327	1	8	417	95	96		64.4
555	9	Do5#4	C5#4	322	322	1	8	417	95	96		64.5
556	9	Si4b1	B4b1	313	313	1	8	417	95	96		64.6
557	9	Do5#4	C5#4	322	322	1	8	417	95	96		64.7
558	9	Si4b1	B4b1	313	313	1	8	417	95	96		64.8
559	9	La4#4	A4#4	309	309	1	8	417	95	96		64.9
560	9	Si4b1	B4b1	313	313	1	8	417	95	96		65
561	9	Si4b1	B4b1	313	313	1	8	417	95	96		65.1
562	9	Do5#4	C5#4	322	322	1	8	417	95	96		65.2
563	9	Si4b1	B4b1	313	313	1	16	208	95	96		65.25
564	9	La4#4	A4#4	309	309	1	16	208	95	96		65.3
565	9	Si4b1	B4b1	313	313	1	4	833	95	96		65.5
566	9	Si4b1	B4b1	313	313	1	4	833	95	96		65.7
567	9	Do5#4	C5#4	322	322	1	8	417	95	96		65.8
568	9	Re5	D5	327	327	1	4	833	95	96		66
569	9	Do5#4	C5#4	322	322	1	8	417	95	96		66.1
570	9	Si4b1	B4b1	313	313	1	4	833	95	96		66.3
571	9	Re5	D5	327	327	1	8	417	95	96		66.4
572	9	Do5#4	C5#4	322	322	1	4	833	95	96		66.6
573	9	Si4b1	B4b1	313	313	1	8	417	95	96		66.7
574	9	La4#4	A4#4	309	309	1	4	833	95	96		66.9
575	9	Do5#4	C5#4	322	322	1	8	417	95	96		67
576	9	Si4b1	B4b1	313	313	1	4	833	95	96		67.2
577	9	La4#4	A4#4	309	309	1	8	417	95	96		67.3
578	9	Sol4	G4	296	296	1	4	833	95	96		67.5
579	9	Si4b1	B4b1	313	313	1	8	417	95	96		67.6
580	9	La4#4	A4#4	309	309	1	4	833	95	96		67.8
581	9	Sol4	G4	296	296	1	8	417	95	96		67.9
582	9	Fa4#4	F4#4	291	291	1	4	833	95	96		68.1
583	9	Sol4	G4	296	296	1	8	417	95	96		68.2
584	9	Fa4#4	F4#4	291	291	1	8	417	95	96		68.3
585	9	Mi4#4	E4#4	287	287	1	8	417	95	96		68.4
586	9	Fa4#4	F4#4	291	291	1	8	417	95	96		68.5
587	9	Sol4	G4	296	296	1	8	417	95	96		68.6
588	9	La4#4	A4#4	309	309	1	8	417	95	96		68.7
589	9	Si4b1	B4b1	313	313	1	8	417	95	96		68.8
590	9	Do5#4	C5#4	322	322	1	8	417	95	96		68.9
591	9	La4#4	A4#4	309	309	1	4	833	95	96		69.1
592	9	Sol4	G4	296	296	1	8	417	95	96		69.2
593	9	La4#4	A4#4	309	309	1	8	417	95	96		69.3
594	9	Fa4#4	F4#4	291	291	1	8	417	95	96		69.4
595	9	Sol4	G4	296	296	1	8	417	95	96		69.5
596	9	Mi4#4	E4#4	287	287	1	8	417	95	96		69.6
597	9	Fa4#4	F4#4	291	291	1	4	833	95	96		69.8
598	9			-1	-1	1	8	417	100	0		69.9
599	9	Re5	D5	327	327	1	4	833	95	96		70.1
600	9	Re5	D5	327	327	1	16	208	95	96	TESLÝM	70.15
601	9	Re5	D5	327	327	1	16	208	95	96		70.2
602	9	Re5	D5	327	327	1	8	417	95	96		70.3
603	9	Do5#4	C5#4	322	322	1	8	417	95	96		70.4
604	9	Si4b1	B4b1	313	313	1	8	417	95	96		70.5
605	9	Do5#4	C5#4	322	322	1	8	417	95	96		70.6
606	9	Re5	D5	327	327	1	4	833	95	96		70.8
607	9			-1	-1	1	8	417	100	0		70.9
608	9	Si4b1	B4b1	313	313	1	4	833	95	96		71.1
609	9	Do5#4	C5#4	322	322	1	8	417	95	96		71.2
610	9	Si4b1	B4b1	313	313	1	8	417	95	96		71.3
611	9	La4#4	A4#4	309	309	1	8	417	95	96		71.4
612	9	Sol4	G4	296	296	1	8	417	95	96		71.5
613	9	La4#4	A4#4	309	309	1	8	417	95	96		71.6
614	9	Si4b1	B4b1	313	313	1	4	833	95	96		71.8
615	9			-1	-1	1	8	417	100	0		71.9
616	9	Fa4#4	F4#4	291	291	1	4	833	95	96		72.1
617	9	Sol4	G4	296	296	1	8	417	95	96		72.2
618	9	Fa4#4	F4#4	291	291	1	8	417	95	96		72.3
619	9	Mi4#4	E4#4	287	287	1	8	417	95	96		72.4
620	9	Fa4#4	F4#4	291	291	1	8	417	95	96		72.5
621	9	Sol4	G4	296	296	1	8	417	95	96		72.6
622	9	La4#4	A4#4	309	309	1	8	417	95	96		72.7
623	9	Si4b1	B4b1	313	313	1	8	417	95	96		72.8
624	9	Do5#4	C5#4	322	322	1	8	417	95	96		72.9
625	9	La4#4	A4#4	309	309	1	4	833	95	96		73.1
626	9	Sol4	G4	296	296	1	8	417	95	96		73.2
627	9	La4#4	A4#4	309	309	1	8	417	95	96		73.3
628	9	Fa4#4	F4#4	291	291	1	8	417	95	96		73.4
629	9	Sol4	G4	296	296	1	8	417	95	96		73.5
630	9	Mi4#4	E4#4	287	287	1	8	417	95	96		73.6
631	9	Fa4#4	F4#4	291	291	1	4	833	95	96		73.8
632	9			-1	-1	1	8	417	100	0		73.9
633	9	Re5	D5	327	327	1	4	833	95	96		74.1
634	9	Re5	D5	327	327	1	16	208	95	96	TESLÝM	74.15
635	9	Re5	D5	327	327	1	16	208	95	96		74.2
636	9	Re5	D5	327	327	1	8	417	95	96		74.3
637	9	Do5#4	C5#4	322	322	1	8	417	95	96		74.4
638	9	Si4b1	B4b1	313	313	1	8	417	95	96		74.5
639	9	Do5#4	C5#4	322	322	1	8	417	95	96		74.6
640	9	Re5	D5	327	327	1	4	833	95	96		74.8
641	9			-1	-1	1	8	417	100	0		74.9
642	9	Si4b1	B4b1	313	313	1	4	833	95	96		75.1
643	9	Do5#4	C5#4	322	322	1	8	417	95	96		75.2
644	9	Si4b1	B4b1	313	313	1	8	417	95	96		75.3
645	9	La4#4	A4#4	309	309	1	8	417	95	96		75.4
646	9	Sol4	G4	296	296	1	8	417	95	96		75.5
647	9	La4#4	A4#4	309	309	1	8	417	95	96		75.6
648	9	Si4b1	B4b1	313	313	1	4	833	95	96		75.8
649	9			-1	-1	1	8	417	100	0		75.9
650	9	Fa4#4	F4#4	291	291	1	4	833	95	96		76.1
651	9	Sol4	G4	296	296	1	8	417	95	96		76.2
652	9	Fa4#4	F4#4	291	291	1	8	417	95	96		76.3
653	9	Mi4#4	E4#4	287	287	1	8	417	95	96		76.4
654	9	Fa4#4	F4#4	291	291	1	8	417	95	96		76.5
655	9	Sol4	G4	296	296	1	8	417	95	96		76.6
656	9	La4#4	A4#4	309	309	1	8	417	95	96		76.7
657	9	Si4b1	B4b1	313	313	1	8	417	95	96		76.8
658	9	Do5#4	C5#4	322	322	1	8	417	95	96		76.9
659	9	La4#4	A4#4	309	309	1	4	833	95	96		77.1
660	9	Sol4	G4	296	296	1	8	417	95	96		77.2
661	9	La4#4	A4#4	309	309	1	8	417	95	96		77.3
662	9	Fa4#4	F4#4	291	291	1	8	417	95	96		77.4
663	9	Sol4	G4	296	296	1	8	417	95	96		77.5
664	9	Mi4#4	E4#4	287	287	1	8	417	95	96		77.6
665	9	Fa4#4	F4#4	291	291	1	4	833	95	96		77.8
666	9			-1	-1	1	8	417	100	0		77.9
