Sira	Kod	Nota53	NotaAE	Koma53	KomaAE	Pay	Payda	Ms	LNS	Bas	Soz1	Offset
1	9	Re5	D5	327	327	1	16	227	95	66	ARANAÐME	0.0625
2	9	Do5	C5	318	318	1	16	227	95	67	.	0.125
3	9	Re5	D5	327	327	1	16	227	95	67	.	0.1875
4	9	Mi5	E5	336	336	1	16	227	95	68	.	0.25
5	9	Re5	D5	327	327	1	8	455	95	68	.	0.375
6	9	Mi5	E5	336	336	1	8	455	95	69	.	0.5
7	9	Mi5	E5	336	336	1	16	227	95	69	.	0.5625
8	9	Fa5	F5	340	340	1	16	227	95	70	.	0.625
9	9	Mi5	E5	336	336	1	16	227	95	70	.	0.6875
10	9	Re5	D5	327	327	1	16	227	95	71	.	0.75
11	9	Mi5	E5	336	336	1	16	227	95	71	.	0.8125
12	9	Sol5	G5	349	349	1	16	227	95	72	.	0.875
13	9	Fa5	F5	340	340	1	16	227	95	72	.	0.9375
14	9	Mi5	E5	336	336	1	16	227	95	73	.	1
15	9	Mi5	E5	336	336	1	16	227	95	73	.	1.0625
16	9	Re5	D5	327	327	1	16	227	95	74	.	1.125
17	9	Do5#4	C5#4	322	322	1	16	227	95	74	.	1.1875
18	9	Re5	D5	327	327	1	16	227	95	75	.	1.25
19	9	Do5#4	C5#4	322	322	1	8	455	95	75	.	1.375
20	9	Re5	D5	327	327	1	8	455	95	76	.	1.5
21	9	Mi5	E5	336	336	1	16	227	95	76	.	1.5625
22	9	Fa5#3	F5#4	343	344	1	16	227	95	77	.	1.625
23	9	Sol5	G5	349	349	1	16	227	95	77	.	1.6875
24	9	La5	A5	358	358	1	16	227	95	78	.	1.75
25	9	Fa5#2	F5#1	342	341	1	16	227	95	78	.	1.8125
26	9	Mi5	E5	336	336	1	16	227	95	79	.	1.875
27	9	Re5	D5	327	327	1	8	455	95	79	.	2
28	9	Mi5	E5	336	336	1	16	227	95	80	.	2.0625
29	9	Fa5	F5	340	340	1	16	227	95	80	.	2.125
30	9	Mi5	E5	336	336	1	16	227	95	81	.	2.1875
31	9	Re5	D5	327	327	1	16	227	95	82	.	2.25
32	9	Re5	D5	327	327	1	16	227	95	82	.	2.3125
33	9	Do5	C5	318	318	1	16	227	95	83	.	2.375
34	9	Do5	C5	318	318	1	16	227	95	83	.	2.4375
35	9	Re5	D5	327	327	1	16	227	95	84	.	2.5
36	9	Do5	C5	318	318	1	24	152	95	84	.	2.541667
37	9	Si4b2	B4b1	312	313	1	24	152	95	85	.	2.583333
38	9	La4	A4	305	305	1	24	152	95	85	.	2.625
39	9	Si4b2	B4b1	312	313	1	16	227	95	86	.	2.6875
40	9	Do5	C5	318	318	1	16	227	95	86	.	2.75
41	9	Si4b2	B4b1	312	313	1	8	455	95	87	.	2.875
42	9	Re5	D5	327	327	1	8	455	95	87	.	3
43	9	Re5	D5	327	327	1	16	227	95	88	.	3.0625
44	9	Mi5	E5	336	336	1	16	227	95	88	.	3.125
45	9	Re5	D5	327	327	1	16	227	95	89	.	3.1875
46	9	Do5	C5	318	318	1	16	227	95	89	.	3.25
47	9	Do5	C5	318	318	1	16	227	95	90	.	3.3125
48	9	Re5	D5	327	327	1	16	227	95	90	.	3.375
49	9	Do5	C5	318	318	1	16	227	95	91	.	3.4375
50	9	Si4b2	B4b1	312	313	1	16	227	95	91	.	3.5
51	9	Si4b2	B4b1	312	313	1	32	114	95	92	.	3.53125
52	9	La4	A4	305	305	1	32	114	95	92	.	3.5625
53	9	Si4b2	B4b1	312	313	1	32	114	95	93	.	3.59375
54	9	Do5	C5	318	318	1	32	114	95	93	.	3.625
55	9	Si4b2	B4b1	312	313	1	16	227	95	94	.	3.6875
56	9	La4	A4	305	305	1	16	227	95	94	.	3.75
57	9	La4	A4	305	305	1	8	455	95	95	.	3.875
58	9			-1	-1	1	8	455	100	95		4
59	52			0	0	1	8	0	127	96		4.125
60	9	Re5	D5	327	327	1	16	227	95	96	ARANAÐME	4.1875
61	9	Do5	C5	318	318	1	16	227	95	96	.	4.25
62	9	Re5	D5	327	327	1	16	227	95	96	.	4.3125
63	9	Mi5	E5	336	336	1	16	227	95	96	.	4.375
64	9	Re5	D5	327	327	1	8	455	95	96	.	4.5
65	9	Mi5	E5	336	336	1	8	455	95	96	.	4.625
66	9	Mi5	E5	336	336	1	16	227	95	96	.	4.6875
67	9	Fa5	F5	340	340	1	16	227	95	96	.	4.75
68	9	Mi5	E5	336	336	1	16	227	95	96	.	4.8125
69	9	Re5	D5	327	327	1	16	227	95	96	.	4.875
70	9	Mi5	E5	336	336	1	16	227	95	96	.	4.9375
71	9	Sol5	G5	349	349	1	16	227	95	96	.	5
72	9	Fa5	F5	340	340	1	16	227	95	96	.	5.0625
73	9	Mi5	E5	336	336	1	16	227	95	96	.	5.125
74	9	Mi5	E5	336	336	1	16	227	95	96	.	5.1875
75	9	Re5	D5	327	327	1	16	227	95	96	.	5.25
76	9	Do5#4	C5#4	322	322	1	16	227	95	96	.	5.3125
77	9	Re5	D5	327	327	1	16	227	95	96	.	5.375
78	9	Do5#4	C5#4	322	322	1	8	455	95	96	.	5.5
79	9	Re5	D5	327	327	1	8	455	95	96	.	5.625
80	9	Mi5	E5	336	336	1	16	227	95	96	.	5.6875
81	9	Fa5#3	F5#4	343	344	1	16	227	95	96	.	5.75
82	9	Sol5	G5	349	349	1	16	227	95	96	.	5.8125
83	9	La5	A5	358	358	1	16	227	95	96	.	5.875
84	9	Fa5#2	F5#1	342	341	1	16	227	95	96	.	5.9375
85	9	Mi5	E5	336	336	1	16	227	95	96	.	6
86	9	Re5	D5	327	327	1	8	455	95	96	.	6.125
87	9	Mi5	E5	336	336	1	16	227	95	96	.	6.1875
88	9	Fa5	F5	340	340	1	16	227	95	96	.	6.25
89	9	Mi5	E5	336	336	1	16	227	95	96	.	6.3125
90	9	Re5	D5	327	327	1	16	227	95	96	.	6.375
91	9	Re5	D5	327	327	1	16	227	95	96	.	6.4375
92	9	Do5	C5	318	318	1	16	227	95	96	.	6.5
93	9	Do5	C5	318	318	1	16	227	95	96	.	6.5625
94	9	Re5	D5	327	327	1	16	227	95	96	.	6.625
95	9	Do5	C5	318	318	1	24	152	95	96	.	6.666667
96	9	Si4b2	B4b1	312	313	1	24	152	95	96	.	6.708333
97	9	La4	A4	305	305	1	24	152	95	96	.	6.75
98	9	Si4b2	B4b1	312	313	1	16	227	95	96	.	6.8125
99	9	Do5	C5	318	318	1	16	227	95	96	.	6.875
100	9	Si4b2	B4b1	312	313	1	8	455	95	96	.	7
101	9	Re5	D5	327	327	1	8	455	95	96	.	7.125
102	9	Re5	D5	327	327	1	16	227	95	96	.	7.1875
103	9	Mi5	E5	336	336	1	16	227	95	96	.	7.25
104	9	Re5	D5	327	327	1	16	227	95	96	.	7.3125
105	9	Do5	C5	318	318	1	16	227	95	96	.	7.375
106	9	Do5	C5	318	318	1	16	227	95	96	.	7.4375
107	9	Re5	D5	327	327	1	16	227	95	96	.	7.5
108	9	Do5	C5	318	318	1	16	227	95	96	.	7.5625
109	9	Si4b2	B4b1	312	313	1	16	227	95	96	.	7.625
110	9	Si4b2	B4b1	312	313	1	32	114	95	96	.	7.65625
111	9	La4	A4	305	305	1	32	114	95	96	.	7.6875
112	9	Si4b2	B4b1	312	313	1	32	114	95	96	.	7.71875
113	9	Do5	C5	318	318	1	32	114	95	96	.	7.75
114	9	Si4b2	B4b1	312	313	1	16	227	95	96	.	7.8125
115	9	La4	A4	305	305	1	16	227	95	96	.	7.875
116	9	La4	A4	305	305	1	8	455	95	96	.	8
117	9			-1	-1	1	8	455	100	0		8.125
118	9	Do5	C5	318	318	1	8	455	95	96	Ge	8.25
119	9	Re5	D5	327	327	1	4	909	99	96	lir	8.5
120	9	Mi5	E5	336	336	1	16	227	99	96		8.5625
121	9	Fa5	F5	340	340	1	16	227	95	96		8.625
122	9	Mi5	E5	336	336	1	16	227	99	96	ken 	8.6875
123	9	Re5	D5	327	327	1	16	227	99	96		8.75
124	9	Do5	C5	318	318	1	16	227	99	96		8.8125
125	9	Si4b2	B4b1	312	313	1	16	227	95	96		8.875
126	9	Do5	C5	318	318	1	16	227	99	96	mec	8.9375
127	9	Re5	D5	327	327	1	16	227	99	96		9
128	9	Do5	C5	318	318	1	16	227	99	96		9.0625
129	9	Re5	D5	327	327	1	16	227	95	96		9.125
130	9	Do5	C5	318	318	1	8	455	99	96	li	9.25
131	9	Si4b2	B4b1	312	313	1	16	227	99	96		9.3125
132	9	Do5	C5	318	318	1	16	227	95	96		9.375
133	9	Re5	D5	327	327	1	8	455	99	96	se 	9.5
134	9	Mi5	E5	336	336	1	16	227	99	96		9.5625
135	9	Fa5	F5	340	340	1	16	227	95	96		9.625
136	9	La5	A5	358	358	1	16	227	99	96	yâ	9.6875
137	9	Sol5	G5	349	349	1	16	227	99	96		9.75
138	9	Fa5	F5	340	340	1	16	227	99	96		9.8125
139	9	Mi5	E5	336	336	1	16	227	95	96		9.875
140	9	Mi5	E5	336	336	1	24	152	99	96	rim 	9.916667
141	9	Re5	D5	327	327	1	24	152	99	96		9.958333
142	9	Do5#4	C5#4	322	322	1	24	152	99	96		10
143	9	Re5	D5	327	327	1	8	455	95	96		10.125
144	9	La5	A5	358	358	1	8	455	99	96	gü	10.25
145	9	La5	A5	358	358	1	16	227	99	96		10.3125
146	9	Sol5	G5	349	349	1	16	227	95	96		10.375
147	9	Fa5#3	F5#4	343	344	1	8	455	99	96	cen	10.5
148	9	Mi5	E5	336	336	1	16	227	99	96		10.5625
149	9	Fa5#3	F5#4	343	344	1	16	227	95	96		10.625
150	9	La5	A5	358	358	1	16	227	99	96	di 	10.6875
151	9	Sol5	G5	349	349	1	16	227	99	96		10.75
152	9	Fa5#1	F5#1	341	341	1	16	227	99	96		10.8125
153	9	Mi5	E5	336	336	1	16	227	99	96		10.875
154	9	Re5	D5	327	327	1	8	455	99	96		11
155	9	Do5	C5	318	318	1	16	227	99	96		11.0625
156	9	Si4b2	B4b1	312	313	1	16	227	95	96		11.125
157	9	Sol5	G5	349	349	1	8	455	99	96	gü	11.25
158	9	Fa5	F5	340	340	1	16	227	99	96		11.3125
159	9	Mi5	E5	336	336	1	16	227	95	96		11.375
160	9	Re5	D5	327	327	1	8	455	99	96	cen	11.5
161	9	Mi5	E5	336	336	1	16	227	99	96		11.5625
162	9	Fa5	F5	340	340	1	16	227	95	96		11.625
163	9	Mi5	E5	336	336	1	16	227	99	96	di  	11.6875
164	9	Re5	D5	327	327	1	16	227	99	96		11.75
165	9	Do5#4	C5#4	322	322	1	16	227	99	96		11.8125
166	9	Mi5	E5	336	336	1	16	227	99	96		11.875
167	9	Re5	D5	327	327	1	8	455	95	96		12
168	9			-1	-1	1	8	455	100	0		12.125
169	9	Re5	D5	327	327	1	8	455	95	96	Gö	12.25
170	9	Mi5	E5	336	336	1	8	455	99	96	nül	12.375
171	9	Mi5	E5	336	336	1	16	227	99	96		12.4375
172	9	Fa5	F5	340	340	1	16	227	99	96		12.5
173	9	Mi5	E5	336	336	1	16	227	99	96		12.5625
174	9	Fa5	F5	340	340	1	16	227	95	96		12.625
175	9	Sol5	G5	349	349	3	32	341	99	96	de 	12.71875
176	9	Si5b5	B5b5	362	362	1	32	114	99	96		12.75
177	9	La5	A5	358	358	1	16	227	99	96		12.8125
178	9	Sol5	G5	349	349	1	16	227	95	96		12.875
179	9	Fa5	F5	340	340	1	16	227	99	96	dað_	12.9375
180	9	Mi5	E5	336	336	1	16	227	99	96		13
181	9	Re5	D5	327	327	1	8	455	95	96		13.125
182	9	Do5	C5	318	318	1	16	227	99	96	ý 	13.1875
183	9	Re5	D5	327	327	1	16	227	99	96		13.25
184	9	Mi5	E5	336	336	1	16	227	99	96		13.3125
185	9	Fa5	F5	340	340	1	16	227	95	96		13.375
186	9	Sol5	G5	349	349	3	32	341	99	96	has	13.46875
187	9	Si5b5	B5b5	362	362	1	32	114	99	96		13.5
188	9	La5	A5	358	358	1	16	227	99	96		13.5625
189	9	Sol5	G5	349	349	1	16	227	95	96		13.625
190	9	Fa5	F5	340	340	1	16	227	99	96	ret 	13.6875
191	9	Mi5	E5	336	336	1	16	227	99	96		13.75
192	9	Re5	D5	327	327	1	16	227	99	96		13.8125
193	9	Do5#4	C5#4	322	322	1	16	227	95	96		13.875
194	9	Re5	D5	327	327	1	8	455	95	96	tâ	14
195	9			-1	-1	1	8	455	100	0		14.125
196	9	Fa5#1	F5#1	341	341	1	8	455	99	96	ze	14.25
197	9	Fa5#1	F5#1	341	341	1	16	227	99	96		14.3125
198	9	Mi5	E5	336	336	1	16	227	95	96		14.375
199	9	Mi5	E5	336	336	1	16	227	99	96	len	14.4375
200	9	Re5	D5	327	327	1	16	227	99	96		14.5
201	9	Mi5	E5	336	336	1	8	455	95	96		14.625
202	9	Do5	C5	318	318	1	24	152	99	96	di 	14.66667
203	9	Si4b2	B4b1	312	313	1	24	152	99	96		14.70833
204	9	La4	A4	305	305	1	24	152	99	96		14.75
205	9	Si4b2	B4b1	312	313	1	16	227	99	96		14.8125
206	9	Do5	C5	318	318	1	16	227	99	96		14.875
207	9	Si4b2	B4b1	312	313	1	8	455	95	96		15
208	9			-1	-1	1	8	455	100	0		15.125
209	9	Mi5	E5	336	336	1	8	455	99	96	ze	15.25
210	9	Re5	D5	327	327	1	16	227	99	96		15.3125
211	9	Do5	C5	318	318	1	16	227	95	96		15.375
212	9	Do5	C5	318	318	1	16	227	99	96	len	15.4375
213	9	Si4b2	B4b1	312	313	1	16	227	99	96		15.5
214	9	Si4b2	B4b1	312	313	1	16	227	99	96		15.5625
215	9	La4	A4	305	305	1	16	227	95	96		15.625
216	9	La4	A4	305	305	1	16	227	99	96	di  	15.6875
217	9	Do5	C5	318	318	1	8	455	99	96		15.8125
218	9	Si4b2	B4b1	312	313	1	16	227	99	96		15.875
219	9	La4	A4	305	305	1	8	455	95	96		16
220	9			-1	-1	1	8	455	100	0		16.125
221	9	Re5	D5	327	327	1	8	455	95	96	Bü	16.25
222	9	Fa5#3	F5#4	343	344	1	4	909	99	96	tün 	16.5
223	9	Fa5#3	F5#4	343	344	1	8	455	95	96		16.625
224	9	Sol5	G5	349	349	1	32	114	99	96	gün 	16.65625
225	9	Fa5#3	F5#4	343	344	1	32	114	99	96		16.6875
226	9	Sol5	G5	349	349	1	32	114	99	96		16.71875
227	9	La5	A5	358	358	1	32	114	99	96		16.75
228	9	Sol5	G5	349	349	1	16	227	99	96		16.8125
229	9	Fa5#3	F5#4	343	344	1	16	227	95	96		16.875
230	9	Fa5#2	F5#1	342	341	1	16	227	99	96	bek	16.9375
231	9	Mi5	E5	336	336	1	16	227	99	96		17
232	9	Re5	D5	327	327	1	8	455	95	96		17.125
233	9	Re5	D5	327	327	1	8	455	99	96	le	17.25
234	9	Mi5	E5	336	336	1	16	227	99	96		17.3125
235	9	Re5	D5	327	327	1	16	227	95	96		17.375
236	9	La5	A5	358	358	1	8	455	99	96	dim 	17.5
237	9	Sol5	G5	349	349	1	16	227	99	96		17.5625
238	9	Fa5#3	F5#4	343	344	1	16	227	95	96		17.625
239	9	Fa5#3	F5#4	343	344	1	16	227	99	96	ol 	17.6875
240	9	Mi5	E5	336	336	1	16	227	99	96		17.75
241	9	Mi5	E5	336	336	1	16	227	99	96		17.8125
242	9	Re5	D5	327	327	1	16	227	95	96		17.875
243	9	Re5	D5	327	327	1	8	455	95	96	dil 	18
244	9			-1	-1	1	8	455	100	0		18.125
245	9	La5	A5	358	358	1	8	455	99	96	pe	18.25
246	9	La5	A5	358	358	1	16	227	99	96		18.3125
247	9	Sol5	G5	349	349	1	16	227	95	96		18.375
248	9	Fa5#3	F5#4	343	344	1	8	455	99	96	sen	18.5
249	9	Mi5	E5	336	336	1	16	227	99	96		18.5625
250	9	Fa5#3	F5#4	343	344	1	16	227	95	96		18.625
251	9	La5	A5	358	358	1	16	227	99	96	di 	18.6875
252	9	Sol5	G5	349	349	1	16	227	99	96		18.75
253	9	Fa5	F5	340	340	1	16	227	99	96		18.8125
254	9	Mi5	E5	336	336	1	16	227	99	96		18.875
255	9	Re5	D5	327	327	1	8	455	99	96		19
256	9	Do5	C5	318	318	1	16	227	99	96		19.0625
257	9	Si4b2	B4b1	312	313	1	16	227	95	96		19.125
258	9	Sol5	G5	349	349	1	8	455	99	96	pe	19.25
259	9	Fa5	F5	340	340	1	16	227	99	96		19.3125
260	9	Mi5	E5	336	336	1	16	227	95	96		19.375
261	9	Re5	D5	327	327	1	8	455	99	96	sen	19.5
262	9	Mi5	E5	336	336	1	16	227	99	96		19.5625
263	9	Fa5	F5	340	340	1	16	227	95	96		19.625
264	9	Mi5	E5	336	336	1	16	227	99	96	di  	19.6875
265	9	Re5	D5	327	327	1	16	227	99	96		19.75
266	9	Do5#4	C5#4	322	322	1	16	227	99	96		19.8125
267	9	Mi5	E5	336	336	1	16	227	99	96		19.875
268	9	Re5	D5	327	327	1	8	455	95	96		20
269	9			-1	-1	1	8	455	100	0		20.125
270	9	Re5	D5	327	327	1	8	455	95	96	Gö	20.25
271	9	Mi5	E5	336	336	1	8	455	99	96	nül	20.375
272	9	Mi5	E5	336	336	1	16	227	99	96		20.4375
273	9	Fa5	F5	340	340	1	16	227	99	96		20.5
274	9	Mi5	E5	336	336	1	16	227	99	96		20.5625
275	9	Fa5	F5	340	340	1	16	227	95	96		20.625
276	9	Sol5	G5	349	349	3	32	341	99	96	de 	20.71875
277	9	Si5b5	B5b5	362	362	1	32	114	99	96		20.75
278	9	La5	A5	358	358	1	16	227	99	96		20.8125
279	9	Sol5	G5	349	349	1	16	227	95	96		20.875
280	9	Fa5	F5	340	340	1	16	227	99	96	dað_	20.9375
281	9	Mi5	E5	336	336	1	16	227	99	96		21
282	9	Re5	D5	327	327	1	8	455	95	96		21.125
283	9	Do5	C5	318	318	1	16	227	99	96	ý 	21.1875
284	9	Re5	D5	327	327	1	16	227	99	96		21.25
285	9	Mi5	E5	336	336	1	16	227	99	96		21.3125
286	9	Fa5	F5	340	340	1	16	227	95	96		21.375
287	9	Sol5	G5	349	349	3	32	341	99	96	has	21.46875
288	9	Si5b5	B5b5	362	362	1	32	114	99	96		21.5
289	9	La5	A5	358	358	1	16	227	99	96		21.5625
290	9	Sol5	G5	349	349	1	16	227	95	96		21.625
291	9	Fa5	F5	340	340	1	16	227	99	96	ret 	21.6875
292	9	Mi5	E5	336	336	1	16	227	99	96		21.75
293	9	Re5	D5	327	327	1	16	227	99	96		21.8125
294	9	Do5#4	C5#4	322	322	1	16	227	95	96		21.875
295	9	Re5	D5	327	327	1	8	455	95	96	tâ	22
296	9			-1	-1	1	8	455	100	0		22.125
297	9	Fa5#1	F5#1	341	341	1	8	455	99	96	ze	22.25
298	9	Fa5#1	F5#1	341	341	1	16	227	99	96		22.3125
299	9	Mi5	E5	336	336	1	16	227	95	96		22.375
300	9	Mi5	E5	336	336	1	16	227	99	96	len	22.4375
301	9	Re5	D5	327	327	1	16	227	99	96		22.5
302	9	Mi5	E5	336	336	1	8	455	95	96		22.625
303	9	Do5	C5	318	318	1	24	152	99	96	di 	22.66667
304	9	Si4b2	B4b1	312	313	1	24	152	99	96		22.70833
305	9	La4	A4	305	305	1	24	152	99	96		22.75
306	9	Si4b2	B4b1	312	313	1	16	227	99	96		22.8125
307	9	Do5	C5	318	318	1	16	227	99	96		22.875
308	9	Si4b2	B4b1	312	313	1	8	455	95	96		23
309	9			-1	-1	1	8	455	100	0		23.125
310	9	Mi5	E5	336	336	1	8	455	99	96	ze	23.25
311	9	Re5	D5	327	327	1	16	227	99	96		23.3125
312	9	Do5	C5	318	318	1	16	227	95	96		23.375
313	9	Do5	C5	318	318	1	16	227	99	96	len	23.4375
314	9	Si4b2	B4b1	312	313	1	16	227	99	96		23.5
315	9	Si4b2	B4b1	312	313	1	16	227	99	96		23.5625
316	9	La4	A4	305	305	1	16	227	95	96		23.625
317	9	La4	A4	305	305	1	16	227	99	96	di  	23.6875
318	9	Do5	C5	318	318	1	8	455	99	96		23.8125
319	9	Si4b2	B4b1	312	313	1	16	227	99	96		23.875
320	9	La4	A4	305	305	1	8	455	95	96		24
321	9			-1	-1	1	8	455	100	0		24.125
