Sira	Kod	Nota53	NotaAE	Koma53	KomaAE	Pay	Payda	Ms	LNS	Bas	Soz1	Offset
1	9			-1	-1	1	8	357	100	0		0.125
2	9	Fa5	F5	340	340	1	8	357	95	96	ARANAĞME 	0.25
3	9	Sol5	G5	349	349	1	8	357	95	96	.	0.375
4	9	La5b5	A5b5	353	353	1	8	357	95	96	.	0.5
5	9	Sol5	G5	349	349	1	8	357	95	96	.	0.625
6	9	Mi5b5	E5b5	331	331	1	8	357	95	96	.	0.75
7	9	Fa5	F5	340	340	1	8	357	95	96	.	0.875
8	9	Si5b5	B5b5	362	362	1	8	357	95	96	.	1
9	9	La5b5	A5b5	353	353	1	8	357	95	96	.	1.125
10	9	Sol5	G5	349	349	1	4	714	95	96	.	1.375
11	9	Fa5	F5	340	340	1	16	179	95	96	.	1.4375
12	9	Mi5b5	E5b5	331	331	1	16	179	95	96	.	1.5
13	9	Re5	D5	327	327	1	16	179	95	96	.	1.5625
14	9	Do5	C5	318	318	1	16	179	95	96	.	1.625
15	9	Si4b5	B4b5	309	309	1	16	179	95	96	.	1.6875
16	9	La4b5	A4b5	300	300	1	16	179	95	96	.	1.75
17	9	Sol4	G4	296	296	1	4	714	95	96	.	2
18	9			-1	-1	1	8	357	100	0	.	2.125
19	9	Fa5	F5	340	340	1	8	357	95	96	.	2.25
20	9	Sol5	G5	349	349	1	8	357	95	96	.	2.375
21	9	La5b5	A5b5	353	353	1	8	357	95	96	.	2.5
22	9	Si5b5	B5b5	362	362	1	8	357	95	96	.	2.625
23	9	Sol5	G5	349	349	1	8	357	95	96	.	2.75
24	9	Fa5	F5	340	340	1	8	357	95	96	.	2.875
25	9	Mi5b5	E5b5	331	331	1	16	179	95	96	.	2.9375
26	9	Fa5	F5	340	340	1	16	179	95	96	.	3
27	9	Mi5b5	E5b5	331	331	1	8	357	95	96	.	3.125
28	9	Re5	D5	327	327	1	4	714	95	96	.	3.375
29	9	Mi5b5	E5b5	331	331	1	16	179	95	96	.	3.4375
30	9	Re5	D5	327	327	1	16	179	95	96	.	3.5
31	9	Do5	C5	318	318	1	16	179	95	96	.	3.5625
32	9	Re5	D5	327	327	1	16	179	95	96	.	3.625
33	9	Mi5b1	E5b1	335	335	1	16	179	95	96	.	3.6875
34	9	Fa5	F5	340	340	1	16	179	95	96	.	3.75
35	9	Sol5	G5	349	349	1	4	714	95	96	.	4
36	9			-1	-1	1	8	357	100	0	.	4.125
37	9	Sol5	G5	349	349	1	8	357	95	96	.	4.25
38	9	La5b5	A5b5	353	353	1	8	357	95	96	.	4.375
39	9	Fa5	F5	340	340	1	8	357	95	96	.	4.5
40	9			-1	-1	1	8	357	100	0	.	4.625
41	9	Fa5	F5	340	340	1	8	357	95	96	.	4.75
42	9	Sol5	G5	349	349	1	8	357	95	96	.	4.875
43	9	Mi5b5	E5b5	331	331	1	8	357	95	96	.	5
44	9	Re5	D5	327	327	1	8	357	95	96	.	5.125
45	9	Sol5	G5	349	349	1	4	714	95	96	.	5.375
46	9	Mi5b5	E5b5	331	331	1	16	179	95	96	.	5.4375
47	9	Re5	D5	327	327	1	16	179	95	96	.	5.5
48	9	Do5	C5	318	318	1	16	179	95	96	.	5.5625
49	9	Mi5b5	E5b5	331	331	1	16	179	95	96	.	5.625
50	9	Re5	D5	327	327	1	16	179	95	96	.	5.6875
51	9	Do5	C5	318	318	1	16	179	95	96	.	5.75
52	9	Si4b5	B4b5	309	309	1	16	179	95	96	.	5.8125
53	9	La4b5	A4b5	300	300	1	16	179	95	96	.	5.875
54	9	Sol4	G4	296	296	1	16	179	95	96	.	5.9375
55	9	Si4b5	B4b5	309	309	1	16	179	95	96	.	6
56	9	La4b5	A4b5	300	300	1	8	357	95	96	.	6.125
57	9	Sol4	G4	296	296	1	8	357	95	96	.	6.25
58	9	La4b5	A4b5	300	300	1	8	357	95	96	.	6.375
59	9	Mi5b5	E5b5	331	331	1	8	357	95	96	.	6.5
60	9	Re5	D5	327	327	1	8	357	95	96	.	6.625
61	9	Do5	C5	318	318	1	8	357	95	96	.	6.75
62	9	Si4b5	B4b5	309	309	1	8	357	95	96	.	6.875
63	9	La4b5	A4b5	300	300	1	8	357	95	96	.	7
64	9	La4b5	A4b5	300	300	1	8	357	95	96	.	7.125
65	9	Sol4	G4	296	296	1	4	714	95	96	.	7.375
66	9	Do5	C5	318	318	1	8	357	95	96	.	7.5
67	9	La4b5	A4b5	300	300	1	8	357	95	96	.	7.625
68	9	Si4b5	B4b5	309	309	1	8	357	95	96	.	7.75
69	9	Sol4	G4	296	296	1	4	714	95	96	.	8
70	9			-1	-1	1	8	357	100	0		8.125
71	9	Fa5	F5	340	340	1	8	357	95	96	ARANAĞME 	8.25
72	9	Sol5	G5	349	349	1	8	357	95	96	.	8.375
73	9	La5b5	A5b5	353	353	1	8	357	95	96	.	8.5
74	9	Sol5	G5	349	349	1	8	357	95	96	.	8.625
75	9	Mi5b5	E5b5	331	331	1	8	357	95	96	.	8.75
76	9	Fa5	F5	340	340	1	8	357	95	96	.	8.875
77	9	Si5b5	B5b5	362	362	1	8	357	95	96	.	9
78	9	La5b5	A5b5	353	353	1	8	357	95	96	.	9.125
79	9	Sol5	G5	349	349	1	4	714	95	96	.	9.375
80	9	Fa5	F5	340	340	1	16	179	95	96	.	9.4375
81	9	Mi5b5	E5b5	331	331	1	16	179	95	96	.	9.5
82	9	Re5	D5	327	327	1	16	179	95	96	.	9.5625
83	9	Do5	C5	318	318	1	16	179	95	96	.	9.625
84	9	Si4b5	B4b5	309	309	1	16	179	95	96	.	9.6875
85	9	La4b5	A4b5	300	300	1	16	179	95	96	.	9.75
86	9	Sol4	G4	296	296	1	4	714	95	96	.	10
87	9			-1	-1	1	8	357	100	0	.	10.125
88	9	Fa5	F5	340	340	1	8	357	95	96	.	10.25
89	9	Sol5	G5	349	349	1	8	357	95	96	.	10.375
90	9	La5b5	A5b5	353	353	1	8	357	95	96	.	10.5
91	9	Si5b5	B5b5	362	362	1	8	357	95	96	.	10.625
92	9	Sol5	G5	349	349	1	8	357	95	96	.	10.75
93	9	Fa5	F5	340	340	1	8	357	95	96	.	10.875
94	9	Mi5b5	E5b5	331	331	1	16	179	95	96	.	10.9375
95	9	Fa5	F5	340	340	1	16	179	95	96	.	11
96	9	Mi5b5	E5b5	331	331	1	8	357	95	96	.	11.125
97	9	Re5	D5	327	327	1	4	714	95	96	.	11.375
98	9	Mi5b5	E5b5	331	331	1	16	179	95	96	.	11.4375
99	9	Re5	D5	327	327	1	16	179	95	96	.	11.5
100	9	Do5	C5	318	318	1	16	179	95	96	.	11.5625
101	9	Re5	D5	327	327	1	16	179	95	96	.	11.625
102	9	Mi5b1	E5b1	335	335	1	16	179	95	96	.	11.6875
103	9	Fa5	F5	340	340	1	16	179	95	96	.	11.75
104	9	Sol5	G5	349	349	1	4	714	95	96	.	12
105	9			-1	-1	1	8	357	100	0	.	12.125
106	9	Sol5	G5	349	349	1	8	357	95	96	.	12.25
107	9	La5b5	A5b5	353	353	1	8	357	95	96	.	12.375
108	9	Fa5	F5	340	340	1	8	357	95	96	.	12.5
109	9			-1	-1	1	8	357	100	0	.	12.625
110	9	Fa5	F5	340	340	1	8	357	95	96	.	12.75
111	9	Sol5	G5	349	349	1	8	357	95	96	.	12.875
112	9	Mi5b5	E5b5	331	331	1	8	357	95	96	.	13
113	9	Re5	D5	327	327	1	8	357	95	96	.	13.125
114	9	Sol5	G5	349	349	1	4	714	95	96	.	13.375
115	9	Mi5b5	E5b5	331	331	1	16	179	95	96	.	13.4375
116	9	Re5	D5	327	327	1	16	179	95	96	.	13.5
117	9	Do5	C5	318	318	1	16	179	95	96	.	13.5625
118	9	Mi5b5	E5b5	331	331	1	16	179	95	96	.	13.625
119	9	Re5	D5	327	327	1	16	179	95	96	.	13.6875
120	9	Do5	C5	318	318	1	16	179	95	96	.	13.75
121	9	Si4b5	B4b5	309	309	1	16	179	95	96	.	13.8125
122	9	La4b5	A4b5	300	300	1	16	179	95	96	.	13.875
123	9	Sol4	G4	296	296	1	16	179	95	96	.	13.9375
124	9	Si4b5	B4b5	309	309	1	16	179	95	96	.	14
125	9	La4b5	A4b5	300	300	1	8	357	95	96	.	14.125
126	9	Sol4	G4	296	296	1	8	357	95	96	.	14.25
127	9	La4b5	A4b5	300	300	1	8	357	95	96	.	14.375
128	9	Mi5b5	E5b5	331	331	1	8	357	95	96	.	14.5
129	9	Re5	D5	327	327	1	8	357	95	96	.	14.625
130	9	Do5	C5	318	318	1	8	357	95	96	.	14.75
131	9	Si4b5	B4b5	309	309	1	8	357	95	96	.	14.875
132	9	La4b5	A4b5	300	300	1	8	357	95	96	.	15
133	9	La4b5	A4b5	300	300	1	8	357	95	96	.	15.125
134	9	Sol4	G4	296	296	3	8	1071	95	96	.	15.5
135	9	Do5	C5	318	318	1	16	179	95	96	.	15.5625
136	9	Re5	D5	327	327	1	16	179	95	96	.	15.625
137	9	Mi5b1	E5b1	335	335	1	16	179	95	96	.	15.6875
138	9	Fa5	F5	340	340	1	16	179	95	96	.	15.75
139	9	Sol5	G5	349	349	1	4	714	95	96	.	16
140	9			-1	-1	1	8	357	100	0		16.125
141	9	Sol5	G5	349	349	1	4	714	95	96	Geç	16.375
142	9	Fa5	F5	340	340	1	8	357	95	96	me	16.5
143	9	Mi5b5	E5b5	331	331	1	4	714	95	96	sin 	16.75
144	9	Re5	D5	327	327	1	8	357	95	96	gü	16.875
145	9	Do5	C5	318	318	1	8	357	95	96	nü	17
146	9	Sol5	G5	349	349	1	2	1429	95	96	müz 	17.5
147	9	Sol5	G5	349	349	1	2	1429	95	96		18
148	9			-1	-1	1	8	357	100	0		18.125
149	9	Do5	C5	318	318	1	4	714	95	96	sev	18.375
150	9	Mi5b5	E5b5	331	331	1	8	357	95	96	gi	18.5
151	9	Re5	D5	327	327	1	8	357	99	96	lim 	18.625
152	9	Do5	C5	318	318	1	8	357	95	96		18.75
153	9	Si4b5	B4b5	309	309	1	8	357	99	96	yas	18.875
154	9	La4b5	A4b5	300	300	1	8	357	95	96		19
155	9	Sol4	G4	296	296	3	8	1071	95	96	la 	19.375
156	9	La4b5	A4b5	300	300	1	16	179	95	96	SAZ 	19.4375
157	9	Si4b5	B4b5	309	309	1	16	179	95	96	.	19.5
158	9	Do5	C5	318	318	1	16	179	95	96	.	19.5625
159	9	Re5	D5	327	327	1	16	179	95	96	.	19.625
160	9	Mi5b1	E5b1	335	335	1	16	179	95	96	.	19.6875
161	9	Fa5	F5	340	340	1	16	179	95	96	.	19.75
162	9	Sol5	G5	349	349	1	4	714	95	96	.	20
163	9			-1	-1	1	4	714	100	0		20.25
164	9	La5b5	A5b5	353	353	1	8	357	95	96	O 	20.375
165	9	La5b5	A5b5	353	353	1	8	357	95	96	gü	20.5
166	9	La5b5	A5b5	353	353	1	8	357	99	96	zel 	20.625
167	9	Sol5	G5	349	349	1	8	357	95	96		20.75
168	9	Fa5	F5	340	340	1	8	357	95	96	ba	20.875
169	9	Sol5	G5	349	349	1	8	357	95	96	şı	21
170	9	La5b5	A5b5	353	353	1	2	1429	95	96	nı 	21.5
171	9	La5b5	A5b5	353	353	1	2	1429	95	96		22
172	9			-1	-1	1	8	357	100	0		22.125
173	9	Si5b5	B5b5	362	362	1	4	714	95	96	göğ	22.375
174	9	Si5b5	B5b5	362	362	1	8	357	95	96	sü	22.5
175	9	Si5b5	B5b5	362	362	1	8	357	99	96	me 	22.625
176	9	La5b5	A5b5	353	353	1	8	357	95	96		22.75
177	9	La5b5	A5b5	353	353	1	8	357	99	96	yas	22.875
178	9	Sol5	G5	349	349	1	8	357	95	96		23
179	9	Sol5	G5	349	349	3	8	1071	95	96	la 	23.375
180	9	Mi5b5	E5b5	331	331	1	8	357	95	96	SAZ 	23.5
181	9	Re5	D5	327	327	1	8	357	95	96	.	23.625
182	9	Do5	C5	318	318	1	8	357	95	96	.	23.75
183	9	Sol5	G5	349	349	1	4	714	95	96	.	24
184	9			-1	-1	1	8	357	100	0		24.125
185	9	Sol5	G5	349	349	1	4	714	95	96	Geç	24.375
186	9	Fa5	F5	340	340	1	8	357	95	96	me	24.5
187	9	Mi5b5	E5b5	331	331	1	4	714	95	96	sin 	24.75
188	9	Re5	D5	327	327	1	8	357	95	96	gü	24.875
189	9	Do5	C5	318	318	1	8	357	95	96	nü	25
190	9	Sol5	G5	349	349	1	2	1429	95	96	müz 	25.5
191	9	Sol5	G5	349	349	1	2	1429	95	96		26
192	9			-1	-1	1	8	357	100	0		26.125
193	9	Do5	C5	318	318	1	4	714	95	96	sev	26.375
194	9	Mi5b5	E5b5	331	331	1	8	357	95	96	gi	26.5
195	9	Re5	D5	327	327	1	8	357	99	96	lim 	26.625
196	9	Do5	C5	318	318	1	8	357	95	96		26.75
197	9	Si4b5	B4b5	309	309	1	8	357	99	96	yas	26.875
198	9	La4b5	A4b5	300	300	1	8	357	95	96		27
199	9	Sol4	G4	296	296	3	8	1071	95	96	la 	27.375
200	9	La4b5	A4b5	300	300	1	16	179	95	96	SAZ 	27.4375
201	9	Si4b5	B4b5	309	309	1	16	179	95	96	.	27.5
202	9	Do5	C5	318	318	1	16	179	95	96	.	27.5625
203	9	Re5	D5	327	327	1	16	179	95	96	.	27.625
204	9	Mi5b1	E5b1	335	335	1	16	179	95	96	.	27.6875
205	9	Fa5	F5	340	340	1	16	179	95	96	.	27.75
206	9	Sol5	G5	349	349	1	4	714	95	96	.	28
207	9			-1	-1	1	4	714	100	0		28.25
208	9	La5b5	A5b5	353	353	1	8	357	95	96	O 	28.375
209	9	La5b5	A5b5	353	353	1	8	357	95	96	gü	28.5
210	9	La5b5	A5b5	353	353	1	8	357	99	96	zel 	28.625
211	9	Sol5	G5	349	349	1	8	357	95	96		28.75
212	9	Fa5	F5	340	340	1	8	357	95	96	ba	28.875
213	9	Sol5	G5	349	349	1	8	357	95	96	şı	29
214	9	La5b5	A5b5	353	353	1	2	1429	95	96	nı 	29.5
215	9	La5b5	A5b5	353	353	1	2	1429	95	96		30
216	9			-1	-1	1	8	357	100	0		30.125
217	9	Si5b5	B5b5	362	362	1	4	714	95	96	göğ	30.375
218	9	Si5b5	B5b5	362	362	1	8	357	95	96	sü	30.5
219	9	Si5b5	B5b5	362	362	1	8	357	99	96	me 	30.625
220	9	La5b5	A5b5	353	353	1	8	357	95	96		30.75
221	9	La5b5	A5b5	353	353	1	8	357	99	96	yas	30.875
222	9	Sol5	G5	349	349	1	8	357	95	96		31
223	9	Sol5	G5	349	349	3	8	1071	95	96	la 	31.375
224	9	La5b5	A5b5	353	353	1	8	357	95	96	SAZ 	31.5
225	9	Sol5	G5	349	349	1	8	357	95	96	.	31.625
226	9	Si5b5	B5b5	362	362	1	8	357	95	96	.	31.75
227	9	La5b5	A5b5	353	353	1	4	714	95	96	.	32
228	9			-1	-1	1	8	357	100	0		32.125
229	9	La5b5	A5b5	353	353	1	8	357	95	96	Bir	32.25
230	9	Sol5	G5	349	349	1	8	357	95	96	le	32.375
231	9	Fa5	F5	340	340	1	8	357	95	96	şe	32.5
232	9	Fa5	F5	340	340	1	8	357	95	96	bi	32.625
233	9	Sol5	G5	349	349	1	8	357	95	96	lir 	32.75
234	9	La5b5	A5b5	353	353	1	16	179	95	96	mi 	32.8125
235	9			-1	-1	1	16	179	100	0		32.875
236	9			-1	-1	1	8	357	100	0		33
237	9	La5b5	A5b5	353	353	1	8	357	99	96	ah 	33.125
238	9	Sol5	G5	349	349	1	8	357	99	96		33.25
239	9	Sol5	G5	349	349	1	8	357	99	96		33.375
240	9	Fa5	F5	340	340	1	8	357	99	96		33.5
241	9	Fa5	F5	340	340	1	8	357	99	96		33.625
242	9	Mi5b5	E5b5	331	331	1	8	357	99	96		33.75
243	9	Mi5b5	E5b5	331	331	1	8	357	99	96		33.875
244	9	Re5	D5	327	327	1	8	357	99	96		34
245	9	Sol5	G5	349	349	1	8	357	95	96		34.125
246	9	Sol5	G5	349	349	1	4	714	95	96	aşk 	34.375
247	9	Fa5	F5	340	340	1	8	357	95	96	ih	34.5
248	9	Fa5	F5	340	340	1	8	357	95	96	ti	34.625
249	9	Mi5b5	E5b5	331	331	1	4	714	99	96	ras	34.875
250	9	Re5	D5	327	327	1	8	357	95	96		35
251	9	Re5	D5	327	327	3	8	1071	95	96	la 	35.375
252	9	Re5	D5	327	327	1	16	179	95	96	SAZ	35.4375
253	9	Mi5b5	E5b5	331	331	1	16	179	95	96	.	35.5
254	9	Re5	D5	327	327	1	16	179	95	96	.	35.5625
255	9	Do5	C5	318	318	1	16	179	95	96	.	35.625
256	9	Si4b5	B4b5	309	309	1	16	179	95	96	.	35.6875
257	9	Do5	C5	318	318	1	16	179	95	96	.	35.75
258	9	Re5	D5	327	327	1	4	714	95	96	.	36
259	9			-1	-1	1	4	714	100	0		36.25
260	9	Do5	C5	318	318	1	8	357	95	96	O 	36.375
261	9	Mi5b5	E5b5	331	331	1	8	357	95	96	gü	36.5
262	9	Re5	D5	327	327	1	8	357	99	96	zel 	36.625
263	9	Do5	C5	318	318	1	8	357	95	96		36.75
264	9	Si4b5	B4b5	309	309	1	8	357	95	96	ba	36.875
265	9	Sol4	G4	296	296	1	8	357	95	96	şı	37
266	9	La4b5	A4b5	300	300	1	8	357	99	96	nı 	37.125
267	9	Sol4	G4	296	296	1	8	357	99	96		37.25
268	9	La4b5	A4b5	300	300	1	8	357	99	96		37.375
269	9	Do5	C5	318	318	1	8	357	99	96		37.5
270	9	Si4b5	B4b5	309	309	1	16	179	99	96		37.5625
271	9	La4b5	A4b5	300	300	1	16	179	99	96		37.625
272	9	La4b5	A4b5	300	300	1	16	179	99	96		37.6875
273	9	Sol4	G4	296	296	1	16	179	99	96		37.75
274	9	La4b5	A4b5	300	300	1	8	357	99	96		37.875
275	9	Sol4	G4	296	296	1	8	357	99	96		38
276	9	Fa4	F4	287	287	1	8	357	95	96		38.125
277	9	Si4b5	B4b5	309	309	1	4	714	95	96	göğ	38.375
278	9	Si4b5	B4b5	309	309	1	8	357	95	96	sü	38.5
279	9	Si4b5	B4b5	309	309	1	8	357	99	96	me 	38.625
280	9	La4b5	A4b5	300	300	1	8	357	95	96		38.75
281	9	La4b5	A4b5	300	300	1	8	357	99	96	yas	38.875
282	9	Sol4	G4	296	296	1	8	357	95	96		39
283	9	Sol4	G4	296	296	3	8	1071	95	96	la 	39.375
284	9	La4b5	A4b5	300	300	1	16	179	95	96	SAZ	39.4375
285	9	Si4b5	B4b5	309	309	1	16	179	95	96	.	39.5
286	9	Do5	C5	318	318	1	16	179	95	96	.	39.5625
287	9	Re5	D5	327	327	1	16	179	95	96	.	39.625
288	9	Mi5b1	E5b1	335	335	1	16	179	95	96	.	39.6875
289	9	Fa5	F5	340	340	1	16	179	95	96	.	39.75
290	9	Sol5	G5	349	349	1	4	714	95	96	.	40
291	9			-1	-1	1	8	357	100	0		40.125
292	9	La5b5	A5b5	353	353	1	8	357	95	96	Bir	40.25
293	9	Sol5	G5	349	349	1	8	357	95	96	le	40.375
294	9	Fa5	F5	340	340	1	8	357	95	96	şe	40.5
295	9	Fa5	F5	340	340	1	8	357	95	96	bi	40.625
296	9	Sol5	G5	349	349	1	8	357	95	96	lir 	40.75
297	9	La5b5	A5b5	353	353	1	16	179	95	96	mi 	40.8125
298	9			-1	-1	1	16	179	100	0		40.875
299	9			-1	-1	1	8	357	100	0		41
300	9	La5b5	A5b5	353	353	1	8	357	99	96	ah 	41.125
301	9	Sol5	G5	349	349	1	8	357	99	96		41.25
302	9	Sol5	G5	349	349	1	8	357	99	96		41.375
303	9	Fa5	F5	340	340	1	8	357	99	96		41.5
304	9	Fa5	F5	340	340	1	8	357	99	96		41.625
305	9	Mi5b5	E5b5	331	331	1	8	357	99	96		41.75
306	9	Mi5b5	E5b5	331	331	1	8	357	99	96		41.875
307	9	Re5	D5	327	327	1	8	357	99	96		42
308	9	Sol5	G5	349	349	1	8	357	95	96		42.125
309	9	Sol5	G5	349	349	1	4	714	95	96	aşk 	42.375
310	9	Fa5	F5	340	340	1	8	357	95	96	ih	42.5
311	9	Fa5	F5	340	340	1	8	357	95	96	ti	42.625
312	9	Mi5b5	E5b5	331	331	1	4	714	99	96	ras	42.875
313	9	Re5	D5	327	327	1	8	357	95	96		43
314	9	Re5	D5	327	327	3	8	1071	95	96	la 	43.375
315	9	Re5	D5	327	327	1	16	179	95	96	SAZ	43.4375
316	9	Mi5b5	E5b5	331	331	1	16	179	95	96	.	43.5
317	9	Re5	D5	327	327	1	16	179	95	96	.	43.5625
318	9	Do5	C5	318	318	1	16	179	95	96	.	43.625
319	9	Si4b5	B4b5	309	309	1	16	179	95	96	.	43.6875
320	9	Do5	C5	318	318	1	16	179	95	96	.	43.75
321	9	Re5	D5	327	327	1	4	714	95	96	.	44
322	9			-1	-1	1	4	714	100	0		44.25
323	9	Do5	C5	318	318	1	8	357	95	96	O 	44.375
324	9	Mi5b5	E5b5	331	331	1	8	357	95	96	gü	44.5
325	9	Re5	D5	327	327	1	8	357	99	96	zel 	44.625
326	9	Do5	C5	318	318	1	8	357	95	96		44.75
327	9	Si4b5	B4b5	309	309	1	8	357	95	96	ba	44.875
328	9	Sol4	G4	296	296	1	8	357	95	96	şı	45
329	9	La4b5	A4b5	300	300	1	8	357	99	96	nı 	45.125
330	9	Sol4	G4	296	296	1	8	357	99	96		45.25
331	9	La4b5	A4b5	300	300	1	8	357	99	96		45.375
332	9	Do5	C5	318	318	1	8	357	99	96		45.5
333	9	Si4b5	B4b5	309	309	1	16	179	99	96		45.5625
334	9	La4b5	A4b5	300	300	1	16	179	99	96		45.625
335	9	La4b5	A4b5	300	300	1	16	179	99	96		45.6875
336	9	Sol4	G4	296	296	1	16	179	99	96		45.75
337	9	La4b5	A4b5	300	300	1	8	357	99	96		45.875
338	9	Sol4	G4	296	296	1	8	357	99	96		46
339	9	Fa4	F4	287	287	1	8	357	95	96		46.125
340	9	Si4b5	B4b5	309	309	1	4	714	95	96	göğ	46.375
341	9	Si4b5	B4b5	309	309	1	8	357	95	96	sü	46.5
342	9	Si4b5	B4b5	309	309	1	8	357	99	96	me 	46.625
343	9	La4b5	A4b5	300	300	1	8	357	95	96		46.75
344	9	La4b5	A4b5	300	300	1	8	357	99	96	yas	46.875
345	9	Sol4	G4	296	296	1	8	357	95	96		47
346	9	Sol4	G4	296	296	3	8	1071	95	96	la 	47.375
347	9	Do5	C5	318	318	1	8	357	95	96	SAZ	47.5
348	9	La4b5	A4b5	300	300	1	8	357	95	96	.	47.625
349	9	Si4b5	B4b5	309	309	1	8	357	95	96	.	47.75
350	9	Sol4	G4	296	296	1	4	714	95	96	.	48
351	9			-1	-1	1	8	357	100	0		48.125
352	9	Fa5	F5	340	340	1	8	357	95	96	ARANAĞME 	48.25
353	9	Sol5	G5	349	349	1	8	357	95	96	.	48.375
354	9	La5b5	A5b5	353	353	1	8	357	95	96	.	48.5
355	9	Sol5	G5	349	349	1	8	357	95	96	.	48.625
356	9	Mi5b5	E5b5	331	331	1	8	357	95	96	.	48.75
357	9	Fa5	F5	340	340	1	8	357	95	96	.	48.875
358	9	Si5b5	B5b5	362	362	1	8	357	95	96	.	49
359	9	La5b5	A5b5	353	353	1	8	357	95	96	.	49.125
360	9	Sol5	G5	349	349	1	4	714	95	96	.	49.375
361	9	Fa5	F5	340	340	1	16	179	95	96	.	49.4375
362	9	Mi5b5	E5b5	331	331	1	16	179	95	96	.	49.5
363	9	Re5	D5	327	327	1	16	179	95	96	.	49.5625
364	9	Do5	C5	318	318	1	16	179	95	96	.	49.625
365	9	Si4b5	B4b5	309	309	1	16	179	95	96	.	49.6875
366	9	La4b5	A4b5	300	300	1	16	179	95	96	.	49.75
367	9	Sol4	G4	296	296	1	4	714	95	96	.	50
368	9			-1	-1	1	8	357	100	0	.	50.125
369	9	Fa5	F5	340	340	1	8	357	95	96	.	50.25
370	9	Sol5	G5	349	349	1	8	357	95	96	.	50.375
371	9	La5b5	A5b5	353	353	1	8	357	95	96	.	50.5
372	9	Si5b5	B5b5	362	362	1	8	357	95	96	.	50.625
373	9	Sol5	G5	349	349	1	8	357	95	96	.	50.75
374	9	Fa5	F5	340	340	1	8	357	95	96	.	50.875
375	9	Mi5b5	E5b5	331	331	1	16	179	95	96	.	50.9375
376	9	Fa5	F5	340	340	1	16	179	95	96	.	51
377	9	Mi5b5	E5b5	331	331	1	8	357	95	96	.	51.125
378	9	Re5	D5	327	327	1	4	714	95	96	.	51.375
379	9	Mi5b5	E5b5	331	331	1	16	179	95	96	.	51.4375
380	9	Re5	D5	327	327	1	16	179	95	96	.	51.5
381	9	Do5	C5	318	318	1	16	179	95	96	.	51.5625
382	9	Re5	D5	327	327	1	16	179	95	96	.	51.625
383	9	Mi5b1	E5b1	335	335	1	16	179	95	96	.	51.6875
384	9	Fa5	F5	340	340	1	16	179	95	96	.	51.75
385	9	Sol5	G5	349	349	1	4	714	95	96	.	52
386	9			-1	-1	1	8	357	100	0	.	52.125
387	9	Sol5	G5	349	349	1	8	357	95	96	.	52.25
388	9	La5b5	A5b5	353	353	1	8	357	95	96	.	52.375
389	9	Fa5	F5	340	340	1	8	357	95	96	.	52.5
390	9			-1	-1	1	8	357	100	0	.	52.625
391	9	Fa5	F5	340	340	1	8	357	95	96	.	52.75
392	9	Sol5	G5	349	349	1	8	357	95	96	.	52.875
393	9	Mi5b5	E5b5	331	331	1	8	357	95	96	.	53
394	9	Re5	D5	327	327	1	8	357	95	96	.	53.125
395	9	Sol5	G5	349	349	1	4	714	95	96	.	53.375
396	9	Mi5b5	E5b5	331	331	1	16	179	95	96	.	53.4375
397	9	Re5	D5	327	327	1	16	179	95	96	.	53.5
398	9	Do5	C5	318	318	1	16	179	95	96	.	53.5625
399	9	Mi5b5	E5b5	331	331	1	16	179	95	96	.	53.625
400	9	Re5	D5	327	327	1	16	179	95	96	.	53.6875
401	9	Do5	C5	318	318	1	16	179	95	96	.	53.75
402	9	Si4b5	B4b5	309	309	1	16	179	95	96	.	53.8125
403	9	La4b5	A4b5	300	300	1	16	179	95	96	.	53.875
404	9	Sol4	G4	296	296	1	16	179	95	96	.	53.9375
405	9	Si4b5	B4b5	309	309	1	16	179	95	96	.	54
406	9	La4b5	A4b5	300	300	1	8	357	95	96	.	54.125
407	9	Sol4	G4	296	296	1	8	357	95	96	.	54.25
408	9	La4b5	A4b5	300	300	1	8	357	95	96	.	54.375
409	9	Mi5b5	E5b5	331	331	1	8	357	95	96	.	54.5
410	9	Re5	D5	327	327	1	8	357	95	96	.	54.625
411	9	Do5	C5	318	318	1	8	357	95	96	.	54.75
412	9	Si4b5	B4b5	309	309	1	8	357	95	96	.	54.875
413	9	La4b5	A4b5	300	300	1	8	357	95	96	.	55
414	9	La4b5	A4b5	300	300	1	8	357	95	96	.	55.125
415	9	Sol4	G4	296	296	1	4	714	95	96	.	55.375
416	9	Do5	C5	318	318	1	8	357	95	96	.	55.5
417	9	La4b5	A4b5	300	300	1	8	357	95	96	.	55.625
418	9	Si4b5	B4b5	309	309	1	8	357	95	96	.	55.75
419	9	Sol4	G4	296	296	1	4	714	95	96	.	56
420	9			-1	-1	1	8	357	100	0		56.125
421	9	Fa5	F5	340	340	1	8	357	95	96	ARANAĞME 	56.25
422	9	Sol5	G5	349	349	1	8	357	95	96	.	56.375
423	9	La5b5	A5b5	353	353	1	8	357	95	96	.	56.5
424	9	Sol5	G5	349	349	1	8	357	95	96	.	56.625
425	9	Mi5b5	E5b5	331	331	1	8	357	95	96	.	56.75
426	9	Fa5	F5	340	340	1	8	357	95	96	.	56.875
427	9	Si5b5	B5b5	362	362	1	8	357	95	96	.	57
428	9	La5b5	A5b5	353	353	1	8	357	95	96	.	57.125
429	9	Sol5	G5	349	349	1	4	714	95	96	.	57.375
430	9	Fa5	F5	340	340	1	16	179	95	96	.	57.4375
431	9	Mi5b5	E5b5	331	331	1	16	179	95	96	.	57.5
432	9	Re5	D5	327	327	1	16	179	95	96	.	57.5625
433	9	Do5	C5	318	318	1	16	179	95	96	.	57.625
434	9	Si4b5	B4b5	309	309	1	16	179	95	96	.	57.6875
435	9	La4b5	A4b5	300	300	1	16	179	95	96	.	57.75
436	9	Sol4	G4	296	296	1	4	714	95	96	.	58
437	9			-1	-1	1	8	357	100	0	.	58.125
438	9	Fa5	F5	340	340	1	8	357	95	96	.	58.25
439	9	Sol5	G5	349	349	1	8	357	95	96	.	58.375
440	9	La5b5	A5b5	353	353	1	8	357	95	96	.	58.5
441	9	Si5b5	B5b5	362	362	1	8	357	95	96	.	58.625
442	9	Sol5	G5	349	349	1	8	357	95	96	.	58.75
443	9	Fa5	F5	340	340	1	8	357	95	96	.	58.875
444	9	Mi5b5	E5b5	331	331	1	16	179	95	96	.	58.9375
445	9	Fa5	F5	340	340	1	16	179	95	96	.	59
446	9	Mi5b5	E5b5	331	331	1	8	357	95	96	.	59.125
447	9	Re5	D5	327	327	1	4	714	95	96	.	59.375
448	9	Mi5b5	E5b5	331	331	1	16	179	95	96	.	59.4375
449	9	Re5	D5	327	327	1	16	179	95	96	.	59.5
450	9	Do5	C5	318	318	1	16	179	95	96	.	59.5625
451	9	Re5	D5	327	327	1	16	179	95	96	.	59.625
452	9	Mi5b1	E5b1	335	335	1	16	179	95	96	.	59.6875
453	9	Fa5	F5	340	340	1	16	179	95	96	.	59.75
454	9	Sol5	G5	349	349	1	4	714	95	96	.	60
455	9			-1	-1	1	8	357	100	0	.	60.125
456	9	Sol5	G5	349	349	1	8	357	95	96	.	60.25
457	9	La5b5	A5b5	353	353	1	8	357	95	96	.	60.375
458	9	Fa5	F5	340	340	1	8	357	95	96	.	60.5
459	9			-1	-1	1	8	357	100	0	.	60.625
460	9	Fa5	F5	340	340	1	8	357	95	96	.	60.75
461	9	Sol5	G5	349	349	1	8	357	95	96	.	60.875
462	9	Mi5b5	E5b5	331	331	1	8	357	95	96	.	61
463	9	Re5	D5	327	327	1	8	357	95	96	.	61.125
464	9	Sol5	G5	349	349	1	4	714	95	96	.	61.375
465	9	Mi5b5	E5b5	331	331	1	16	179	95	96	.	61.4375
466	9	Re5	D5	327	327	1	16	179	95	96	.	61.5
467	9	Do5	C5	318	318	1	16	179	95	96	.	61.5625
468	9	Mi5b5	E5b5	331	331	1	16	179	95	96	.	61.625
469	9	Re5	D5	327	327	1	16	179	95	96	.	61.6875
470	9	Do5	C5	318	318	1	16	179	95	96	.	61.75
471	9	Si4b5	B4b5	309	309	1	16	179	95	96	.	61.8125
472	9	La4b5	A4b5	300	300	1	16	179	95	96	.	61.875
473	9	Sol4	G4	296	296	1	16	179	95	96	.	61.9375
474	9	Si4b5	B4b5	309	309	1	16	179	95	96	.	62
475	9	La4b5	A4b5	300	300	1	8	357	95	96	.	62.125
476	9	Sol4	G4	296	296	1	8	357	95	96	.	62.25
477	9	La4b5	A4b5	300	300	1	8	357	95	96	.	62.375
478	9	Mi5b5	E5b5	331	331	1	8	357	95	96	.	62.5
479	9	Re5	D5	327	327	1	8	357	95	96	.	62.625
480	9	Do5	C5	318	318	1	8	357	95	96	.	62.75
481	9	Si4b5	B4b5	309	309	1	8	357	95	96	.	62.875
482	9	La4b5	A4b5	300	300	1	8	357	95	96	.	63
483	9	La4b5	A4b5	300	300	1	8	357	95	96	.	63.125
484	9	Sol4	G4	296	296	3	8	1071	95	96	.	63.5
485	9	Do5	C5	318	318	1	16	179	95	96	.	63.5625
486	9	Re5	D5	327	327	1	16	179	95	96	.	63.625
487	9	Mi5b1	E5b1	335	335	1	16	179	95	96	.	63.6875
488	9	Fa5	F5	340	340	1	16	179	95	96	.	63.75
489	9	Sol5	G5	349	349	1	4	714	95	96	.	64
490	9			-1	-1	1	8	357	100	0		64.125
491	9	Sol5	G5	349	349	1	4	714	95	96	Geç	64.375
492	9	Fa5	F5	340	340	1	8	357	95	96	me	64.5
493	9	Mi5b5	E5b5	331	331	1	4	714	95	96	sin 	64.75
494	9	Re5	D5	327	327	1	8	357	95	96	gü	64.875
495	9	Do5	C5	318	318	1	8	357	95	96	nü	65
496	9	Sol5	G5	349	349	1	2	1429	95	96	müz 	65.5
497	9	Sol5	G5	349	349	1	2	1429	95	96		66
498	9			-1	-1	1	8	357	100	0		66.125
499	9	Do5	C5	318	318	1	4	714	95	96	sev	66.375
500	9	Mi5b5	E5b5	331	331	1	8	357	95	96	gi	66.5
501	9	Re5	D5	327	327	1	8	357	99	96	lim 	66.625
502	9	Do5	C5	318	318	1	8	357	95	96		66.75
503	9	Si4b5	B4b5	309	309	1	8	357	99	96	yas	66.875
504	9	La4b5	A4b5	300	300	1	8	357	95	96		67
505	9	Sol4	G4	296	296	3	8	1071	95	96	la 	67.375
506	9	La4b5	A4b5	300	300	1	16	179	95	96	SAZ 	67.4375
507	9	Si4b5	B4b5	309	309	1	16	179	95	96	.	67.5
508	9	Do5	C5	318	318	1	16	179	95	96	.	67.5625
509	9	Re5	D5	327	327	1	16	179	95	96	.	67.625
510	9	Mi5b1	E5b1	335	335	1	16	179	95	96	.	67.6875
511	9	Fa5	F5	340	340	1	16	179	95	96	.	67.75
512	9	Sol5	G5	349	349	1	4	714	95	96	.	68
513	9			-1	-1	1	4	714	100	0		68.25
514	9	La5b5	A5b5	353	353	1	8	357	95	96	O 	68.375
515	9	La5b5	A5b5	353	353	1	8	357	95	96	gü	68.5
516	9	La5b5	A5b5	353	353	1	8	357	99	96	zel 	68.625
517	9	Sol5	G5	349	349	1	8	357	95	96		68.75
518	9	Fa5	F5	340	340	1	8	357	95	96	ba	68.875
519	9	Sol5	G5	349	349	1	8	357	95	96	şı	69
520	9	La5b5	A5b5	353	353	1	2	1429	95	96	nı 	69.5
521	9	La5b5	A5b5	353	353	1	2	1429	95	96		70
522	9			-1	-1	1	8	357	100	0		70.125
523	9	Si5b5	B5b5	362	362	1	4	714	95	96	göğ	70.375
524	9	Si5b5	B5b5	362	362	1	8	357	95	96	sü	70.5
525	9	Si5b5	B5b5	362	362	1	8	357	99	96	me 	70.625
526	9	La5b5	A5b5	353	353	1	8	357	95	96		70.75
527	9	La5b5	A5b5	353	353	1	8	357	99	96	yas	70.875
528	9	Sol5	G5	349	349	1	8	357	95	96		71
529	9	Sol5	G5	349	349	3	8	1071	95	96	la 	71.375
530	9	Mi5b5	E5b5	331	331	1	8	357	95	96	SAZ 	71.5
531	9	Re5	D5	327	327	1	8	357	95	96	.	71.625
532	9	Do5	C5	318	318	1	8	357	95	96	.	71.75
533	9	Sol5	G5	349	349	1	4	714	95	96	.	72
534	9			-1	-1	1	8	357	100	0		72.125
535	9	Sol5	G5	349	349	1	4	714	95	96	Geç	72.375
536	9	Fa5	F5	340	340	1	8	357	95	96	me	72.5
537	9	Mi5b5	E5b5	331	331	1	4	714	95	96	sin 	72.75
538	9	Re5	D5	327	327	1	8	357	95	96	gü	72.875
539	9	Do5	C5	318	318	1	8	357	95	96	nü	73
540	9	Sol5	G5	349	349	1	2	1429	95	96	müz 	73.5
541	9	Sol5	G5	349	349	1	2	1429	95	96		74
542	9			-1	-1	1	8	357	100	0		74.125
543	9	Do5	C5	318	318	1	4	714	95	96	sev	74.375
544	9	Mi5b5	E5b5	331	331	1	8	357	95	96	gi	74.5
545	9	Re5	D5	327	327	1	8	357	99	96	lim 	74.625
546	9	Do5	C5	318	318	1	8	357	95	96		74.75
547	9	Si4b5	B4b5	309	309	1	8	357	99	96	yas	74.875
548	9	La4b5	A4b5	300	300	1	8	357	95	96		75
549	9	Sol4	G4	296	296	3	8	1071	95	96	la 	75.375
550	9	La4b5	A4b5	300	300	1	16	179	95	96	SAZ 	75.4375
551	9	Si4b5	B4b5	309	309	1	16	179	95	96	.	75.5
552	9	Do5	C5	318	318	1	16	179	95	96	.	75.5625
553	9	Re5	D5	327	327	1	16	179	95	96	.	75.625
554	9	Mi5b1	E5b1	335	335	1	16	179	95	96	.	75.6875
555	9	Fa5	F5	340	340	1	16	179	95	96	.	75.75
556	9	Sol5	G5	349	349	1	4	714	95	96	.	76
557	9			-1	-1	1	4	714	100	0		76.25
558	9	La5b5	A5b5	353	353	1	8	357	95	96	O 	76.375
559	9	La5b5	A5b5	353	353	1	8	357	95	96	gü	76.5
560	9	La5b5	A5b5	353	353	1	8	357	99	96	zel 	76.625
561	9	Sol5	G5	349	349	1	8	357	95	96		76.75
562	9	Fa5	F5	340	340	1	8	357	95	96	ba	76.875
563	9	Sol5	G5	349	349	1	8	357	95	96	şı	77
564	9	La5b5	A5b5	353	353	1	2	1429	95	96	nı 	77.5
565	9	La5b5	A5b5	353	353	1	2	1429	95	96		78
566	9			-1	-1	1	8	357	100	0		78.125
567	9	Si5b5	B5b5	362	362	1	4	714	95	96	göğ	78.375
568	9	Si5b5	B5b5	362	362	1	8	357	95	96	sü	78.5
569	9	Si5b5	B5b5	362	362	1	8	357	99	96	me 	78.625
570	9	La5b5	A5b5	353	353	1	8	357	95	96		78.75
571	9	La5b5	A5b5	353	353	1	8	357	99	96	yas	78.875
572	9	Sol5	G5	349	349	1	8	357	95	96		79
573	9	Sol5	G5	349	349	3	8	1071	95	96	la 	79.375
574	9	La5b5	A5b5	353	353	1	8	357	95	96	SAZ 	79.5
575	9	Sol5	G5	349	349	1	8	357	95	96	.	79.625
576	9	Si5b5	B5b5	362	362	1	8	357	95	96	.	79.75
577	9	La5b5	A5b5	353	353	1	4	714	95	96	.	80
578	9			-1	-1	1	8	357	100	0		80.125
579	9	La5b5	A5b5	353	353	1	8	357	95	96	Bir	80.25
580	9	Sol5	G5	349	349	1	8	357	95	96	le	80.375
581	9	Fa5	F5	340	340	1	8	357	95	96	şe	80.5
582	9	Fa5	F5	340	340	1	8	357	95	96	bi	80.625
583	9	Sol5	G5	349	349	1	8	357	95	96	lir 	80.75
584	9	La5b5	A5b5	353	353	1	16	179	95	96	mi 	80.8125
585	9			-1	-1	1	16	179	100	0		80.875
586	9			-1	-1	1	8	357	100	0		81
587	9	La5b5	A5b5	353	353	1	8	357	99	96	ah 	81.125
588	9	Sol5	G5	349	349	1	8	357	99	96		81.25
589	9	Sol5	G5	349	349	1	8	357	99	96		81.375
590	9	Fa5	F5	340	340	1	8	357	99	96		81.5
591	9	Fa5	F5	340	340	1	8	357	99	96		81.625
592	9	Mi5b5	E5b5	331	331	1	8	357	99	96		81.75
593	9	Mi5b5	E5b5	331	331	1	8	357	99	96		81.875
594	9	Re5	D5	327	327	1	8	357	99	96		82
595	9	Sol5	G5	349	349	1	8	357	95	96		82.125
596	9	Sol5	G5	349	349	1	4	714	95	96	aşk 	82.375
597	9	Fa5	F5	340	340	1	8	357	95	96	ih	82.5
598	9	Fa5	F5	340	340	1	8	357	95	96	ti	82.625
599	9	Mi5b5	E5b5	331	331	1	4	714	99	96	ras	82.875
600	9	Re5	D5	327	327	1	8	357	95	96		83
601	9	Re5	D5	327	327	3	8	1071	95	96	la 	83.375
602	9	Re5	D5	327	327	1	16	179	95	96	SAZ	83.4375
603	9	Mi5b5	E5b5	331	331	1	16	179	95	96	.	83.5
604	9	Re5	D5	327	327	1	16	179	95	96	.	83.5625
605	9	Do5	C5	318	318	1	16	179	95	96	.	83.625
606	9	Si4b5	B4b5	309	309	1	16	179	95	96	.	83.6875
607	9	Do5	C5	318	318	1	16	179	95	96	.	83.75
608	9	Re5	D5	327	327	1	4	714	95	96	.	84
609	9			-1	-1	1	4	714	100	0		84.25
610	9	Do5	C5	318	318	1	8	357	95	96	O 	84.375
611	9	Mi5b5	E5b5	331	331	1	8	357	95	96	gü	84.5
612	9	Re5	D5	327	327	1	8	357	99	96	zel 	84.625
613	9	Do5	C5	318	318	1	8	357	95	96		84.75
614	9	Si4b5	B4b5	309	309	1	8	357	95	96	ba	84.875
615	9	Sol4	G4	296	296	1	8	357	95	96	şı	85
616	9	La4b5	A4b5	300	300	1	8	357	99	96	nı 	85.125
617	9	Sol4	G4	296	296	1	8	357	99	96		85.25
618	9	La4b5	A4b5	300	300	1	8	357	99	96		85.375
619	9	Do5	C5	318	318	1	8	357	99	96		85.5
620	9	Si4b5	B4b5	309	309	1	16	179	99	96		85.5625
621	9	La4b5	A4b5	300	300	1	16	179	99	96		85.625
622	9	La4b5	A4b5	300	300	1	16	179	99	96		85.6875
623	9	Sol4	G4	296	296	1	16	179	99	96		85.75
624	9	La4b5	A4b5	300	300	1	8	357	99	96		85.875
625	9	Sol4	G4	296	296	1	8	357	99	96		86
626	9	Fa4	F4	287	287	1	8	357	95	96		86.125
627	9	Si4b5	B4b5	309	309	1	4	714	95	96	göğ	86.375
628	9	Si4b5	B4b5	309	309	1	8	357	95	96	sü	86.5
629	9	Si4b5	B4b5	309	309	1	8	357	99	96	me 	86.625
630	9	La4b5	A4b5	300	300	1	8	357	95	96		86.75
631	9	La4b5	A4b5	300	300	1	8	357	99	96	yas	86.875
632	9	Sol4	G4	296	296	1	8	357	95	96		87
633	9	Sol4	G4	296	296	3	8	1071	95	96	la 	87.375
634	9	La4b5	A4b5	300	300	1	16	179	95	96	SAZ	87.4375
635	9	Si4b5	B4b5	309	309	1	16	179	95	96	.	87.5
636	9	Do5	C5	318	318	1	16	179	95	96	.	87.5625
637	9	Re5	D5	327	327	1	16	179	95	96	.	87.625
638	9	Mi5b1	E5b1	335	335	1	16	179	95	96	.	87.6875
639	9	Fa5	F5	340	340	1	16	179	95	96	.	87.75
640	9	Sol5	G5	349	349	1	4	714	95	96	.	88
641	9			-1	-1	1	8	357	100	0		88.125
642	9	La5b5	A5b5	353	353	1	8	357	95	96	Bir	88.25
643	9	Sol5	G5	349	349	1	8	357	95	96	le	88.375
644	9	Fa5	F5	340	340	1	8	357	95	96	şe	88.5
645	9	Fa5	F5	340	340	1	8	357	95	96	bi	88.625
646	9	Sol5	G5	349	349	1	8	357	95	96	lir 	88.75
647	9	La5b5	A5b5	353	353	1	16	179	95	96	mi 	88.8125
648	9			-1	-1	1	16	179	100	0		88.875
649	9			-1	-1	1	8	357	100	0		89
650	9	La5b5	A5b5	353	353	1	8	357	99	96	ah 	89.125
651	9	Sol5	G5	349	349	1	8	357	99	96		89.25
652	9	Sol5	G5	349	349	1	8	357	99	96		89.375
653	9	Fa5	F5	340	340	1	8	357	99	96		89.5
654	9	Fa5	F5	340	340	1	8	357	99	96		89.625
655	9	Mi5b5	E5b5	331	331	1	8	357	99	96		89.75
656	9	Mi5b5	E5b5	331	331	1	8	357	99	96		89.875
657	9	Re5	D5	327	327	1	8	357	99	96		90
658	9	Sol5	G5	349	349	1	8	357	95	96		90.125
659	9	Sol5	G5	349	349	1	4	714	95	96	aşk 	90.375
660	9	Fa5	F5	340	340	1	8	357	95	96	ih	90.5
661	9	Fa5	F5	340	340	1	8	357	95	96	ti	90.625
662	9	Mi5b5	E5b5	331	331	1	4	714	99	96	ras	90.875
663	9	Re5	D5	327	327	1	8	357	95	96		91
664	9	Re5	D5	327	327	3	8	1071	95	96	la 	91.375
665	9	Re5	D5	327	327	1	16	179	95	96	SAZ	91.4375
666	9	Mi5b5	E5b5	331	331	1	16	179	95	96	.	91.5
667	9	Re5	D5	327	327	1	16	179	95	96	.	91.5625
668	9	Do5	C5	318	318	1	16	179	95	96	.	91.625
669	9	Si4b5	B4b5	309	309	1	16	179	95	96	.	91.6875
670	9	Do5	C5	318	318	1	16	179	95	96	.	91.75
671	9	Re5	D5	327	327	1	4	714	95	96	.	92
672	9			-1	-1	1	4	714	100	0		92.25
673	9	Do5	C5	318	318	1	8	357	95	96	O 	92.375
674	9	Mi5b5	E5b5	331	331	1	8	357	95	96	gü	92.5
675	9	Re5	D5	327	327	1	8	357	99	96	zel 	92.625
676	9	Do5	C5	318	318	1	8	357	95	96		92.75
677	9	Si4b5	B4b5	309	309	1	8	357	95	96	ba	92.875
678	9	Sol4	G4	296	296	1	8	357	95	96	şı	93
679	9	La4b5	A4b5	300	300	1	8	357	99	96	nı 	93.125
680	9	Sol4	G4	296	296	1	8	357	99	96		93.25
681	9	La4b5	A4b5	300	300	1	8	357	99	96		93.375
682	9	Do5	C5	318	318	1	8	357	99	96		93.5
683	9	Si4b5	B4b5	309	309	1	16	179	99	96		93.5625
684	9	La4b5	A4b5	300	300	1	16	179	99	96		93.625
685	9	La4b5	A4b5	300	300	1	16	179	99	96		93.6875
686	9	Sol4	G4	296	296	1	16	179	99	96		93.75
687	9	La4b5	A4b5	300	300	1	8	357	99	96		93.875
688	9	Sol4	G4	296	296	1	8	357	99	96		94
689	9	Fa4	F4	287	287	1	8	357	95	96		94.125
690	9	Si4b5	B4b5	309	309	1	4	714	95	96	göğ	94.375
691	9	Si4b5	B4b5	309	309	1	8	357	95	96	sü	94.5
692	9	Si4b5	B4b5	309	309	1	8	357	99	96	me 	94.625
693	9	La4b5	A4b5	300	300	1	8	357	95	96		94.75
694	9	La4b5	A4b5	300	300	1	8	357	99	96	yas	94.875
695	9	Sol4	G4	296	296	1	8	357	95	96		95
696	9	Sol4	G4	296	296	3	8	1071	95	96	la 	95.375
697	9	Do5	C5	318	318	1	8	357	95	96	SAZ	95.5
698	9	La4b5	A4b5	300	300	1	8	357	95	96	.	95.625
699	9	Si4b5	B4b5	309	309	1	8	357	95	96	.	95.75
700	9	Sol4	G4	296	296	1	4	714	95	96	.	96
701	9	Sol5	G5	349	349	1	8	357	95	96	E	96.125
702	9	Sol5	G5	349	349	1	4	714	99	96	lâ 	96.375
703	9	Fa5	F5	340	340	1	8	357	95	96		96.5
704	9	Mi5b5	E5b5	331	331	1	4	714	95	96	göz	96.75
705	9	Re5	D5	327	327	1	8	357	95	96	le	96.875
706	9	Do5	C5	318	318	1	8	357	95	96	rin	97
707	9	Sol5	G5	349	349	1	2	1429	95	96	de	97.5
708	9	Sol5	G5	349	349	1	2	1429	95	96		98
709	9			-1	-1	1	4	714	100	0		98.25
710	9	Do5	C5	318	318	1	8	357	95	96	me 	98.375
711	9	Mi5b5	E5b5	331	331	1	8	357	95	96	ne	98.5
712	9	Re5	D5	327	327	1	8	357	99	96	viş	98.625
713	9	Do5	C5	318	318	1	8	357	95	96		98.75
714	9	Si4b5	B4b5	309	309	1	8	357	99	96	ler 	98.875
715	9	La4b5	A4b5	300	300	1	8	357	95	96		99
716	9	Sol4	G4	296	296	3	8	1071	95	96	var 	99.375
717	9	La4b5	A4b5	300	300	1	16	179	95	96	SAZ	99.4375
718	9	Si4b5	B4b5	309	309	1	16	179	95	96	.	99.5
719	9	Do5	C5	318	318	1	16	179	95	96	.	99.5625
720	9	Re5	D5	327	327	1	16	179	95	96	.	99.625
721	9	Mi5b1	E5b1	335	335	1	16	179	95	96	.	99.6875
722	9	Fa5	F5	340	340	1	16	179	95	96	.	99.75
723	9	Sol5	G5	349	349	1	4	714	95	96	.	100
724	9			-1	-1	1	8	357	100	0		100.125
725	9	La5b5	A5b5	353	353	1	4	714	95	96	Kor 	100.375
726	9	La5b5	A5b5	353	353	1	8	357	95	96	gi	100.5
727	9	La5b5	A5b5	353	353	1	8	357	95	96	bi 	100.625
728	9	Sol5	G5	349	349	1	8	357	95	96	du	100.75
729	9	Fa5	F5	340	340	1	8	357	99	96	dak	100.875
730	9	Sol5	G5	349	349	1	8	357	95	96		101
731	9	La5b5	A5b5	353	353	1	2	1429	95	96	lar 	101.5
732	9	La5b5	A5b5	353	353	1	2	1429	95	96		102
733	9			-1	-1	1	4	714	100	0		102.25
734	9	Si5b5	B5b5	362	362	1	8	357	95	96	ve 	102.375
735	9	Si5b5	B5b5	362	362	1	8	357	95	96	kı	102.5
736	9	Si5b5	B5b5	362	362	1	8	357	99	96	zıl 	102.625
737	9	La5b5	A5b5	353	353	1	8	357	95	96		102.75
738	9	La5b5	A5b5	353	353	1	8	357	99	96	saç	102.875
739	9	Sol5	G5	349	349	1	8	357	95	96		103
740	9	Sol5	G5	349	349	3	8	1071	95	96	lar 	103.375
741	9	Mi5b5	E5b5	331	331	1	8	357	95	96	SAZ 	103.5
742	9	Re5	D5	327	327	1	8	357	95	96	.	103.625
743	9	Do5	C5	318	318	1	8	357	95	96	.	103.75
744	9	Sol5	G5	349	349	1	4	714	95	96	.	104
745	9	Sol5	G5	349	349	1	8	357	95	96	E	104.125
746	9	Sol5	G5	349	349	1	4	714	99	96	lâ 	104.375
747	9	Fa5	F5	340	340	1	8	357	95	96		104.5
748	9	Mi5b5	E5b5	331	331	1	4	714	95	96	göz	104.75
749	9	Re5	D5	327	327	1	8	357	95	96	le	104.875
750	9	Do5	C5	318	318	1	8	357	95	96	rin	105
751	9	Sol5	G5	349	349	1	2	1429	95	96	de	105.5
752	9	Sol5	G5	349	349	1	2	1429	95	96		106
753	9			-1	-1	1	4	714	100	0		106.25
754	9	Do5	C5	318	318	1	8	357	95	96	me 	106.375
755	9	Mi5b5	E5b5	331	331	1	8	357	95	96	ne	106.5
756	9	Re5	D5	327	327	1	8	357	99	96	viş	106.625
757	9	Do5	C5	318	318	1	8	357	95	96		106.75
758	9	Si4b5	B4b5	309	309	1	8	357	99	96	ler 	106.875
759	9	La4b5	A4b5	300	300	1	8	357	95	96		107
760	9	Sol4	G4	296	296	3	8	1071	95	96	var 	107.375
761	9	La4b5	A4b5	300	300	1	16	179	95	96	SAZ	107.4375
762	9	Si4b5	B4b5	309	309	1	16	179	95	96	.	107.5
763	9	Do5	C5	318	318	1	16	179	95	96	.	107.5625
764	9	Re5	D5	327	327	1	16	179	95	96	.	107.625
765	9	Mi5b1	E5b1	335	335	1	16	179	95	96	.	107.6875
766	9	Fa5	F5	340	340	1	16	179	95	96	.	107.75
767	9	Sol5	G5	349	349	1	4	714	95	96	.	108
768	9			-1	-1	1	8	357	100	0		108.125
769	9	La5b5	A5b5	353	353	1	4	714	95	96	Kor 	108.375
770	9	La5b5	A5b5	353	353	1	8	357	95	96	gi	108.5
771	9	La5b5	A5b5	353	353	1	8	357	95	96	bi 	108.625
772	9	Sol5	G5	349	349	1	8	357	95	96	du	108.75
773	9	Fa5	F5	340	340	1	8	357	99	96	dak	108.875
774	9	Sol5	G5	349	349	1	8	357	95	96		109
775	9	La5b5	A5b5	353	353	1	2	1429	95	96	lar 	109.5
776	9	La5b5	A5b5	353	353	1	2	1429	95	96		110
777	9			-1	-1	1	4	714	100	0		110.25
778	9	Si5b5	B5b5	362	362	1	8	357	95	96	ve 	110.375
779	9	Si5b5	B5b5	362	362	1	8	357	95	96	kı	110.5
780	9	Si5b5	B5b5	362	362	1	8	357	99	96	zıl 	110.625
781	9	La5b5	A5b5	353	353	1	8	357	95	96		110.75
782	9	La5b5	A5b5	353	353	1	8	357	99	96	saç	110.875
783	9	Sol5	G5	349	349	1	8	357	95	96		111
784	9	Sol5	G5	349	349	3	8	1071	95	96	lar  	111.375
785	9	La5b5	A5b5	353	353	1	8	357	95	96	SAZ	111.5
786	9	Sol5	G5	349	349	1	8	357	95	96	.	111.625
787	9	Si5b5	B5b5	362	362	1	8	357	95	96	.	111.75
788	9	La5b5	A5b5	353	353	1	4	714	95	96	.	112
789	9			-1	-1	1	8	357	100	0		112.125
790	9	La5b5	A5b5	353	353	1	8	357	95	96	Ok	112.25
791	9	Sol5	G5	349	349	1	8	357	95	96	şa	112.375
792	9	Fa5	F5	340	340	1	8	357	95	96	sam_	112.5
793	9	Fa5	F5	340	340	1	8	357	95	96	u	112.625
794	9	Sol5	G5	349	349	1	8	357	99	96	san	112.75
795	9	La5b5	A5b5	353	353	1	4	714	95	96		113
796	9	La5b5	A5b5	353	353	1	8	357	99	96	mam 	113.125
797	9	Sol5	G5	349	349	1	8	357	99	96		113.25
798	9	Sol5	G5	349	349	1	8	357	99	96		113.375
799	9	Fa5	F5	340	340	1	8	357	99	96		113.5
800	9	Fa5	F5	340	340	1	8	357	99	96		113.625
801	9	Mi5b5	E5b5	331	331	1	8	357	99	96		113.75
802	9	Mi5b5	E5b5	331	331	1	8	357	99	96		113.875
803	9	Re5	D5	327	327	1	8	357	95	96		114
804	9			-1	-1	1	8	357	100	0		114.125
805	9	Sol5	G5	349	349	1	4	714	95	96	mah	114.375
806	9	Fa5	F5	340	340	1	8	357	95	96	şe	114.5
807	9	Fa5	F5	340	340	1	8	357	99	96	re 	114.625
808	9	Mi5b5	E5b5	331	331	1	4	714	95	96		114.875
809	9	Re5	D5	327	327	1	8	357	95	96	ka	115
810	9	Re5	D5	327	327	3	8	1071	95	96	dar 	115.375
811	9	Re5	D5	327	327	1	16	179	95	96	SAZ 	115.4375
812	9	Mi5b5	E5b5	331	331	1	16	179	95	96	.	115.5
813	9	Re5	D5	327	327	1	16	179	95	96	.	115.5625
814	9	Do5	C5	318	318	1	16	179	95	96	.	115.625
815	9	Si4b5	B4b5	309	309	1	16	179	95	96	.	115.6875
816	9	Do5	C5	318	318	1	16	179	95	96	.	115.75
817	9	Re5	D5	327	327	1	4	714	95	96	.	116
818	9			-1	-1	1	4	714	100	0		116.25
819	9	Do5	C5	318	318	1	8	357	95	96	O 	116.375
820	9	Mi5b5	E5b5	331	331	1	8	357	95	96	gü	116.5
821	9	Re5	D5	327	327	1	8	357	99	96	zel 	116.625
822	9	Do5	C5	318	318	1	8	357	95	96		116.75
823	9	Si4b5	B4b5	309	309	1	8	357	95	96	ba	116.875
824	9	Sol4	G4	296	296	1	8	357	95	96	şı	117
825	9	La4b5	A4b5	300	300	1	8	357	99	96	nı 	117.125
826	9	Sol4	G4	296	296	1	8	357	99	96		117.25
827	9	La4b5	A4b5	300	300	1	8	357	99	96		117.375
828	9	Do5	C5	318	318	1	8	357	99	96		117.5
829	9	Si4b5	B4b5	309	309	1	16	179	99	96		117.5625
830	9	La4b5	A4b5	300	300	1	16	179	99	96		117.625
831	9	La4b5	A4b5	300	300	1	16	179	99	96		117.6875
832	9	Sol4	G4	296	296	1	16	179	99	96		117.75
833	9	La4b5	A4b5	300	300	1	8	357	99	96		117.875
834	9	Sol4	G4	296	296	1	8	357	99	96		118
835	9	Fa4	F4	287	287	1	8	357	95	96		118.125
836	9	Si4b5	B4b5	309	309	1	4	714	95	96	göğ	118.375
837	9	Si4b5	B4b5	309	309	1	8	357	95	96	sü	118.5
838	9	Si4b5	B4b5	309	309	1	8	357	99	96	me 	118.625
839	9	La4b5	A4b5	300	300	1	8	357	95	96		118.75
840	9	La4b5	A4b5	300	300	1	8	357	99	96	yas	118.875
841	9	Sol4	G4	296	296	1	8	357	95	96		119
842	9	Sol4	G4	296	296	3	8	1071	95	96	la 	119.375
843	9	La4b5	A4b5	300	300	1	16	179	95	96	SAZ	119.4375
844	9	Si4b5	B4b5	309	309	1	16	179	95	96	.	119.5
845	9	Do5	C5	318	318	1	16	179	95	96	.	119.5625
846	9	Re5	D5	327	327	1	16	179	95	96	.	119.625
847	9	Mi5b1	E5b1	335	335	1	16	179	95	96	.	119.6875
848	9	Fa5	F5	340	340	1	16	179	95	96	.	119.75
849	9	Sol5	G5	349	349	1	4	714	95	96	.	120
850	9			-1	-1	1	8	357	100	0		120.125
851	9	La5b5	A5b5	353	353	1	8	357	95	96	Ok	120.25
852	9	Sol5	G5	349	349	1	8	357	95	96	şa	120.375
853	9	Fa5	F5	340	340	1	8	357	95	96	sam_	120.5
854	9	Fa5	F5	340	340	1	8	357	95	96	u	120.625
855	9	Sol5	G5	349	349	1	8	357	99	96	san	120.75
856	9	La5b5	A5b5	353	353	1	4	714	95	96		121
857	9	La5b5	A5b5	353	353	1	8	357	99	96	mam 	121.125
858	9	Sol5	G5	349	349	1	8	357	99	96		121.25
859	9	Sol5	G5	349	349	1	8	357	99	96		121.375
860	9	Fa5	F5	340	340	1	8	357	99	96		121.5
861	9	Fa5	F5	340	340	1	8	357	99	96		121.625
862	9	Mi5b5	E5b5	331	331	1	8	357	99	96		121.75
863	9	Mi5b5	E5b5	331	331	1	8	357	99	96		121.875
864	9	Re5	D5	327	327	1	8	357	95	96		122
865	9			-1	-1	1	8	357	100	0		122.125
866	9	Sol5	G5	349	349	1	4	714	95	96	mah	122.375
867	9	Fa5	F5	340	340	1	8	357	95	96	şe	122.5
868	9	Fa5	F5	340	340	1	8	357	99	96	re 	122.625
869	9	Mi5b5	E5b5	331	331	1	4	714	95	96		122.875
870	9	Re5	D5	327	327	1	8	357	95	96	ka	123
871	9	Re5	D5	327	327	3	8	1071	95	96	dar 	123.375
872	9	Re5	D5	327	327	1	16	179	95	96	SAZ 	123.4375
873	9	Mi5b5	E5b5	331	331	1	16	179	95	96	.	123.5
874	9	Re5	D5	327	327	1	16	179	95	96	.	123.5625
875	9	Do5	C5	318	318	1	16	179	95	96	.	123.625
876	9	Si4b5	B4b5	309	309	1	16	179	95	96	.	123.6875
877	9	Do5	C5	318	318	1	16	179	95	96	.	123.75
878	9	Re5	D5	327	327	1	4	714	95	96	.	124
879	9			-1	-1	1	4	714	100	0		124.25
880	9	Do5	C5	318	318	1	8	357	95	96	O 	124.375
881	9	Mi5b5	E5b5	331	331	1	8	357	95	96	gü	124.5
882	9	Re5	D5	327	327	1	8	357	99	96	zel 	124.625
883	9	Do5	C5	318	318	1	8	357	95	96		124.75
884	9	Si4b5	B4b5	309	309	1	8	357	95	96	ba	124.875
885	9	Sol4	G4	296	296	1	8	357	95	96	şı	125
886	9	La4b5	A4b5	300	300	1	8	357	99	96	nı 	125.125
887	9	Sol4	G4	296	296	1	8	357	99	96		125.25
888	9	La4b5	A4b5	300	300	1	8	357	99	96		125.375
889	9	Do5	C5	318	318	1	8	357	99	96		125.5
890	9	Si4b5	B4b5	309	309	1	16	179	99	96		125.5625
891	9	La4b5	A4b5	300	300	1	16	179	99	96		125.625
892	9	La4b5	A4b5	300	300	1	16	179	99	96		125.6875
893	9	Sol4	G4	296	296	1	16	179	99	96		125.75
894	9	La4b5	A4b5	300	300	1	8	357	99	96		125.875
895	9	Sol4	G4	296	296	1	8	357	99	96		126
896	9	Fa4	F4	287	287	1	8	357	95	96		126.125
897	9	Si4b5	B4b5	309	309	1	4	714	95	96	göğ	126.375
898	9	Si4b5	B4b5	309	309	1	8	357	95	96	sü	126.5
899	9	Si4b5	B4b5	309	309	1	8	357	99	96	me 	126.625
900	9	La4b5	A4b5	300	300	1	8	357	95	96		126.75
901	9	La4b5	A4b5	300	300	1	8	357	99	96	yas	126.875
902	9	Sol4	G4	296	296	1	8	357	95	96		127
903	9	Sol4	G4	296	296	1	2	1429	95	96	la 	127.5
904	9	Sol4	G4	296	296	1	2	1429	95	96		128
