Sira	Kod	Nota53	NotaAE	Koma53	KomaAE	Pay	Payda	Ms	LNS	Bas	Soz1	Offset
1	9	Sol5	G5	349	349	1	1	2223	95	96	ARANAÐME 	0.8888889
2	9			-1	-1	1	8	278	100	0		1
3	9	Re5	D5	327	327	1	1	2223	95	96	.	1.888889
4	9			-1	-1	1	8	278	100	0	.	2
5	9	Do5	C5	318	318	1	1	2223	95	96	.	2.888889
6	9			-1	-1	1	8	278	100	0	.	3
7	9	Si4b5	B4b5	309	309	3	16	417	95	96	.	3.166667
8	9	La4b5	A4b5	300	300	1	16	139	95	96	.	3.222222
9	9	Sol4	G4	296	296	3	4	1668	95	96	.	3.888889
10	9			-1	-1	1	8	278	100	0	.	4
11	9	Si5b5	B5b5	362	362	3	16	417	95	96	.	4.166667
12	9	La5	A5	358	358	1	16	139	95	96	.	4.222222
13	9	Sol5	G5	349	349	1	4	556	95	96	.	4.444445
14	9	Fa5	F5	340	340	3	16	417	95	96	.	4.611111
15	9	Mi5b3	E5b4	333	332	1	16	139	95	96	.	4.666667
16	9	Re5	D5	327	327	1	4	556	95	96	.	4.888889
17	9			-1	-1	1	8	278	100	0	.	5
18	9	Fa5	F5	340	340	3	16	417	95	96	.	5.166667
19	9	Mi5b3	E5b4	333	332	1	16	139	95	96	.	5.222222
20	9	Re5	D5	327	327	1	4	556	95	96	.	5.444445
21	9	Mi5b5	E5b5	331	331	3	16	417	95	96	.	5.611111
22	9	Re5	D5	327	327	1	16	139	95	96	.	5.666667
23	9	Do5	C5	318	318	1	4	556	95	96	.	5.888889
24	9	Si4b5	B4b5	309	309	1	8	278	95	96	.	6
25	9	Mi5b5	E5b5	331	331	3	16	417	95	96	.	6.166667
26	9	Re5	D5	327	327	1	16	139	95	96	.	6.222222
27	9	Do5	C5	318	318	1	8	278	95	96	.	6.333333
28	9	Re5	D5	327	327	1	8	278	95	96	.	6.444445
29	9	Si4b5	B4b5	309	309	1	8	278	95	96	.	6.555555
30	9	La4b5	A4b5	300	300	1	8	278	95	96	.	6.666667
31	9	La4b5	A4b5	300	300	1	4	556	95	96	.	6.888889
32	9	Sol4	G4	296	296	1	8	278	95	96	.	7
33	9	Sol4	G4	296	296	3	8	833	95	96	.	7.333333
34	9	La4b5	A4b5	300	300	1	16	139	95	96	.	7.388889
35	9	Si4b5	B4b5	309	309	1	16	139	95	96	.	7.444445
36	9	Do5	C5	318	318	1	16	139	95	96	.	7.5
37	9	Re5	D5	327	327	1	16	139	95	96	.	7.555555
38	9	Mi5b2	E5b1	334	335	1	16	139	95	96	.	7.611111
39	9	Fa5	F5	340	340	1	16	139	95	96	.	7.666667
40	9	Sol5	G5	349	349	3	8	833	95	96	.	8
41	52			0	0	1	8	0	127	89		8.111111
42	9	Sol5	G5	349	349	1	1	2223	95	96	ARANAÐME 	9
43	9			-1	-1	1	8	278	100	0		9.111111
44	9	Re5	D5	327	327	1	1	2223	95	96	.	10
45	9			-1	-1	1	8	278	100	0	.	10.11111
46	9	Do5	C5	318	318	1	1	2223	95	96	.	11
47	9			-1	-1	1	8	278	100	0	.	11.11111
48	9	Si4b5	B4b5	309	309	3	16	417	95	96	.	11.27778
49	9	La4b5	A4b5	300	300	1	16	139	95	96	.	11.33333
50	9	Sol4	G4	296	296	3	4	1668	95	96	.	12
51	9			-1	-1	1	8	278	100	0	.	12.11111
52	9	Si5b5	B5b5	362	362	3	16	417	95	96	.	12.27778
53	9	La5	A5	358	358	1	16	139	95	96	.	12.33333
54	9	Sol5	G5	349	349	1	4	556	95	96	.	12.55556
55	9	Fa5	F5	340	340	3	16	417	95	96	.	12.72222
56	9	Mi5b3	E5b4	333	332	1	16	139	95	96	.	12.77778
57	9	Re5	D5	327	327	1	4	556	95	96	.	13
58	9			-1	-1	1	8	278	100	0	.	13.11111
59	9	Fa5	F5	340	340	3	16	417	95	96	.	13.27778
60	9	Mi5b3	E5b4	333	332	1	16	139	95	96	.	13.33333
61	9	Re5	D5	327	327	1	4	556	95	96	.	13.55556
62	9	Mi5b5	E5b5	331	331	3	16	417	95	96	.	13.72222
63	9	Re5	D5	327	327	1	16	139	95	96	.	13.77778
64	9	Do5	C5	318	318	1	4	556	95	96	.	14
65	9	Si4b5	B4b5	309	309	1	8	278	95	96	.	14.11111
66	9	Mi5b5	E5b5	331	331	3	16	417	95	96	.	14.27778
67	9	Re5	D5	327	327	1	16	139	95	96	.	14.33333
68	9	Do5	C5	318	318	1	8	278	95	96	.	14.44444
69	9	Re5	D5	327	327	1	8	278	95	96	.	14.55556
70	9	Si4b5	B4b5	309	309	1	8	278	95	96	.	14.66667
71	9	La4b5	A4b5	300	300	1	8	278	95	96	.	14.77778
72	9	La4b5	A4b5	300	300	1	4	556	95	96	.	15
73	9	Sol4	G4	296	296	1	8	278	95	96	.	15.11111
74	9	Sol4	G4	296	296	3	8	833	95	96	.	15.44444
75	9	La4b5	A4b5	300	300	1	16	139	95	96	.	15.5
76	9	Si4b5	B4b5	309	309	1	16	139	95	96	.	15.55556
77	9	Do5	C5	318	318	1	16	139	95	96	.	15.61111
78	9	Re5	D5	327	327	1	16	139	95	96	.	15.66667
79	9	Mi5b2	E5b1	334	335	1	16	139	95	96	.	15.72222
80	9	Fa5	F5	340	340	1	16	139	95	96	.	15.77778
81	9	Sol5	G5	349	349	3	8	833	95	96	.	16.11111
82	9	Do5	C5	318	318	3	8	833	99	96	Her 	16.44444
83	9	Sol5	G5	349	349	1	8	278	95	96		16.55556
84	9	Sol5	G5	349	349	1	4	556	95	96	ge	16.77778
85	9	Sol5	G5	349	349	3	8	833	95	96	ce 	17.11111
86	9	La5	A5	358	358	1	4	556	95	96	se	17.33333
87	9	Si5b5	B5b5	362	362	1	8	278	99	96	mâ	17.44444
88	9	La5	A5	358	358	1	8	278	95	96		17.55556
89	9	Sol5	G5	349	349	1	8	278	99	96	da 	17.66667
90	9	Fa5#4	F5#4	344	344	1	8	278	99	96		17.77778
91	9	Sol5	G5	349	349	1	4	556	95	96		18
92	9			-1	-1	1	8	278	100	0		18.11111
93	9	Sol5	G5	349	349	1	4	556	95	96	a	18.33333
94	9	La5	A5	358	358	1	4	556	95	96	ra	18.55556
95	9	Si5b5	B5b5	362	362	1	4	556	95	96	rým 	18.77778
96	9	La5	A5	358	358	1	8	278	99	96	se	18.88889
97	9	Sol5	G5	349	349	1	8	278	99	96		19
98	9	Fa5	F5	340	340	1	8	278	95	96		19.11111
99	9	Si5b5	B5b5	362	362	1	2	1111	99	96	ni  	19.55556
100	9	Si5b5	B5b5	362	362	1	8	278	99	96		19.66667
101	9	La5	A5	358	358	1	8	278	99	96		19.77778
102	9	La5	A5	358	358	1	8	278	99	96		19.88889
103	9	Sol5	G5	349	349	1	8	278	99	96		20
104	9	Fa5	F5	340	340	1	8	278	95	96		20.11111
105	9	Sol5	G5	349	349	1	8	278	99	96	Her 	20.22222
106	9	La5	A5	358	358	1	8	278	99	96		20.33333
107	9	Fa5	F5	340	340	1	8	278	99	96		20.44444
108	9	Mi5b5	E5b5	331	331	1	8	278	95	96		20.55556
109	9	Mi5b5	E5b5	331	331	1	8	278	99	96	ge	20.66667
110	9	Re5	D5	327	327	1	8	278	95	96		20.77778
111	9	Re5	D5	327	327	3	8	833	95	96	ce 	21.11111
112	9	Re5	D5	327	327	1	4	556	95	96	se	21.33333
113	9	Mi5b5	E5b5	331	331	1	8	278	99	96	mâ	21.44444
114	9	Re5	D5	327	327	1	8	278	95	96		21.55556
115	9	Do5	C5	318	318	1	8	278	99	96	da 	21.66667
116	9	Si4b2	B4b1	312	313	1	8	278	99	96		21.77778
117	9	Do5	C5	318	318	1	4	556	95	96		22
118	9			-1	-1	1	8	278	100	0		22.11111
119	9	La5	A5	358	358	1	8	278	99	96	a	22.22222
120	9	Sol5	G5	349	349	1	8	278	95	96		22.33333
121	9	Sol5	G5	349	349	1	8	278	99	96	ra	22.44444
122	9	Fa5	F5	340	340	1	8	278	95	96		22.55556
123	9	Fa5	F5	340	340	1	8	278	99	96	rým 	22.66667
124	9	Mi5b2	E5b1	334	335	1	8	278	95	96		22.77778
125	9	Sol5	G5	349	349	1	8	278	99	96	se	22.88889
126	9	Mi5b4	E5b4	332	332	1	8	278	99	96		23
127	9	Re5	D5	327	327	1	8	278	95	96		23.11111
128	9	Re5	D5	327	327	3	8	833	95	96	ni  	23.44444
129	9	Mi5b2	E5b1	334	335	1	16	139	95	96	SAZ 	23.5
130	9	Fa5	F5	340	340	1	16	139	95	96	.	23.55556
131	9	Sol5	G5	349	349	1	16	139	95	96	.	23.61111
132	9	Fa5	F5	340	340	1	16	139	95	96	.	23.66667
133	9	Mi5b2	E5b1	334	335	1	16	139	95	96	.	23.72222
134	9	Fa5	F5	340	340	1	16	139	95	96	.	23.77778
135	9	Sol5	G5	349	349	3	8	833	95	96	.	24.11111
136	9	Sol5	G5	349	349	1	2	1111	95	96	Yýl	24.55556
137	9	Sol5	G5	349	349	1	4	556	95	96	dý	24.77778
138	9	Sol5	G5	349	349	1	4	556	99	96	za 	25
139	9	Fa5	F5	340	340	1	8	278	95	96		25.11111
140	9	Fa5	F5	340	340	1	4	556	95	96	meh	25.33333
141	9	Sol5	G5	349	349	1	8	278	99	96	tâ	25.44444
142	9	Fa5	F5	340	340	1	8	278	95	96		25.55556
143	9	Mi5b5	E5b5	331	331	1	8	278	99	96	ba 	25.66667
144	9	Re5	D5	327	327	1	8	278	99	96		25.77778
145	9	Mi5b5	E5b5	331	331	3	8	833	95	96		26.11111
146	9	Re5	D5	327	327	1	8	278	99	96	so	26.22222
147	9	Mi5b5	E5b5	331	331	1	8	278	95	96		26.33333
148	9	Sol5	G5	349	349	1	8	278	99	96	ra	26.44444
149	9	Fa5	F5	340	340	1	8	278	95	96		26.55556
150	9	Mi5b5	E5b5	331	331	1	8	278	99	96	rým 	26.66667
151	9	Re5	D5	327	327	1	8	278	95	96		26.77778
152	9	Do5	C5	318	318	1	8	278	99	96	se	26.88889
153	9	Si4b5	B4b5	309	309	1	8	278	99	96		27
154	9	Re5	D5	327	327	1	8	278	95	96		27.11111
155	9	Do5	C5	318	318	3	8	833	99	96	ni  	27.44444
156	9	Si4b5	B4b5	309	309	1	8	278	99	96		27.55556
157	10	Do5	C5	318	318	1	8	278	99	96		27.66667
158	8	Mi5b5	E5b5	331	331	0	0	0	99	96		27.66667
159	9	Re5	D5	327	327	1	16	139	99	96		27.72222
160	9	Do5	C5	318	318	1	16	139	99	96		27.77778
161	9	Do5	C5	318	318	3	8	833	95	96		28.11111
162	9	Do5	C5	318	318	1	8	278	99	96	Yýl	28.22222
163	9	Re5	D5	327	327	1	8	278	99	96		28.33333
164	9	Si4b5	B4b5	309	309	1	8	278	99	96		28.44444
165	9	La4b5	A4b5	300	300	1	8	278	95	96		28.55556
166	9	La4b5	A4b5	300	300	1	8	278	99	96	dý	28.66667
167	9	Sol4	G4	296	296	1	8	278	95	96		28.77778
168	9	Sol4	G4	296	296	3	8	833	95	96	za 	29.11111
169	9	Sol4	G4	296	296	1	4	556	95	96	meh	29.33333
170	9	La4b5	A4b5	300	300	1	8	278	99	96	tâ	29.44444
171	9	Sol4	G4	296	296	1	8	278	95	96		29.55556
172	9	Fa4	F4	287	287	1	8	278	99	96	ba 	29.66667
173	9	Mi4b2	E4b1	281	282	1	8	278	99	96		29.77778
174	9	Fa4	F4	287	287	1	4	556	95	96		30
175	9			-1	-1	1	8	278	100	0		30.11111
176	9	Re5	D5	327	327	1	8	278	99	96	so	30.22222
177	9	Do5	C5	318	318	1	8	278	95	96		30.33333
178	9	Do5	C5	318	318	1	8	278	99	96	ra	30.44444
179	9	Si4b5	B4b5	309	309	1	8	278	95	96		30.55556
180	9	Si4b5	B4b5	309	309	1	8	278	99	96	rým 	30.66667
181	9	La4b5	A4b5	300	300	1	8	278	95	96		30.77778
182	9	Do5	C5	318	318	1	8	278	99	96	se	30.88889
183	9	La4b5	A4b5	300	300	1	8	278	99	96		31
184	9	Sol4	G4	296	296	1	8	278	95	96		31.11111
185	9	Sol4	G4	296	296	3	8	833	95	96	ni  	31.44444
186	9	Si5b5	B5b5	362	362	1	8	278	95	96	SAZ 	31.55556
187	9	La5	A5	358	358	1	8	278	95	96	.	31.66667
188	9	Do6	C6	371	371	1	8	278	95	96	.	31.77778
189	9	Si5b5	B5b5	362	362	3	8	833	95	96	.	32.11111
190	9	Si5b5	B5b5	362	362	1	2	1111	95	96	Mes	32.55556
191	9	Si5b5	B5b5	362	362	1	4	556	95	96	tâ	32.77778
192	9	Si5b5	B5b5	362	362	1	4	556	99	96	ne 	33
193	9	La5	A5	358	358	1	8	278	95	96		33.11111
194	9	La5	A5	358	358	1	4	556	95	96	að	33.33333
195	9	Si5b5	B5b5	362	362	1	8	278	99	96	la	33.44444
196	9	La5	A5	358	358	1	8	278	95	96		33.55556
197	9	Sol5	G5	349	349	1	8	278	99	96	yýp 	33.66667
198	9	Fa5#4	F5#4	344	344	1	8	278	99	96		33.77778
199	9	Sol5	G5	349	349	1	4	556	95	96		34
200	9			-1	-1	1	8	278	100	0		34.11111
201	9	Sol5	G5	349	349	1	4	556	95	96	a	34.33333
202	9	Re6	D6	380	380	1	4	556	95	96	na	34.55556
203	9	Re6	D6	380	380	1	4	556	95	96	rým 	34.77778
204	9	Re6	D6	380	380	1	4	556	99	96	se	35
205	9	Do6	C6	371	371	1	8	278	95	96		35.11111
206	9	Do6	C6	371	371	1	4	556	99	96	ni  	35.33333
207	9	Re6	D6	380	380	1	8	278	99	96		35.44444
208	9	Do6	C6	371	371	1	8	278	99	96		35.55556
209	9	Si5b5	B5b5	362	362	1	8	278	99	96		35.66667
210	9	La5	A5	358	358	1	8	278	99	96		35.77778
211	9	Si5b5	B5b5	362	362	1	4	556	95	96		36
212	9			-1	-1	1	8	278	100	0		36.11111
213	9	La5	A5	358	358	1	8	278	99	96	Mes	36.22222
214	9	Si5b5	B5b5	362	362	1	8	278	99	96		36.33333
215	9	Re6	D6	380	380	1	8	278	99	96		36.44444
216	9	Do6	C6	371	371	1	8	278	95	96		36.55556
217	9	Si5b5	B5b5	362	362	1	8	278	99	96	tâ	36.66667
218	9	La5	A5	358	358	1	8	278	95	96		36.77778
219	9	La5	A5	358	358	1	8	278	99	96	ne 	36.88889
220	9	Sol5	G5	349	349	1	8	278	99	96		37
221	9	Fa5	F5	340	340	1	8	278	95	96		37.11111
222	9	Sol5	G5	349	349	1	8	278	99	96	að	37.22222
223	9	La5	A5	358	358	1	8	278	99	96		37.33333
224	9	Fa5	F5	340	340	1	8	278	99	96		37.44444
225	9	Mi5b5	E5b5	331	331	1	8	278	95	96		37.55556
226	9	Mi5b5	E5b5	331	331	1	8	278	99	96	la	37.66667
227	9	Re5	D5	327	327	1	8	278	95	96		37.77778
228	9	Re5	D5	327	327	1	4	556	99	96	yýp 	38
229	9	Do5	C5	318	318	1	8	278	95	96		38.11111
230	9	La5	A5	358	358	1	8	278	99	96	a	38.22222
231	9	Sol5	G5	349	349	1	8	278	95	96		38.33333
232	9	Sol5	G5	349	349	1	8	278	99	96	na	38.44444
233	9	Fa5	F5	340	340	1	8	278	95	96		38.55556
234	9	Fa5	F5	340	340	1	8	278	99	96	rým 	38.66667
235	9	Mi5b2	E5b1	334	335	1	8	278	95	96		38.77778
236	9	Sol5	G5	349	349	1	8	278	99	96	se	38.88889
237	9	Mi5b3	E5b4	333	332	1	8	278	99	96		39
238	9	Re5	D5	327	327	1	8	278	95	96		39.11111
239	9	Re5	D5	327	327	3	8	833	95	96	ni  	39.44444
240	9	Mi5b3	E5b4	333	332	1	16	139	95	96	SAZ 	39.5
241	9	Fa5	F5	340	340	1	16	139	95	96	.	39.55556
242	9	Sol5	G5	349	349	1	16	139	95	96	.	39.61111
243	9	Fa5	F5	340	340	1	16	139	95	96	.	39.66667
244	9	Mi5b3	E5b4	333	332	1	16	139	95	96	.	39.72222
245	9	Fa5	F5	340	340	1	16	139	95	96	.	39.77778
246	9	Sol5	G5	349	349	3	8	833	95	96	.	40.11111
247	9	Sol5	G5	349	349	1	4	556	99	96	Gi	40.33333
248	9	Sol5	G5	349	349	1	4	556	95	96		40.55556
249	9	Sol5	G5	349	349	1	4	556	95	96	rer	40.77778
250	9	Sol5	G5	349	349	1	4	556	99	96	sin 	41
251	9	Fa5	F5	340	340	1	8	278	95	96		41.11111
252	9	Fa5	F5	340	340	1	4	556	95	96	rü	41.33333
253	9	Sol5	G5	349	349	1	8	278	99	96	ya	41.44444
254	9	Fa5	F5	340	340	1	8	278	95	96		41.55556
255	9	Mi5b5	E5b5	331	331	1	8	278	99	96	ma 	41.66667
256	9	Re5	D5	327	327	1	8	278	99	96		41.77778
257	9	Mi5b5	E5b5	331	331	1	4	556	95	96		42
258	9			-1	-1	1	8	278	100	0		42.11111
259	9	Re5	D5	327	327	1	8	278	99	96	sa	42.22222
260	9	Mi5b5	E5b5	331	331	1	8	278	95	96		42.33333
261	9	Sol5	G5	349	349	1	8	278	99	96	ra	42.44444
262	9	Fa5	F5	340	340	1	8	278	95	96		42.55556
263	9	Mi5b5	E5b5	331	331	1	8	278	99	96	rým 	42.66667
264	9	Re5	D5	327	327	1	8	278	95	96		42.77778
265	9	Do5	C5	318	318	1	8	278	99	96	se	42.88889
266	9	Si4b5	B4b5	309	309	1	8	278	99	96		43
267	9	Re5	D5	327	327	1	8	278	95	96		43.11111
268	9	Do5	C5	318	318	3	8	833	99	96	ni  	43.44444
269	9	Si4b5	B4b5	309	309	1	8	278	99	96		43.55556
270	9	Do5	C5	318	318	1	8	278	99	96		43.66667
271	9	Re5	D5	327	327	1	16	139	99	96		43.72222
272	9	Do5	C5	318	318	1	16	139	99	96		43.77778
273	9	Do5	C5	318	318	1	4	556	95	96		44
274	9			-1	-1	1	8	278	100	0		44.11111
275	9	Do5	C5	318	318	1	8	278	99	96	Gi	44.22222
276	9	Re5	D5	327	327	1	8	278	99	96		44.33333
277	9	Si4b5	B4b5	309	309	1	8	278	99	96		44.44444
278	9	La4b5	A4b5	300	300	1	8	278	95	96		44.55556
279	9	La4b5	A4b5	300	300	1	8	278	99	96	rer	44.66667
280	9	Sol4	G4	296	296	1	8	278	95	96		44.77778
281	9	Sol4	G4	296	296	1	4	556	95	96	sin 	45
282	9			-1	-1	1	8	278	100	0		45.11111
283	9	Sol4	G4	296	296	1	4	556	95	96	rü	45.33333
284	9	La4b5	A4b5	300	300	1	8	278	99	96	ya	45.44444
285	9	Sol4	G4	296	296	1	8	278	95	96		45.55556
286	9	Fa4	F4	287	287	1	8	278	99	96	ma 	45.66667
287	9	Mi4	E4	283	283	1	8	278	99	96		45.77778
288	9	Fa4	F4	287	287	1	4	556	95	96		46
289	9			-1	-1	1	8	278	100	0		46.11111
290	9	Re5	D5	327	327	1	8	278	99	96	sa	46.22222
291	9	Do5	C5	318	318	1	8	278	95	96		46.33333
292	9	Do5	C5	318	318	1	8	278	99	96	ra	46.44444
293	9	Si4b5	B4b5	309	309	1	8	278	95	96		46.55556
294	9	Si4b5	B4b5	309	309	1	8	278	99	96	rým 	46.66667
295	9	La4b5	A4b5	300	300	1	8	278	95	96		46.77778
296	9	Do5	C5	318	318	1	8	278	99	96	se	46.88889
297	9	La4b5	A4b5	300	300	1	8	278	99	96		47
298	9	Sol4	G4	296	296	1	8	278	95	96		47.11111
299	9	Sol4	G4	296	296	3	8	833	95	96	ni  	47.44444
300	9	La4b5	A4b5	300	300	1	16	139	95	96	SAZ 	47.5
301	9	Si4b5	B4b5	309	309	1	16	139	95	96	.	47.55556
302	9	Do5	C5	318	318	1	16	139	95	96	.	47.61111
303	9	Re5	D5	327	327	1	16	139	95	96	.	47.66667
304	9	Mi5b3	E5b4	333	332	1	16	139	95	96	.	47.72222
305	9	Fa5	F5	340	340	1	16	139	95	96	.	47.77778
306	9	Sol5	G5	349	349	1	4	556	95	96	.	48
307	9			-1	-1	1	8	278	100	0		48.11111
308	9	Sol5	G5	349	349	3	8	833	95	96	Gon	48.44444
309	9	La5	A5	358	358	1	4	556	95	96	ca 	48.66667
310	9	Si5b5	B5b5	362	362	1	4	556	99	96	zan	48.88889
311	9	La5	A5	358	358	1	4	556	99	96		49.11111
312	9	Sol5	G5	349	349	1	8	278	95	96		49.22222
313	9	Sol5	G5	349	349	1	4	556	99	96	ne	49.44444
314	9	Si5b5	B5b5	362	362	1	8	278	95	96		49.55556
315	9	La5	A5	358	358	1	8	278	99	96	de	49.66667
316	9	Sol5	G5	349	349	1	8	278	95	96		49.77778
317	9	Sol5	G5	349	349	1	8	278	99	96	rim 	49.88889
318	9	Fa5	F5	340	340	1	8	278	99	96		50
319	9	Sol5	G5	349	349	3	8	833	95	96		50.33333
320	9	Sol5	G5	349	349	3	8	833	95	96	kok	50.66667
321	9	La5	A5	358	358	1	4	556	95	96	la	50.88889
322	9	Si5b5	B5b5	362	362	1	4	556	95	96	rým 	51.11111
323	9	La5	A5	358	358	1	8	278	99	96	se	51.22222
324	9	Sol5	G5	349	349	1	8	278	99	96		51.33333
325	9	Fa5	F5	340	340	1	8	278	95	96		51.44444
326	9	Si5b5	B5b5	362	362	3	8	833	99	96	ni  	51.77778
327	9	Si5b5	B5b5	362	362	1	4	556	99	96		52
328	9	Si5b5	B5b5	362	362	1	8	278	99	96		52.11111
329	9	La5	A5	358	358	1	8	278	99	96		52.22222
330	9	La5	A5	358	358	1	4	556	99	96		52.44444
331	9	Sol5	G5	349	349	1	8	278	95	96		52.55556
332	9	Sol5	G5	349	349	3	8	833	95	96	Gon	52.88889
333	9	La5	A5	358	358	1	8	278	99	96	ca 	53
334	9	Si5b5	B5b5	362	362	1	8	278	95	96		53.11111
335	9	La5	A5	358	358	1	8	278	99	96	zan	53.22222
336	9	Sol5	G5	349	349	1	8	278	99	96		53.33333
337	9	Sol5	G5	349	349	1	4	556	99	96		53.55556
338	9	Fa5	F5	340	340	1	8	278	95	96		53.66667
339	9	Fa5	F5	340	340	1	4	556	99	96	ne	53.88889
340	9	Mi5b3	E5b4	333	332	1	8	278	95	96		54
341	9	Mi5b3	E5b4	333	332	1	8	278	99	96	de	54.11111
342	9	Re5	D5	327	327	1	8	278	95	96		54.22222
343	9	Re5	D5	327	327	1	4	556	99	96	rim 	54.44444
344	9	Re5	D5	327	327	1	4	556	99	96		54.66667
345	9	Do5	C5	318	318	1	8	278	95	96		54.77778
346	9	La5	A5	358	358	1	4	556	99	96	kok	55
347	9	Sol5	G5	349	349	1	8	278	95	96		55.11111
348	9	Sol5	G5	349	349	1	8	278	99	96	la	55.22222
349	9	Fa5	F5	340	340	1	8	278	95	96		55.33333
350	9	Fa5	F5	340	340	1	8	278	99	96	rým 	55.44444
351	9	Mi5b3	E5b4	333	332	1	8	278	95	96		55.55556
352	9	Mi5b3	E5b4	333	332	1	4	556	99	96	se	55.77778
353	9	Re5	D5	327	327	1	8	278	95	96		55.88889
354	9	Re5	D5	327	327	1	4	556	95	96	ni  	56.11111
355	9	Fa5	F5	340	340	1	8	278	95	96	SAZ 	56.22222
356	9	Mi5b3	E5b4	333	332	1	8	278	95	96	.	56.33333
357	9	Re5	D5	327	327	1	8	278	95	96	.	56.44444
358	9	Mi5b3	E5b4	333	332	1	8	278	95	96	.	56.55556
359	9	Fa5	F5	340	340	1	8	278	95	96	.	56.66667
360	9	Sol5	G5	349	349	3	8	833	95	96	.	57
361	9	Fa5	F5	340	340	3	8	833	95	96	Sî	57.33333
362	9	Sol5	G5	349	349	1	4	556	95	96	nem	57.55556
363	9	Sol5	G5	349	349	1	4	556	99	96	de 	57.77778
364	9	Sol5	G5	349	349	1	4	556	99	96		58
365	9	Fa5	F5	340	340	1	8	278	95	96		58.11111
366	9	Fa5	F5	340	340	1	4	556	99	96	can 	58.33333
367	9	Sol5	G5	349	349	1	8	278	95	96		58.44444
368	9	Sol5	G5	349	349	1	8	278	99	96	gi	58.55556
369	9	Fa5	F5	340	340	1	8	278	95	96		58.66667
370	9	Mi5b5	E5b5	331	331	1	8	278	99	96	bi 	58.77778
371	9	Re5	D5	327	327	1	8	278	99	96		58.88889
372	9	Mi5b5	E5b5	331	331	3	8	833	95	96		59.22222
373	9	Re5	D5	327	327	1	4	556	99	96	sak	59.44444
374	9	Mi5b5	E5b5	331	331	1	8	278	95	96		59.55556
375	9	Sol5	G5	349	349	1	8	278	99	96	la	59.66667
376	9	Fa5	F5	340	340	1	8	278	95	96		59.77778
377	9	Mi5b5	E5b5	331	331	1	8	278	99	96	rým 	59.88889
378	9	Re5	D5	327	327	1	8	278	95	96		60
379	9	Do5	C5	318	318	1	8	278	95	96	se	60.11111
380	9	Si4b5	B4b5	309	309	1	8	278	95	96		60.22222
381	9	Re5	D5	327	327	1	8	278	95	96		60.33333
382	9	Do5	C5	318	318	3	8	833	99	96	ni  	60.66667
383	9	Si4b5	B4b5	309	309	1	8	278	99	96		60.77778
384	9	Do5	C5	318	318	1	8	278	99	96		60.88889
385	9	Re5	D5	327	327	1	16	139	99	96		60.94444
386	9	Do5	C5	318	318	1	16	139	99	96		61
387	9	Do5	C5	318	318	3	8	833	95	96		61.33333
388	9	Do5	C5	318	318	1	8	278	99	96	Sî	61.44444
389	9	Re5	D5	327	327	1	8	278	99	96		61.55556
390	9	Si4b5	B4b5	309	309	1	8	278	99	96		61.66667
391	9	La4b5	A4b5	300	300	1	8	278	95	96		61.77778
392	9	La4b5	A4b5	300	300	1	8	278	99	96	nem	61.88889
393	9	Sol4	G4	296	296	1	8	278	95	96		62
394	9	Sol4	G4	296	296	3	8	833	95	96	de 	62.33333
395	9	Sol4	G4	296	296	1	4	556	95	96	can 	62.55556
396	9	La4b5	A4b5	300	300	1	8	278	99	96	gi	62.66667
397	9	Sol4	G4	296	296	1	8	278	95	96		62.77778
398	9	Fa4	F4	287	287	1	8	278	99	96	bi 	62.88889
399	9	Mi4b2	E4b1	281	282	1	8	278	99	96		63
400	9	Fa4	F4	287	287	3	8	833	95	96		63.33333
401	9	Re5	D5	327	327	1	8	278	99	96	sak	63.44444
402	9	Do5	C5	318	318	1	8	278	95	96		63.55556
403	9	Do5	C5	318	318	1	8	278	99	96	la	63.66667
404	9	Si4b5	B4b5	309	309	1	8	278	95	96		63.77778
405	9	Si4b5	B4b5	309	309	1	8	278	99	96	rým 	63.88889
406	9	La4b5	A4b5	300	300	1	8	278	95	96		64
407	9	Do5	C5	318	318	1	8	278	99	96	se	64.11111
408	9	La4b5	A4b5	300	300	1	8	278	99	96		64.22222
409	9	Sol4	G4	296	296	1	8	278	95	96		64.33334
410	9	Sol4	G4	296	296	3	8	833	95	96	ni  	64.66666
411	9	Re5	D5	327	327	1	16	139	95	96		64.72222
412	9	Mi5b5	E5b5	331	331	1	16	139	95	96		64.77778
413	9	Re5	D5	327	327	1	16	139	95	96		64.83334
414	9	Do5	C5	318	318	1	16	139	95	96		64.88889
415	9	Si4b5	B4b5	309	309	1	16	139	95	96		64.94444
416	9	La4b5	A4b5	300	300	1	16	139	95	96		65
417	9	Sol4	G4	296	296	3	8	833	95	96		65.33334
