Sira	Kod	Nota53	NotaAE	Koma53	KomaAE	Pay	Payda	Ms	LNS	Bas	Soz1	Offset
1	9	Sol5	G5	349	349	1	4	750	99	96		0.0625
2	9	La5	A5	358	358	1	4	750	99	96		0.125
3	9	La5	A5	358	358	1	4	750	95	96		0.1875
4	9	La5	A5	358	358	1	4	750	95	96		0.25
5	9	Sol5	G5	349	349	1	4	750	95	96		0.3125
6	9	Fa5#4	F5#4	344	344	1	4	750	95	96		0.375
7	9	Sol5	G5	349	349	1	8	375	99	96		0.40625
8	9	La5	A5	358	358	1	8	375	99	96		0.4375
9	9	Sol5	G5	349	349	1	8	375	99	96		0.46875
10	9	La5	A5	358	358	1	8	375	95	96		0.5
11	9	La5	A5	358	358	1	2	1500	95	96		0.625
12	9	La5	A5	358	358	3	8	1125	95	96		0.71875
13	9			-1	-1	1	8	375	100	0		0.75
14	9			-1	-1	1	8	375	100	0		0.78125
15	9	La5	A5	358	358	1	4	750	99	96		0.84375
16	9	Si5b1	B5b1	366	366	1	8	375	99	96		0.875
17	9	Si5b1	B5b1	366	366	1	8	375	99	96		0.90625
18	9	La5	A5	358	358	1	8	375	99	96		0.9375
19	9	Sol5	G5	349	349	1	8	375	99	96		0.96875
20	9	Fa5#4	F5#4	344	344	1	8	375	99	96		1
21	9	Sol5	G5	349	349	1	4	750	95	96		1.0625
22	9	La5	A5	358	358	1	8	375	99	96		1.09375
23	9	Sol5	G5	349	349	1	8	375	99	96		1.125
24	9	La5	A5	358	358	1	4	750	99	96		1.1875
25	9	Si5b1	B5b1	366	366	1	4	750	95	96		1.25
26	9			-1	-1	1	8	375	100	0		1.28125
27	9	Do6	C6	371	371	1	4	750	99	96		1.34375
28	9	Re6	D6	380	380	1	8	375	99	96		1.375
29	9	Do6	C6	371	371	1	4	750	99	96		1.4375
30	9	Si5b1	B5b1	366	366	1	4	750	99	96		1.5
31	9	La5	A5	358	358	1	2	1500	99	96		1.625
32	9	Si5b1	B5b1	366	366	1	8	375	99	96		1.65625
33	9	Do6	C6	371	371	1	8	375	99	96		1.6875
34	9	Si5b1	B5b1	366	366	1	4	750	95	96		1.75
35	9	Do6	C6	371	371	1	8	375	99	96		1.78125
36	9	Re6	D6	380	380	1	8	375	99	96		1.8125
37	9	Do6	C6	371	371	1	8	375	99	96		1.84375
38	9	Si5b1	B5b1	366	366	1	8	375	95	96		1.875
39	8	Re6	D6	380	380	1	8	375	95	96		1.90625
40	9	Do6	C6	371	371	1	8	375	99	96		1.9375
41	9	Si5b1	B5b1	366	366	1	8	375	99	96		1.96875
42	9	Do6	C6	371	371	1	4	750	95	96		2.03125
43	9			-1	-1	1	4	750	100	0		2.09375
44	9	Si5b1	B5b1	366	366	1	8	375	99	96		2.125
45	9	Do6	C6	371	371	1	8	375	99	96		2.15625
46	9	Re6	D6	380	380	1	4	750	99	96		2.21875
47	9	Do6	C6	371	371	1	4	750	99	96		2.28125
48	9	Si5b1	B5b1	366	366	1	4	750	99	96		2.34375
49	8	Re6	D6	380	380	1	8	375	99	96		2.375
50	9	Do6	C6	371	371	1	8	375	99	96		2.40625
51	9	Si5b1	B5b1	366	366	1	8	375	99	96		2.4375
52	9	La5	A5	358	358	1	4	750	95	96		2.5
53	9	La5	A5	358	358	1	4	750	95	96		2.5625
54	9	Sol5	G5	349	349	1	4	750	99	96		2.625
55	9	La5	A5	358	358	1	4	750	99	96		2.6875
56	9	La5	A5	358	358	1	2	1500	99	96		2.8125
57	8	La5	A5	358	358	1	8	375	99	96		2.84375
58	9	Sol5	G5	349	349	3	16	562	99	96		2.890625
59	9	Fa5#4	F5#4	344	344	1	16	188	99	96		2.90625
60	9	Sol5	G5	349	349	1	8	375	99	96		2.9375
61	9	La5	A5	358	358	1	8	375	99	96		2.96875
62	9	Sol5	G5	349	349	1	8	375	99	96		3
63	8	Si5b1	B5b1	366	366	1	8	375	99	96		3.03125
64	9	La5	A5	358	358	1	8	375	99	96		3.0625
65	9	Sol5	G5	349	349	1	8	375	99	96		3.09375
66	9	Fa5#4	F5#4	344	344	1	8	375	99	96		3.125
67	9	Sol5	G5	349	349	1	8	375	99	96		3.15625
68	9	Do6	C6	371	371	1	8	375	99	96		3.1875
69	9	Si5b1	B5b1	366	366	1	8	375	99	96		3.21875
70	9	La5	A5	358	358	1	8	375	99	96		3.25
71	9	Si5b1	B5b1	366	366	1	8	375	99	96		3.28125
72	9	La5	A5	358	358	1	8	375	99	96		3.3125
73	9	Sol5	G5	349	349	1	8	375	95	96		3.34375
74	9	Fa5#4	F5#4	344	344	1	8	375	95	96		3.375
75	9	Mi5	E5	336	336	1	8	375	99	96		3.40625
76	9	Fa5	F5	340	340	1	8	375	99	96		3.4375
77	9	Mi5	E5	336	336	1	8	375	99	96		3.46875
78	9	Re5	D5	327	327	1	8	375	95	96		3.5
79	9			-1	-1	1	8	375	100	0		3.53125
80	9	La5	A5	358	358	1	16	188	99	96		3.546875
81	9	Sol5	G5	349	349	1	16	188	99	96		3.5625
82	9	Fa5	F5	340	340	1	8	375	95	96		3.59375
83	9	Sol5	G5	349	349	1	8	375	95	96		3.625
84	9	La5	A5	358	358	1	2	1500	95	96		3.75
85	9	La5	A5	358	358	3	8	1125	95	96		3.84375
86	9			-1	-1	1	8	375	100	0		3.875
87	9			-1	-1	1	8	375	100	0		3.90625
88	9	La5	A5	358	358	1	4	750	99	96		3.96875
89	9	Si5b1	B5b1	366	366	1	8	375	99	96		4
90	9	Si5b1	B5b1	366	366	1	8	375	99	96		4.03125
91	9	La5	A5	358	358	1	8	375	99	96		4.0625
92	9	Sol5	G5	349	349	1	8	375	99	96		4.09375
93	9	Fa5#4	F5#4	344	344	1	8	375	99	96		4.125
94	9	Sol5	G5	349	349	1	4	750	95	96		4.1875
95	9	La5	A5	358	358	1	8	375	99	96		4.21875
96	9	Sol5	G5	349	349	1	8	375	99	96		4.25
97	9	La5	A5	358	358	1	4	750	99	96		4.3125
98	9	Si5b1	B5b1	366	366	1	4	750	95	96		4.375
99	9			-1	-1	1	8	375	100	0		4.40625
100	9	Do6	C6	371	371	1	4	750	99	96		4.46875
101	9	Re6	D6	380	380	1	8	375	99	96		4.5
102	9	Do6	C6	371	371	1	4	750	99	96		4.5625
103	9	Si5b1	B5b1	366	366	1	4	750	99	96		4.625
104	9	La5	A5	358	358	1	2	1500	99	96		4.75
105	9	Si5b1	B5b1	366	366	1	8	375	99	96		4.78125
106	9	Do6	C6	371	371	1	8	375	99	96		4.8125
107	9	Si5b1	B5b1	366	366	1	4	750	95	96		4.875
108	9	Do6	C6	371	371	1	8	375	99	96		4.90625
109	9	Re6	D6	380	380	1	8	375	99	96		4.9375
110	9	Do6	C6	371	371	1	8	375	99	96		4.96875
111	9	Si5b1	B5b1	366	366	1	8	375	95	96		5
112	8	Re6	D6	380	380	1	8	375	95	96		5.03125
113	9	Do6	C6	371	371	1	8	375	99	96		5.0625
114	9	Si5b1	B5b1	366	366	1	8	375	99	96		5.09375
115	9	Do6	C6	371	371	1	4	750	95	96		5.15625
116	9			-1	-1	1	4	750	100	0		5.21875
117	9	Si5b1	B5b1	366	366	1	8	375	99	96		5.25
118	9	Do6	C6	371	371	1	8	375	99	96		5.28125
119	9	Re6	D6	380	380	1	4	750	99	96		5.34375
120	9	Do6	C6	371	371	1	4	750	99	96		5.40625
121	9	Si5b1	B5b1	366	366	1	4	750	99	96		5.46875
122	8	Re6	D6	380	380	1	8	375	99	96		5.5
123	9	Do6	C6	371	371	1	8	375	99	96		5.53125
124	9	Si5b1	B5b1	366	366	1	8	375	99	96		5.5625
125	9	La5	A5	358	358	1	4	750	95	96		5.625
126	9	La5	A5	358	358	1	4	750	95	96		5.6875
127	9	Sol5	G5	349	349	1	4	750	99	96		5.75
128	9	La5	A5	358	358	1	4	750	99	96		5.8125
129	9	La5	A5	358	358	1	2	1500	99	96		5.9375
130	9	La5	A5	358	358	1	8	375	99	96		5.96875
131	9	Sol5	G5	349	349	3	16	562	99	96		6.015625
132	9	Fa5#4	F5#4	344	344	1	16	188	99	96		6.03125
133	9	Sol5	G5	349	349	1	8	375	99	96		6.0625
134	9	La5	A5	358	358	1	8	375	99	96		6.09375
135	9	Sol5	G5	349	349	1	8	375	99	96		6.125
136	8	Si5b1	B5b1	366	366	1	8	375	99	96		6.15625
137	9	La5	A5	358	358	1	8	375	99	96		6.1875
138	9	Sol5	G5	349	349	1	8	375	99	96		6.21875
139	9	Fa5#4	F5#4	344	344	1	8	375	99	96		6.25
140	9	Sol5	G5	349	349	1	8	375	99	96		6.28125
141	9	Do6	C6	371	371	1	8	375	99	96		6.3125
142	9	Si5b1	B5b1	366	366	1	8	375	99	96		6.34375
143	9	La5	A5	358	358	1	8	375	99	96		6.375
144	9	Si5b1	B5b1	366	366	1	8	375	99	96		6.40625
145	9	La5	A5	358	358	1	8	375	99	96		6.4375
146	9	Sol5	G5	349	349	1	8	375	95	96		6.46875
147	9	Fa5#4	F5#4	344	344	1	8	375	95	96		6.5
148	9	Mi5	E5	336	336	1	8	375	99	96		6.53125
149	9	Fa5	F5	340	340	1	8	375	99	96		6.5625
150	9	Mi5	E5	336	336	1	8	375	99	96		6.59375
151	9	Re5	D5	327	327	1	8	375	95	96		6.625
152	9			-1	-1	1	8	375	100	0		6.65625
153	9	La5	A5	358	358	1	16	188	99	96		6.671875
154	9	Sol5	G5	349	349	1	16	188	99	96		6.6875
155	9	Fa5	F5	340	340	1	8	375	95	96		6.71875
156	9	Sol5	G5	349	349	1	8	375	95	96		6.75
157	9	La5	A5	358	358	1	2	1500	95	96		6.875
158	9	La5	A5	358	358	3	8	1125	95	96		6.96875
159	9			-1	-1	1	8	375	100	0		7
160	9	La5	A5	358	358	1	8	375	99	96		7.03125
161	9	Sol5	G5	349	349	1	8	375	99	96		7.0625
162	9	Fa5	F5	340	340	1	8	375	99	96		7.09375
163	9	Mi5	E5	336	336	1	4	750	99	96		7.15625
164	9	Re5	D5	327	327	1	8	375	99	96		7.1875
165	9	Mi5	E5	336	336	1	8	375	99	96		7.21875
166	9	Re5	D5	327	327	1	8	375	99	96		7.25
167	9	Do5	C5	318	318	1	8	375	95	96		7.28125
168	9	Do5	C5	318	318	1	8	375	99	96		7.3125
169	9	Re5	D5	327	327	1	8	375	99	96		7.34375
170	9	Re5	D5	327	327	1	8	375	99	96		7.375
171	9	Do5	C5	318	318	1	8	375	99	96		7.40625
172	8	Re5	D5	327	327	1	8	375	99	96		7.4375
173	9	Do5	C5	318	318	1	8	375	99	96		7.46875
174	9	Si4b1	B4b1	313	313	1	8	375	95	96		7.5
175	9			-1	-1	1	4	750	100	0		7.5625
176	9	Do5	C5	318	318	1	8	375	99	96		7.59375
177	9	Re5	D5	327	327	1	8	375	99	96		7.625
178	9	Re5	D5	327	327	1	8	375	99	96		7.65625
179	9	Do5	C5	318	318	1	8	375	99	96		7.6875
180	8	Re5	D5	327	327	1	8	375	99	96		7.71875
181	9	Do5	C5	318	318	1	8	375	99	96		7.75
182	9	Si4b1	B4b1	313	313	1	8	375	99	96		7.78125
183	9	La4	A4	305	305	1	2	1500	99	96		7.90625
184	9	Si4b1	B4b1	313	313	1	8	375	99	96		7.9375
185	9	Do5	C5	318	318	1	8	375	99	96		7.96875
186	9	Si4b1	B4b1	313	313	1	4	750	95	96		8.03125
187	9	Do5	C5	318	318	1	8	375	99	96		8.0625
188	9	Re5	D5	327	327	1	8	375	99	96		8.09375
189	9	Do5	C5	318	318	1	8	375	99	96		8.125
190	9	Si4b1	B4b1	313	313	1	8	375	95	96		8.15625
191	8	Re5	D5	327	327	1	8	375	95	96		8.1875
192	9	Do5	C5	318	318	1	8	375	99	96		8.21875
193	9	Si4b1	B4b1	313	313	1	8	375	99	96		8.25
194	9	Do5	C5	318	318	1	4	750	95	96		8.3125
195	9			-1	-1	1	4	750	100	0		8.375
196	9	Si4b1	B4b1	313	313	1	8	375	99	96		8.40625
197	9	Do5	C5	318	318	1	8	375	99	96		8.4375
198	9	Re5	D5	327	327	1	4	750	99	96		8.5
199	9	Do5	C5	318	318	1	4	750	99	96		8.5625
200	9	Si4b1	B4b1	313	313	1	4	750	99	96		8.625
201	8	Re5	D5	327	327	1	8	375	99	96		8.65625
202	9	Do5	C5	318	318	1	8	375	99	96		8.6875
203	9	Si4b1	B4b1	313	313	1	8	375	99	96		8.71875
204	9	La4	A4	305	305	1	4	750	99	96		8.78125
205	9	La4	A4	305	305	1	4	750	95	96		8.84375
206	9	Sol4	G4	296	296	1	4	750	99	96		8.90625
207	9	La4	A4	305	305	1	4	750	99	96		8.96875
208	9	La4	A4	305	305	1	2	1500	95	96		9.09375
209	9	La5	A5	358	358	3	16	562	95	96		9.140625
210	9	Sol5	G5	349	349	1	16	188	95	96		9.15625
211	9	Fa5#4	F5#4	344	344	1	8	375	95	96		9.1875
212	9	Sol5	G5	349	349	1	8	375	95	96		9.21875
213	9	La5	A5	358	358	1	2	1500	95	96		9.34375
214	9	Sol5	G5	349	349	1	4	750	99	96		9.40625
215	9	La5	A5	358	358	1	4	750	99	96		9.46875
216	9	La5	A5	358	358	1	4	750	95	96		9.53125
217	9	La5	A5	358	358	1	4	750	95	96		9.59375
218	9	Sol5	G5	349	349	1	4	750	95	96		9.65625
219	9	Fa5#4	F5#4	344	344	1	4	750	95	96		9.71875
220	9	Sol5	G5	349	349	1	8	375	99	96		9.75
221	9	La5	A5	358	358	1	8	375	99	96		9.78125
222	9	Sol5	G5	349	349	1	8	375	99	96		9.8125
223	9	La5	A5	358	358	1	8	375	95	96		9.84375
224	9	La5	A5	358	358	1	2	1500	95	96		9.96875
225	9	La5	A5	358	358	3	8	1125	95	96		10.0625
226	9			-1	-1	1	8	375	100	0		10.09375
227	9			-1	-1	1	8	375	100	0		10.125
228	9	La5	A5	358	358	1	4	750	99	96		10.1875
229	9	Si5b1	B5b1	366	366	1	8	375	99	96		10.21875
230	9	Si5b1	B5b1	366	366	1	8	375	99	96		10.25
231	9	La5	A5	358	358	1	8	375	99	96		10.28125
232	9	Sol5	G5	349	349	1	8	375	99	96		10.3125
233	9	Fa5#4	F5#4	344	344	1	8	375	99	96		10.34375
234	9	Sol5	G5	349	349	1	4	750	95	96		10.40625
235	9	La5	A5	358	358	1	8	375	99	96		10.4375
236	9	Sol5	G5	349	349	1	8	375	99	96		10.46875
237	9	La5	A5	358	358	1	4	750	99	96		10.53125
238	9	Si5b1	B5b1	366	366	1	4	750	95	96		10.59375
239	9			-1	-1	1	8	375	100	0		10.625
240	9	Do6	C6	371	371	1	4	750	99	96		10.6875
241	9	Re6	D6	380	380	1	8	375	99	96		10.71875
242	9	Do6	C6	371	371	1	4	750	99	96		10.78125
243	9	Si5b1	B5b1	366	366	1	4	750	99	96		10.84375
244	9	La5	A5	358	358	1	2	1500	99	96		10.96875
245	9	Si5b1	B5b1	366	366	1	8	375	99	96		11
246	9	Do6	C6	371	371	1	8	375	99	96		11.03125
247	9	Si5b1	B5b1	366	366	1	4	750	95	96		11.09375
248	9	Do6	C6	371	371	1	8	375	99	96		11.125
249	9	Re6	D6	380	380	1	8	375	99	96		11.15625
250	9	Do6	C6	371	371	1	8	375	99	96		11.1875
251	9	Si5b1	B5b1	366	366	1	8	375	95	96		11.21875
252	8	Re6	D6	380	380	1	8	375	95	96		11.25
253	9	Do6	C6	371	371	1	8	375	99	96		11.28125
254	9	Si5b1	B5b1	366	366	1	8	375	99	96		11.3125
255	9	Do6	C6	371	371	1	4	750	95	96		11.375
256	9			-1	-1	1	4	750	100	0		11.4375
257	9	Si5b1	B5b1	366	366	1	8	375	99	96		11.46875
258	9	Do6	C6	371	371	1	8	375	99	96		11.5
259	9	Re6	D6	380	380	1	4	750	99	96		11.5625
260	9	Do6	C6	371	371	1	4	750	99	96		11.625
261	9	Si5b1	B5b1	366	366	1	4	750	99	96		11.6875
262	8	Re6	D6	380	380	1	8	375	99	96		11.71875
263	9	Do6	C6	371	371	1	8	375	99	96		11.75
264	9	Si5b1	B5b1	366	366	1	8	375	99	96		11.78125
265	9	La5	A5	358	358	1	4	750	95	96		11.84375
266	9	La5	A5	358	358	1	4	750	95	96		11.90625
267	9	Sol5	G5	349	349	1	4	750	99	96		11.96875
268	9	La5	A5	358	358	1	4	750	99	96		12.03125
269	9	La5	A5	358	358	1	2	1500	99	96		12.15625
270	8	La5	A5	358	358	1	8	375	99	96		12.1875
271	9	Sol5	G5	349	349	3	16	562	99	96		12.23438
272	9	Fa5#4	F5#4	344	344	1	16	188	99	96		12.25
273	9	Sol5	G5	349	349	1	8	375	99	96		12.28125
274	9	La5	A5	358	358	1	8	375	99	96		12.3125
275	9	Sol5	G5	349	349	1	8	375	99	96		12.34375
276	8	Si5b1	B5b1	366	366	1	8	375	99	96		12.375
277	9	La5	A5	358	358	1	8	375	99	96		12.40625
278	9	Sol5	G5	349	349	1	8	375	99	96		12.4375
279	9	Fa5#4	F5#4	344	344	1	8	375	99	96		12.46875
280	9	Sol5	G5	349	349	1	8	375	99	96		12.5
281	9	Do6	C6	371	371	1	8	375	99	96		12.53125
282	9	Si5b1	B5b1	366	366	1	8	375	99	96		12.5625
283	9	La5	A5	358	358	1	8	375	99	96		12.59375
284	9	Si5b1	B5b1	366	366	1	8	375	99	96		12.625
285	9	La5	A5	358	358	1	8	375	99	96		12.65625
286	9	Sol5	G5	349	349	1	8	375	95	96		12.6875
287	9	Fa5#4	F5#4	344	344	1	8	375	95	96		12.71875
288	9	Mi5	E5	336	336	1	8	375	99	96		12.75
289	9	Fa5	F5	340	340	1	8	375	99	96		12.78125
290	9	Mi5	E5	336	336	1	8	375	99	96		12.8125
291	9	Re5	D5	327	327	1	8	375	95	96		12.84375
292	9			-1	-1	1	8	375	100	0		12.875
293	9	La5	A5	358	358	1	16	188	99	96		12.89063
294	9	Sol5	G5	349	349	1	16	188	99	96		12.90625
295	9	Fa5	F5	340	340	1	8	375	95	96		12.9375
296	9	Sol5	G5	349	349	1	8	375	95	96		12.96875
297	9	La5	A5	358	358	1	2	1500	95	96		13.09375
298	9	La5	A5	358	358	3	8	1125	95	96		13.1875
299	9			-1	-1	1	8	375	100	0		13.21875
300	9			-1	-1	1	8	375	100	0		13.25
301	9	La5	A5	358	358	1	4	750	99	96		13.3125
302	9	Si5b1	B5b1	366	366	1	8	375	99	96		13.34375
303	9	Si5b1	B5b1	366	366	1	8	375	99	96		13.375
304	9	La5	A5	358	358	1	8	375	99	96		13.40625
305	9	Sol5	G5	349	349	1	8	375	99	96		13.4375
306	9	Fa5#4	F5#4	344	344	1	8	375	99	96		13.46875
307	9	Sol5	G5	349	349	1	4	750	95	96		13.53125
308	9	La5	A5	358	358	1	8	375	99	96		13.5625
309	9	Sol5	G5	349	349	1	8	375	99	96		13.59375
310	9	La5	A5	358	358	1	4	750	99	96		13.65625
311	9	Si5b1	B5b1	366	366	1	4	750	95	96		13.71875
312	9			-1	-1	1	8	375	100	0		13.75
313	9	Do6	C6	371	371	1	4	750	99	96		13.8125
314	9	Re6	D6	380	380	1	8	375	99	96		13.84375
315	9	Do6	C6	371	371	1	4	750	99	96		13.90625
316	9	Si5b1	B5b1	366	366	1	4	750	99	96		13.96875
317	9	La5	A5	358	358	1	2	1500	99	96		14.09375
318	9	Si5b1	B5b1	366	366	1	8	375	99	96		14.125
319	9	Do6	C6	371	371	1	8	375	99	96		14.15625
320	9	Si5b1	B5b1	366	366	1	4	750	95	96		14.21875
321	9	Do6	C6	371	371	1	8	375	99	96		14.25
322	9	Re6	D6	380	380	1	8	375	99	96		14.28125
323	9	Do6	C6	371	371	1	8	375	99	96		14.3125
324	9	Si5b1	B5b1	366	366	1	8	375	95	96		14.34375
325	8	Re6	D6	380	380	1	8	375	95	96		14.375
326	9	Do6	C6	371	371	1	8	375	99	96		14.40625
327	9	Si5b1	B5b1	366	366	1	8	375	99	96		14.4375
328	9	Do6	C6	371	371	1	4	750	95	96		14.5
329	9			-1	-1	1	4	750	100	0		14.5625
330	9	Si5b1	B5b1	366	366	1	8	375	99	96		14.59375
331	9	Do6	C6	371	371	1	8	375	99	96		14.625
332	9	Re6	D6	380	380	1	4	750	99	96		14.6875
333	9	Do6	C6	371	371	1	4	750	99	96		14.75
334	9	Si5b1	B5b1	366	366	1	4	750	99	96		14.8125
335	8	Re6	D6	380	380	1	8	375	99	96		14.84375
336	9	Do6	C6	371	371	1	8	375	99	96		14.875
337	9	Si5b1	B5b1	366	366	1	8	375	99	96		14.90625
338	9	La5	A5	358	358	1	4	750	95	96		14.96875
339	9	La5	A5	358	358	1	4	750	95	96		15.03125
340	9	Sol5	G5	349	349	1	4	750	99	96		15.09375
341	9	La5	A5	358	358	1	4	750	99	96		15.15625
342	9	La5	A5	358	358	1	2	1500	99	96		15.28125
343	9	La5	A5	358	358	1	8	375	99	96		15.3125
344	9	Sol5	G5	349	349	3	16	562	99	96		15.35938
345	9	Fa5#4	F5#4	344	344	1	16	188	99	96		15.375
346	9	Sol5	G5	349	349	1	8	375	99	96		15.40625
347	9	La5	A5	358	358	1	8	375	99	96		15.4375
348	9	Sol5	G5	349	349	1	8	375	99	96		15.46875
349	8	Si5b1	B5b1	366	366	1	8	375	99	96		15.5
350	9	La5	A5	358	358	1	8	375	99	96		15.53125
351	9	Sol5	G5	349	349	1	8	375	99	96		15.5625
352	9	Fa5#4	F5#4	344	344	1	8	375	99	96		15.59375
353	9	Sol5	G5	349	349	1	8	375	99	96		15.625
354	9	Do6	C6	371	371	1	8	375	99	96		15.65625
355	9	Si5b1	B5b1	366	366	1	8	375	99	96		15.6875
356	9	La5	A5	358	358	1	8	375	99	96		15.71875
357	9	Si5b1	B5b1	366	366	1	8	375	99	96		15.75
358	9	La5	A5	358	358	1	8	375	99	96		15.78125
359	9	Sol5	G5	349	349	1	8	375	95	96		15.8125
360	9	Fa5#4	F5#4	344	344	1	8	375	95	96		15.84375
361	9	Mi5	E5	336	336	1	8	375	99	96		15.875
362	9	Fa5	F5	340	340	1	8	375	99	96		15.90625
363	9	Mi5	E5	336	336	1	8	375	99	96		15.9375
364	9	Re5	D5	327	327	1	8	375	95	96		15.96875
365	9			-1	-1	1	8	375	100	0		16
366	9	La5	A5	358	358	1	16	188	99	96		16.01563
367	9	Sol5	G5	349	349	1	16	188	99	96		16.03125
368	9	Fa5	F5	340	340	1	8	375	95	96		16.0625
369	9	Sol5	G5	349	349	1	8	375	95	96		16.09375
370	9	La5	A5	358	358	1	2	1500	95	96		16.21875
371	9	La5	A5	358	358	3	8	1125	95	96		16.3125
372	9			-1	-1	1	8	375	100	0		16.34375
373	9	La5	A5	358	358	1	8	375	99	96		16.375
374	9	Sol5	G5	349	349	1	8	375	99	96		16.40625
375	9	Fa5	F5	340	340	1	8	375	99	96		16.4375
376	9	Mi5	E5	336	336	1	4	750	99	96		16.5
377	9	Re5	D5	327	327	1	8	375	99	96		16.53125
378	9	Mi5	E5	336	336	1	8	375	99	96		16.5625
379	9	Re5	D5	327	327	1	8	375	99	96		16.59375
380	9	Do5	C5	318	318	1	8	375	95	96		16.625
381	9	Do5	C5	318	318	1	8	375	99	96		16.65625
382	9	Re5	D5	327	327	1	8	375	99	96		16.6875
383	9	Re5	D5	327	327	1	8	375	99	96		16.71875
384	9	Do5	C5	318	318	1	8	375	99	96		16.75
385	8	Re5	D5	327	327	1	8	375	99	96		16.78125
386	9	Do5	C5	318	318	1	8	375	99	96		16.8125
387	9	Si4b1	B4b1	313	313	1	8	375	95	96		16.84375
388	9			-1	-1	1	4	750	100	0		16.90625
389	9	Do5	C5	318	318	1	8	375	99	96		16.9375
390	9	Re5	D5	327	327	1	8	375	99	96		16.96875
391	9	Re5	D5	327	327	1	8	375	99	96		17
392	9	Do5	C5	318	318	1	8	375	99	96		17.03125
393	8	Re5	D5	327	327	1	8	375	99	96		17.0625
394	9	Do5	C5	318	318	1	8	375	99	96		17.09375
395	9	Si4b1	B4b1	313	313	1	8	375	99	96		17.125
396	9	La4	A4	305	305	1	2	1500	99	96		17.25
397	9	Si4b1	B4b1	313	313	1	8	375	99	96		17.28125
398	9	Do5	C5	318	318	1	8	375	99	96		17.3125
399	9	Si4b1	B4b1	313	313	1	4	750	95	96		17.375
400	9	Do5	C5	318	318	1	8	375	99	96		17.40625
401	9	Re5	D5	327	327	1	8	375	99	96		17.4375
402	9	Do5	C5	318	318	1	8	375	99	96		17.46875
403	9	Si4b1	B4b1	313	313	1	8	375	95	96		17.5
404	8	Re5	D5	327	327	1	8	375	95	96		17.53125
405	9	Do5	C5	318	318	1	8	375	99	96		17.5625
406	9	Si4b1	B4b1	313	313	1	8	375	99	96		17.59375
407	9	Do5	C5	318	318	1	4	750	95	96		17.65625
408	9			-1	-1	1	4	750	100	0		17.71875
409	9	Si4b1	B4b1	313	313	1	8	375	99	96		17.75
410	9	Do5	C5	318	318	1	8	375	99	96		17.78125
411	9	Re5	D5	327	327	1	4	750	99	96		17.84375
412	9	Do5	C5	318	318	1	4	750	99	96		17.90625
413	9	Si4b1	B4b1	313	313	1	4	750	99	96		17.96875
414	8	Re5	D5	327	327	1	8	375	99	96		18
415	9	Do5	C5	318	318	1	8	375	99	96		18.03125
416	9	Si4b1	B4b1	313	313	1	8	375	99	96		18.0625
417	9	La4	A4	305	305	1	4	750	99	96		18.125
418	9	La4	A4	305	305	1	4	750	95	96		18.1875
419	9	Sol4	G4	296	296	1	4	750	99	96		18.25
420	9	La4	A4	305	305	1	4	750	99	96		18.3125
421	9	La4	A4	305	305	1	2	1500	95	96		18.4375
422	9	Re6b4	D6b4	376	376	3	16	562	95	96		18.48438
423	9	Do6	C6	371	371	1	16	188	95	96		18.5
424	9	Si5b1	B5b1	366	366	1	8	375	95	96		18.53125
425	9	Re6b4	D6b4	376	376	1	8	375	95	96		18.5625
426	9	Do6	C6	371	371	1	2	1500	95	96		18.6875
427	9	Si5b1	B5b1	366	366	1	4	750	99	96		18.75
428	9	Do6	C6	371	371	1	4	750	99	96		18.8125
429	9	Do6	C6	371	371	1	4	750	95	96		18.875
430	9	Do6	C6	371	371	1	4	750	95	96		18.9375
431	9	Sol5	G5	349	349	1	2	1500	95	96		19.0625
432	9	Do6	C6	371	371	1	2	1500	95	96		19.1875
433	9	Re6b4	D6b4	376	376	3	16	562	99	96		19.23438
434	9	Do6	C6	371	371	1	16	188	99	96		19.25
435	9	Si5b1	B5b1	366	366	1	8	375	99	96		19.28125
436	9	Do6	C6	371	371	1	8	375	99	96		19.3125
437	9	Si5b1	B5b1	366	366	1	4	750	99	96		19.375
438	9	Re6b4	D6b4	376	376	1	4	750	95	96		19.4375
439	9	Re6b4	D6b4	376	376	3	16	562	99	96		19.48438
440	9	Do6	C6	371	371	1	16	188	99	96		19.5
441	9	Si5b1	B5b1	366	366	1	8	375	99	96		19.53125
442	9	Do6	C6	371	371	1	8	375	99	96		19.5625
443	9	Si5b1	B5b1	366	366	1	8	375	99	96		19.59375
444	9	Re6b4	D6b4	376	376	1	8	375	99	96		19.625
445	9	Do6	C6	371	371	1	4	750	95	96		19.6875
446	9			-1	-1	1	4	750	100	0		19.75
447	9	Do6	C6	371	371	1	8	375	99	96		19.78125
448	9	Do6	C6	371	371	1	8	375	99	96		19.8125
449	9	Do6	C6	371	371	1	4	750	99	96		19.875
450	9	Re6b4	D6b4	376	376	1	4	750	95	96		19.9375
451	9			-1	-1	1	8	375	100	0		19.96875
452	9	Do6	C6	371	371	1	4	750	99	96		20.03125
453	9	Re6b4	D6b4	376	376	1	8	375	99	96		20.0625
454	9	Do6	C6	371	371	1	4	750	99	96		20.125
455	9	Re6b4	D6b4	376	376	1	4	750	99	96		20.1875
456	9	Do6	C6	371	371	1	4	750	99	96		20.25
457	8	Re6b4	D6b4	376	376	1	8	375	99	96		20.28125
458	9	Si5b1	B5b1	366	366	1	8	375	99	96		20.3125
459	9	La5	A5	358	358	1	8	375	99	96		20.34375
460	9	Si5b1	B5b1	366	366	1	8	375	99	96		20.375
461	9	Do6	C6	371	371	1	8	375	99	96		20.40625
462	9	Si5b1	B5b1	366	366	1	4	750	95	96		20.46875
463	9			-1	-1	1	4	750	100	0		20.53125
464	9	Do6	C6	371	371	1	8	375	99	96		20.5625
465	9	Re6b4	D6b4	376	376	1	8	375	99	96		20.59375
466	9	Do6	C6	371	371	1	4	750	95	96		20.65625
467	9	Re6b4	D6b4	376	376	1	8	375	99	96		20.6875
468	9	Mi6	E6	389	389	1	8	375	95	96		20.71875
469	9	Re6b4	D6b4	376	376	1	4	750	99	96		20.78125
470	9	Do6	C6	371	371	1	4	750	99	96		20.84375
471	9	Do6	C6	371	371	1	4	750	99	96		20.90625
472	8	Re6b4	D6b4	376	376	1	8	375	99	96		20.9375
473	9	Do6	C6	371	371	1	8	375	99	96		20.96875
474	9	Si5b1	B5b1	366	366	1	8	375	99	96		21
475	9	Si5b1	B5b1	366	366	1	8	375	99	96		21.03125
476	9	La5	A5	358	358	1	8	375	99	96		21.0625
477	9	La5	A5	358	358	1	8	375	99	96		21.09375
478	9	Sol5	G5	349	349	1	8	375	99	96		21.125
479	9	Re6b4	D6b4	376	376	3	16	562	99	96		21.17188
480	9	Do6	C6	371	371	1	16	188	99	96		21.1875
481	9	Re6b4	D6b4	376	376	1	8	375	99	96		21.21875
482	9	Mi6	E6	389	389	1	8	375	95	96		21.25
483	9	Re6b4	D6b4	376	376	3	16	562	95	96		21.29688
484	9	Do6	C6	371	371	1	16	188	95	96		21.3125
485	9	Si5b1	B5b1	366	366	1	8	375	95	96		21.34375
486	9	Do6	C6	371	371	1	8	375	95	96		21.375
487	9	Si5b1	B5b1	366	366	1	8	375	95	96		21.40625
488	9	Do6	C6	371	371	1	8	375	95	96		21.4375
489	9	Re6b4	D6b4	376	376	1	8	375	95	96		21.46875
490	9	Re6b4	D6b4	376	376	1	16	188	95	96		21.48438
491	9	Do6	C6	371	371	1	16	188	95	96		21.5
492	9	Do6	C6	371	371	1	2	1500	95	96		21.625
493	9	Re6	D6	380	380	1	4	750	95	96		21.6875
494	9	Mi6	E6	389	389	1	4	750	95	96		21.75
495	9	Re6	D6	380	380	1	4	750	99	96		21.8125
496	9	Mi6	E6	389	389	1	4	750	99	96		21.875
497	9	Mi6	E6	389	389	1	4	750	95	96		21.9375
498	9	Mi6	E6	389	389	1	4	750	95	96		22
499	9	Re6	D6	380	380	1	4	750	95	96		22.0625
500	9	Do6	C6	371	371	1	4	750	95	96		22.125
501	9	Re6	D6	380	380	1	8	375	99	96		22.15625
502	9	Mi6	E6	389	389	1	8	375	99	96		22.1875
503	9	Re6	D6	380	380	1	8	375	99	96		22.21875
504	9	Mi6	E6	389	389	1	8	375	95	96		22.25
505	9	Mi6	E6	389	389	1	2	1500	99	96		22.375
506	9	Mi6	E6	389	389	1	8	375	99	96		22.40625
507	9	Fa6	F6	393	393	1	8	375	99	96		22.4375
508	9	Mi6	E6	389	389	1	8	375	99	96		22.46875
509	9	Re6	D6	380	380	1	8	375	95	96		22.5
510	9	Mi6	E6	389	389	3	16	562	99	96		22.54688
511	9	Re6	D6	380	380	1	16	188	99	96		22.5625
512	9	Do6	C6	371	371	1	8	375	99	96		22.59375
513	9	Re6	D6	380	380	1	8	375	99	96		22.625
514	9	Do6	C6	371	371	1	8	375	99	96		22.65625
515	9	Re6	D6	380	380	1	8	375	99	96		22.6875
516	9	Mi6	E6	389	389	1	4	750	95	96		22.75
517	9			-1	-1	1	4	750	100	0		22.8125
518	9	Re6	D6	380	380	1	8	375	99	96		22.84375
519	9	Mi6	E6	389	389	1	8	375	99	96		22.875
520	9	Fa6	F6	393	393	1	4	750	99	96		22.9375
521	9	Mi6	E6	389	389	1	8	375	99	96		22.96875
522	9	Re6	D6	380	380	1	8	375	95	96		23
523	9	Mi6	E6	389	389	1	8	375	99	96		23.03125
524	9	Re6	D6	380	380	1	8	375	99	96		23.0625
525	9	Re6	D6	380	380	1	8	375	99	96		23.09375
526	9	Do6	C6	371	371	1	8	375	99	96		23.125
527	8	Mi6	E6	389	389	1	8	375	99	96		23.15625
528	9	Re6	D6	380	380	1	8	375	99	96		23.1875
529	9	Do6	C6	371	371	1	8	375	99	96		23.21875
530	9	Re6	D6	380	380	1	4	750	99	96		23.28125
531	9	Re6	D6	380	380	1	8	375	95	96		23.3125
532	9			-1	-1	1	8	375	100	0		23.34375
533	9	Do6	C6	371	371	1	8	375	99	96		23.375
534	9	Re6	D6	380	380	1	8	375	99	96		23.40625
535	9	Mi6	E6	389	389	1	4	750	99	96		23.46875
536	9	Re6	D6	380	380	1	8	375	99	96		23.5
537	9	Do6	C6	371	371	1	8	375	95	96		23.53125
538	9	Re6	D6	380	380	1	8	375	99	96		23.5625
539	9	Do6	C6	371	371	1	8	375	99	96		23.59375
540	9	Do6	C6	371	371	1	8	375	95	96		23.625
541	9	Si5b1	B5b1	366	366	1	8	375	95	96		23.65625
542	8	Re6	D6	380	380	1	8	375	95	96		23.6875
543	9	Do6	C6	371	371	1	8	375	99	96		23.71875
544	9	Si5b1	B5b1	366	366	1	8	375	99	96		23.75
545	9	Do6	C6	371	371	1	4	750	95	96		23.8125
546	9			-1	-1	1	4	750	100	0		23.875
547	9	Si5b1	B5b1	366	366	1	8	375	99	96		23.90625
548	9	Do6	C6	371	371	1	8	375	99	96		23.9375
549	9	Re6	D6	380	380	1	4	750	99	96		24
550	9	Do6	C6	371	371	1	4	750	99	96		24.0625
551	9	Si5b1	B5b1	366	366	1	4	750	99	96		24.125
552	9	Do6	C6	371	371	1	8	375	99	96		24.15625
553	8	Re6	D6	380	380	1	8	375	99	96		24.1875
554	9	Do6	C6	371	371	1	16	188	99	96		24.20313
555	9	Si5b1	B5b1	366	366	1	16	188	99	96		24.21875
556	9	Si5b1	B5b1	366	366	1	4	750	95	96		24.28125
557	9	Si5b1	B5b1	366	366	1	4	750	95	96		24.34375
558	9	La5#4	A5#4	362	362	1	4	750	99	96		24.40625
559	9	Si5b1	B5b1	366	366	1	4	750	99	96		24.46875
560	9	Si5b1	B5b1	366	366	1	2	1500	99	96		24.59375
561	9	Si5b1	B5b1	366	366	1	2	1500	99	96		24.71875
562	9	Si5b1	B5b1	366	366	1	4	750	99	96		24.78125
563	9	Re6	D6	380	380	1	4	750	99	96		24.84375
564	9	Re6	D6	380	380	1	8	375	99	96		24.875
565	9	Do6	C6	371	371	1	4	750	99	96		24.9375
566	9	Re6	D6	380	380	1	8	375	99	96		24.96875
567	9	Re6	D6	380	380	1	8	375	99	96		25
568	9	Do6	C6	371	371	1	4	750	95	96		25.0625
569	9	Si5b1	B5b1	366	366	1	8	375	95	96		25.09375
570	9	La5	A5	358	358	1	8	375	99	96		25.125
571	9	Si5b1	B5b1	366	366	1	8	375	99	96		25.15625
572	9	La5	A5	358	358	1	8	375	99	96		25.1875
573	9	Sol5	G5	349	349	1	8	375	95	96		25.21875
574	9			-1	-1	1	8	375	100	0		25.25
575	9	La5	A5	358	358	1	16	188	99	96		25.26563
576	9	Si5b1	B5b1	366	366	1	16	188	99	96		25.28125
577	9	La5	A5	358	358	1	8	375	95	96		25.3125
578	9	Si5b1	B5b1	366	366	1	8	375	95	96		25.34375
579	9	Do6	C6	371	371	1	8	375	99	96		25.375
580	9	Re6	D6	380	380	1	8	375	99	96		25.40625
581	9	Do6	C6	371	371	1	8	375	99	96		25.4375
582	9	Re6	D6	380	380	1	8	375	99	96		25.46875
583	9	Do6	C6	371	371	1	8	375	99	96		25.5
584	9	Mi6	E6	389	389	1	8	375	99	96		25.53125
585	9	Re6	D6	380	380	1	8	375	99	96		25.5625
586	9	Do6	C6	371	371	1	8	375	95	96		25.59375
587	8	Mi6	E6	389	389	1	8	375	95	96		25.625
588	9	Re6	D6	380	380	1	8	375	99	96		25.65625
589	9	Do6	C6	371	371	1	8	375	99	96		25.6875
590	9	Si5b1	B5b1	366	366	1	8	375	99	96		25.71875
591	9	La5	A5	358	358	1	8	375	99	96		25.75
592	9	La5	A5	358	358	1	4	750	99	96		25.8125
593	9	Re6	D6	380	380	1	4	750	95	96		25.875
594	9			-1	-1	1	4	750	100	0		25.9375
595	9	Do6	C6	371	371	1	8	375	99	96		25.96875
596	9	Re6	D6	380	380	1	8	375	99	96		26
597	9	Mi6	E6	389	389	1	4	750	99	96		26.0625
598	9	Re6	D6	380	380	1	8	375	99	96		26.09375
599	9	Do6	C6	371	371	1	8	375	95	96		26.125
600	9	Re6	D6	380	380	1	8	375	99	96		26.15625
601	9	Do6	C6	371	371	1	8	375	99	96		26.1875
602	8	Re6	D6	380	380	1	8	375	99	96		26.21875
603	9	Do6	C6	371	371	1	8	375	99	96		26.25
604	9	Si5b1	B5b1	366	366	1	8	375	99	96		26.28125
605	8	Re6	D6	380	380	1	8	375	99	96		26.3125
606	9	Do6	C6	371	371	1	8	375	99	96		26.34375
607	9	Si5b1	B5b1	366	366	1	8	375	99	96		26.375
608	9	Do6	C6	371	371	1	4	750	99	96		26.4375
609	9	Do6	C6	371	371	1	8	375	99	96		26.46875
610	9			-1	-1	1	8	375	100	0		26.5
611	9	Si5b1	B5b1	366	366	1	8	375	99	96		26.53125
612	9	Do6	C6	371	371	1	8	375	99	96		26.5625
613	9	Re6	D6	380	380	1	4	750	99	96		26.625
614	9	Do6	C6	371	371	1	8	375	99	96		26.65625
615	9	Si5b1	B5b1	366	366	1	8	375	95	96		26.6875
616	9	Si5b1	B5b1	366	366	1	4	750	95	96		26.75
617	9	La5	A5	358	358	1	4	750	95	96		26.8125
618	9	Si5b1	B5b1	366	366	1	2	1500	95	96		26.9375
619	9			-1	-1	1	4	750	100	0		27
620	9	La5	A5	358	358	1	8	375	99	96		27.03125
621	9	Si5b1	B5b1	366	366	1	8	375	99	96		27.0625
622	9	Do6	C6	371	371	1	4	750	99	96		27.125
623	8	Re6	D6	380	380	1	8	375	99	96		27.15625
624	9	Do6	C6	371	371	1	8	375	99	96		27.1875
625	9	Si5b1	B5b1	366	366	1	8	375	99	96		27.21875
626	9	Si5b1	B5b1	366	366	1	8	375	99	96		27.25
627	9	Do6	C6	371	371	1	8	375	99	96		27.28125
628	9	Si5b1	B5b1	366	366	1	8	375	99	96		27.3125
629	9	La5	A5	358	358	1	8	375	99	96		27.34375
630	9	La5	A5	358	358	1	4	750	99	96		27.40625
631	9	La5	A5	358	358	1	4	750	95	96		27.46875
632	9	Sol5	G5	349	349	1	4	750	99	96		27.53125
633	9	La5	A5	358	358	1	4	750	99	96		27.59375
634	9	La5	A5	358	358	1	2	1500	95	96		27.71875
635	9	La5	A5	358	358	3	16	562	95	96		27.76563
636	9	Sol5	G5	349	349	1	16	188	95	96		27.78125
637	9	Fa5#4	F5#4	344	344	1	8	375	95	96		27.8125
638	9	Sol5	G5	349	349	1	8	375	95	96		27.84375
639	9	La5	A5	358	358	1	2	1500	95	96		27.96875
640	9	Sol5	G5	349	349	1	4	750	99	96		28.03125
641	9	La5	A5	358	358	1	4	750	99	96		28.09375
642	9	La5	A5	358	358	1	4	750	95	96		28.15625
643	9	La5	A5	358	358	1	4	750	95	96		28.21875
644	9	Sol5	G5	349	349	1	4	750	95	96		28.28125
645	9	Fa5#4	F5#4	344	344	1	4	750	95	96		28.34375
646	9	Sol5	G5	349	349	1	8	375	99	96		28.375
647	9	La5	A5	358	358	1	8	375	99	96		28.40625
648	9	Sol5	G5	349	349	1	8	375	99	96		28.4375
649	9	La5	A5	358	358	1	8	375	95	96		28.46875
650	9	La5	A5	358	358	1	2	1500	95	96		28.59375
651	9	La5	A5	358	358	3	8	1125	95	96		28.6875
652	9			-1	-1	1	8	375	100	0		28.71875
653	9			-1	-1	1	8	375	100	0		28.75
654	9	La5	A5	358	358	1	4	750	99	96		28.8125
655	9	Si5b1	B5b1	366	366	1	8	375	99	96		28.84375
656	9	Si5b1	B5b1	366	366	1	8	375	99	96		28.875
657	9	La5	A5	358	358	1	8	375	99	96		28.90625
658	9	Sol5	G5	349	349	1	8	375	99	96		28.9375
659	9	Fa5#4	F5#4	344	344	1	8	375	99	96		28.96875
660	9	Sol5	G5	349	349	1	4	750	95	96		29.03125
661	9	La5	A5	358	358	1	8	375	99	96		29.0625
662	9	Sol5	G5	349	349	1	8	375	99	96		29.09375
663	9	La5	A5	358	358	1	4	750	99	96		29.15625
664	9	Si5b1	B5b1	366	366	1	4	750	95	96		29.21875
665	9			-1	-1	1	8	375	100	0		29.25
666	9	Do6	C6	371	371	1	4	750	99	96		29.3125
667	9	Re6	D6	380	380	1	8	375	99	96		29.34375
668	9	Do6	C6	371	371	1	4	750	99	96		29.40625
669	9	Si5b1	B5b1	366	366	1	4	750	99	96		29.46875
670	9	La5	A5	358	358	1	2	1500	99	96		29.59375
671	9	Si5b1	B5b1	366	366	1	8	375	99	96		29.625
672	9	Do6	C6	371	371	1	8	375	99	96		29.65625
673	9	Si5b1	B5b1	366	366	1	4	750	95	96		29.71875
674	9	Do6	C6	371	371	1	8	375	99	96		29.75
675	9	Re6	D6	380	380	1	8	375	99	96		29.78125
676	9	Do6	C6	371	371	1	8	375	99	96		29.8125
677	9	Si5b1	B5b1	366	366	1	8	375	95	96		29.84375
678	8	Re6	D6	380	380	1	8	375	95	96		29.875
679	9	Do6	C6	371	371	1	8	375	99	96		29.90625
680	9	Si5b1	B5b1	366	366	1	8	375	99	96		29.9375
681	9	Do6	C6	371	371	1	4	750	95	96		30
682	9			-1	-1	1	4	750	100	0		30.0625
683	9	Si5b1	B5b1	366	366	1	8	375	99	96		30.09375
684	9	Do6	C6	371	371	1	8	375	99	96		30.125
685	9	Re6	D6	380	380	1	4	750	99	96		30.1875
686	9	Do6	C6	371	371	1	4	750	99	96		30.25
687	9	Si5b1	B5b1	366	366	1	4	750	99	96		30.3125
688	8	Re6	D6	380	380	1	8	375	99	96		30.34375
689	9	Do6	C6	371	371	1	8	375	99	96		30.375
690	9	Si5b1	B5b1	366	366	1	8	375	99	96		30.40625
691	9	La5	A5	358	358	1	4	750	95	96		30.46875
692	9	La5	A5	358	358	1	4	750	95	96		30.53125
693	9	Sol5	G5	349	349	1	4	750	99	96		30.59375
694	9	La5	A5	358	358	1	4	750	99	96		30.65625
695	9	La5	A5	358	358	1	2	1500	99	96		30.78125
696	8	La5	A5	358	358	1	8	375	99	96		30.8125
697	9	Sol5	G5	349	349	3	16	562	99	96		30.85938
698	9	Fa5#4	F5#4	344	344	1	16	188	99	96		30.875
699	9	Sol5	G5	349	349	1	8	375	99	96		30.90625
700	9	La5	A5	358	358	1	8	375	99	96		30.9375
701	9	Sol5	G5	349	349	1	8	375	99	96		30.96875
702	8	Si5b1	B5b1	366	366	1	8	375	99	96		31
703	9	La5	A5	358	358	1	8	375	99	96		31.03125
704	9	Sol5	G5	349	349	1	8	375	99	96		31.0625
705	9	Fa5#4	F5#4	344	344	1	8	375	99	96		31.09375
706	9	Sol5	G5	349	349	1	8	375	99	96		31.125
707	9	Do6	C6	371	371	1	8	375	99	96		31.15625
708	9	Si5b1	B5b1	366	366	1	8	375	99	96		31.1875
709	9	La5	A5	358	358	1	8	375	99	96		31.21875
710	9	Si5b1	B5b1	366	366	1	8	375	99	96		31.25
711	9	La5	A5	358	358	1	8	375	99	96		31.28125
712	9	Sol5	G5	349	349	1	8	375	95	96		31.3125
713	9	Fa5#4	F5#4	344	344	1	8	375	95	96		31.34375
714	9	Mi5	E5	336	336	1	8	375	99	96		31.375
715	9	Fa5	F5	340	340	1	8	375	99	96		31.40625
716	9	Mi5	E5	336	336	1	8	375	99	96		31.4375
717	9	Re5	D5	327	327	1	8	375	95	96		31.46875
718	9			-1	-1	1	8	375	100	0		31.5
719	9	La5	A5	358	358	1	16	188	99	96		31.51563
720	9	Sol5	G5	349	349	1	16	188	99	96		31.53125
721	9	Fa5	F5	340	340	1	8	375	95	96		31.5625
722	9	Sol5	G5	349	349	1	8	375	95	96		31.59375
723	9	La5	A5	358	358	1	2	1500	95	96		31.71875
724	9	La5	A5	358	358	3	8	1125	95	96		31.8125
725	9			-1	-1	1	8	375	100	0		31.84375
726	9			-1	-1	1	8	375	100	0		31.875
727	9	La5	A5	358	358	1	4	750	99	96		31.9375
728	9	Si5b1	B5b1	366	366	1	8	375	99	96		31.96875
729	9	Si5b1	B5b1	366	366	1	8	375	99	96		32
730	9	La5	A5	358	358	1	8	375	99	96		32.03125
731	9	Sol5	G5	349	349	1	8	375	99	96		32.0625
732	9	Fa5#4	F5#4	344	344	1	8	375	99	96		32.09375
733	9	Sol5	G5	349	349	1	4	750	95	96		32.15625
734	9	La5	A5	358	358	1	8	375	99	96		32.1875
735	9	Sol5	G5	349	349	1	8	375	99	96		32.21875
736	9	La5	A5	358	358	1	4	750	99	96		32.28125
737	9	Si5b1	B5b1	366	366	1	4	750	95	96		32.34375
738	9			-1	-1	1	8	375	100	0		32.375
739	9	Do6	C6	371	371	1	4	750	99	96		32.4375
740	9	Re6	D6	380	380	1	8	375	99	96		32.46875
741	9	Do6	C6	371	371	1	4	750	99	96		32.53125
742	9	Si5b1	B5b1	366	366	1	4	750	99	96		32.59375
743	9	La5	A5	358	358	1	2	1500	99	96		32.71875
744	9	Si5b1	B5b1	366	366	1	8	375	99	96		32.75
745	9	Do6	C6	371	371	1	8	375	99	96		32.78125
746	9	Si5b1	B5b1	366	366	1	4	750	95	96		32.84375
747	9	Do6	C6	371	371	1	8	375	99	96		32.875
748	9	Re6	D6	380	380	1	8	375	99	96		32.90625
749	9	Do6	C6	371	371	1	8	375	99	96		32.9375
750	9	Si5b1	B5b1	366	366	1	8	375	95	96		32.96875
751	8	Re6	D6	380	380	1	8	375	95	96		33
752	9	Do6	C6	371	371	1	8	375	99	96		33.03125
753	9	Si5b1	B5b1	366	366	1	8	375	99	96		33.0625
754	9	Do6	C6	371	371	1	4	750	95	96		33.125
755	9			-1	-1	1	4	750	100	0		33.1875
756	9	Si5b1	B5b1	366	366	1	8	375	99	96		33.21875
757	9	Do6	C6	371	371	1	8	375	99	96		33.25
758	9	Re6	D6	380	380	1	4	750	99	96		33.3125
759	9	Do6	C6	371	371	1	4	750	99	96		33.375
760	9	Si5b1	B5b1	366	366	1	4	750	99	96		33.4375
761	8	Re6	D6	380	380	1	8	375	99	96		33.46875
762	9	Do6	C6	371	371	1	8	375	99	96		33.5
763	9	Si5b1	B5b1	366	366	1	8	375	99	96		33.53125
764	9	La5	A5	358	358	1	4	750	95	96		33.59375
765	9	La5	A5	358	358	1	4	750	95	96		33.65625
766	9	Sol5	G5	349	349	1	4	750	99	96		33.71875
767	9	La5	A5	358	358	1	4	750	99	96		33.78125
768	9	La5	A5	358	358	1	2	1500	99	96		33.90625
769	9	La5	A5	358	358	1	8	375	99	96		33.9375
770	9	Sol5	G5	349	349	3	16	562	99	96		33.98438
771	9	Fa5#4	F5#4	344	344	1	16	188	99	96		34
772	9	Sol5	G5	349	349	1	8	375	99	96		34.03125
773	9	La5	A5	358	358	1	8	375	99	96		34.0625
774	9	Sol5	G5	349	349	1	8	375	99	96		34.09375
775	8	Si5b1	B5b1	366	366	1	8	375	99	96		34.125
776	9	La5	A5	358	358	1	8	375	99	96		34.15625
777	9	Sol5	G5	349	349	1	8	375	99	96		34.1875
778	9	Fa5#4	F5#4	344	344	1	8	375	99	96		34.21875
779	9	Sol5	G5	349	349	1	8	375	99	96		34.25
780	9	Do6	C6	371	371	1	8	375	99	96		34.28125
781	9	Si5b1	B5b1	366	366	1	8	375	99	96		34.3125
782	9	La5	A5	358	358	1	8	375	99	96		34.34375
783	9	Si5b1	B5b1	366	366	1	8	375	99	96		34.375
784	9	La5	A5	358	358	1	8	375	99	96		34.40625
785	9	Sol5	G5	349	349	1	8	375	95	96		34.4375
786	9	Fa5#4	F5#4	344	344	1	8	375	95	96		34.46875
787	9	Mi5	E5	336	336	1	8	375	99	96		34.5
788	9	Fa5	F5	340	340	1	8	375	99	96		34.53125
789	9	Mi5	E5	336	336	1	8	375	99	96		34.5625
790	9	Re5	D5	327	327	1	8	375	95	96		34.59375
791	9			-1	-1	1	8	375	100	0		34.625
792	9	La5	A5	358	358	1	16	188	99	96		34.64063
793	9	Sol5	G5	349	349	1	16	188	99	96		34.65625
794	9	Fa5	F5	340	340	1	8	375	95	96		34.6875
795	9	Sol5	G5	349	349	1	8	375	95	96		34.71875
796	9	La5	A5	358	358	1	2	1500	95	96		34.84375
797	9	La5	A5	358	358	3	8	1125	95	96		34.9375
798	9			-1	-1	1	8	375	100	0		34.96875
799	9	La5	A5	358	358	1	8	375	99	96		35
800	9	Sol5	G5	349	349	1	8	375	99	96		35.03125
801	9	Fa5	F5	340	340	1	8	375	99	96		35.0625
802	9	Mi5	E5	336	336	1	4	750	99	96		35.125
803	9	Re5	D5	327	327	1	8	375	99	96		35.15625
804	9	Mi5	E5	336	336	1	8	375	99	96		35.1875
805	9	Re5	D5	327	327	1	8	375	99	96		35.21875
806	9	Do5	C5	318	318	1	8	375	95	96		35.25
807	9	Do5	C5	318	318	1	8	375	99	96		35.28125
808	9	Re5	D5	327	327	1	8	375	99	96		35.3125
809	9	Re5	D5	327	327	1	8	375	99	96		35.34375
810	9	Do5	C5	318	318	1	8	375	99	96		35.375
811	8	Re5	D5	327	327	1	8	375	99	96		35.40625
812	9	Do5	C5	318	318	1	8	375	99	96		35.4375
813	9	Si4b1	B4b1	313	313	1	8	375	95	96		35.46875
814	9			-1	-1	1	4	750	100	0		35.53125
815	9	Do5	C5	318	318	1	8	375	99	96		35.5625
816	9	Re5	D5	327	327	1	8	375	99	96		35.59375
817	9	Re5	D5	327	327	1	8	375	99	96		35.625
818	9	Do5	C5	318	318	1	8	375	99	96		35.65625
819	8	Re5	D5	327	327	1	8	375	99	96		35.6875
820	9	Do5	C5	318	318	1	8	375	99	96		35.71875
821	9	Si4b1	B4b1	313	313	1	8	375	99	96		35.75
822	9	La4	A4	305	305	1	2	1500	99	96		35.875
823	9	Si4b1	B4b1	313	313	1	8	375	99	96		35.90625
824	9	Do5	C5	318	318	1	8	375	99	96		35.9375
825	9	Si4b1	B4b1	313	313	1	4	750	95	96		36
826	9	Do5	C5	318	318	1	8	375	99	96		36.03125
827	9	Re5	D5	327	327	1	8	375	99	96		36.0625
828	9	Do5	C5	318	318	1	8	375	99	96		36.09375
829	9	Si4b1	B4b1	313	313	1	8	375	95	96		36.125
830	8	Re5	D5	327	327	1	8	375	95	96		36.15625
831	9	Do5	C5	318	318	1	8	375	99	96		36.1875
832	9	Si4b1	B4b1	313	313	1	8	375	99	96		36.21875
833	9	Do5	C5	318	318	1	4	750	95	96		36.28125
834	9			-1	-1	1	4	750	100	0		36.34375
835	9	Si4b1	B4b1	313	313	1	8	375	99	96		36.375
836	9	Do5	C5	318	318	1	8	375	99	96		36.40625
837	9	Re5	D5	327	327	1	4	750	99	96		36.46875
838	9	Do5	C5	318	318	1	4	750	99	96		36.53125
839	9	Si4b1	B4b1	313	313	1	4	750	99	96		36.59375
840	8	Re5	D5	327	327	1	8	375	99	96		36.625
841	9	Do5	C5	318	318	1	8	375	99	96		36.65625
842	9	Si4b1	B4b1	313	313	1	8	375	99	96		36.6875
843	9	La4	A4	305	305	1	4	750	99	96		36.75
844	9	La4	A4	305	305	1	4	750	95	96		36.8125
845	9	Sol4	G4	296	296	1	4	750	99	96		36.875
846	9	La4	A4	305	305	1	4	750	99	96		36.9375
847	9	La4	A4	305	305	1	2	1500	95	96		37.0625
848	9	La5	A5	358	358	3	16	562	95	96		37.10938
849	9	Sol5	G5	349	349	1	16	188	95	96		37.125
850	9	Fa5#4	F5#4	344	344	1	8	375	95	96		37.15625
851	9	Sol5	G5	349	349	1	8	375	95	96		37.1875
852	9	La5	A5	358	358	1	2	1500	95	96		37.3125
853	9	Sol5	G5	349	349	1	4	750	99	96		37.375
854	9	La5	A5	358	358	1	4	750	99	96		37.4375
855	9	La5	A5	358	358	1	4	750	95	96		37.5
856	9	La5	A5	358	358	1	4	750	95	96		37.5625
857	9	Sol5	G5	349	349	1	4	750	95	96		37.625
858	9	Fa5#4	F5#4	344	344	1	4	750	95	96		37.6875
859	9	Sol5	G5	349	349	1	8	375	99	96		37.71875
860	9	La5	A5	358	358	1	8	375	99	96		37.75
861	9	Sol5	G5	349	349	1	8	375	99	96		37.78125
862	9	La5	A5	358	358	1	8	375	95	96		37.8125
863	9	La5	A5	358	358	1	2	1500	95	96		37.9375
864	9	La5	A5	358	358	3	8	1125	95	96		38.03125
865	9			-1	-1	1	8	375	100	0		38.0625
866	9			-1	-1	1	8	375	100	0		38.09375
867	9	La5	A5	358	358	1	4	750	99	96		38.15625
868	9	Si5b1	B5b1	366	366	1	8	375	99	96		38.1875
869	9	Si5b1	B5b1	366	366	1	8	375	99	96		38.21875
870	9	La5	A5	358	358	1	8	375	99	96		38.25
871	9	Sol5	G5	349	349	1	8	375	99	96		38.28125
872	9	Fa5#4	F5#4	344	344	1	8	375	99	96		38.3125
873	9	Sol5	G5	349	349	1	4	750	95	96		38.375
874	9	La5	A5	358	358	1	8	375	99	96		38.40625
875	9	Sol5	G5	349	349	1	8	375	99	96		38.4375
876	9	La5	A5	358	358	1	4	750	99	96		38.5
877	9	Si5b1	B5b1	366	366	1	4	750	95	96		38.5625
878	9			-1	-1	1	8	375	100	0		38.59375
879	9	Do6	C6	371	371	1	4	750	99	96		38.65625
880	9	Re6	D6	380	380	1	8	375	99	96		38.6875
881	9	Do6	C6	371	371	1	4	750	99	96		38.75
882	9	Si5b1	B5b1	366	366	1	4	750	99	96		38.8125
883	9	La5	A5	358	358	1	2	1500	99	96		38.9375
884	9	Si5b1	B5b1	366	366	1	8	375	99	96		38.96875
885	9	Do6	C6	371	371	1	8	375	99	96		39
886	9	Si5b1	B5b1	366	366	1	4	750	95	96		39.0625
887	9	Do6	C6	371	371	1	8	375	99	96		39.09375
888	9	Re6	D6	380	380	1	8	375	99	96		39.125
889	9	Do6	C6	371	371	1	8	375	99	96		39.15625
890	9	Si5b1	B5b1	366	366	1	8	375	95	96		39.1875
891	8	Re6	D6	380	380	1	8	375	95	96		39.21875
892	9	Do6	C6	371	371	1	8	375	99	96		39.25
893	9	Si5b1	B5b1	366	366	1	8	375	99	96		39.28125
894	9	Do6	C6	371	371	1	4	750	95	96		39.34375
895	9			-1	-1	1	4	750	100	0		39.40625
896	9	Si5b1	B5b1	366	366	1	8	375	99	96		39.4375
897	9	Do6	C6	371	371	1	8	375	99	96		39.46875
898	9	Re6	D6	380	380	1	4	750	99	96		39.53125
899	9	Do6	C6	371	371	1	4	750	99	96		39.59375
900	9	Si5b1	B5b1	366	366	1	4	750	99	96		39.65625
901	8	Re6	D6	380	380	1	8	375	99	96		39.6875
902	9	Do6	C6	371	371	1	8	375	99	96		39.71875
903	9	Si5b1	B5b1	366	366	1	8	375	99	96		39.75
904	9	La5	A5	358	358	1	4	750	95	96		39.8125
905	9	La5	A5	358	358	1	4	750	95	96		39.875
906	9	Sol5	G5	349	349	1	4	750	99	96		39.9375
907	9	La5	A5	358	358	1	4	750	99	96		40
908	9	La5	A5	358	358	1	2	1500	99	96		40.125
909	8	La5	A5	358	358	1	8	375	99	96		40.15625
910	9	Sol5	G5	349	349	3	16	562	99	96		40.20313
911	9	Fa5#4	F5#4	344	344	1	16	188	99	96		40.21875
912	9	Sol5	G5	349	349	1	8	375	99	96		40.25
913	9	La5	A5	358	358	1	8	375	99	96		40.28125
914	9	Sol5	G5	349	349	1	8	375	99	96		40.3125
915	8	Si5b1	B5b1	366	366	1	8	375	99	96		40.34375
916	9	La5	A5	358	358	1	8	375	99	96		40.375
917	9	Sol5	G5	349	349	1	8	375	99	96		40.40625
918	9	Fa5#4	F5#4	344	344	1	8	375	99	96		40.4375
919	9	Sol5	G5	349	349	1	8	375	99	96		40.46875
920	9	Do6	C6	371	371	1	8	375	99	96		40.5
921	9	Si5b1	B5b1	366	366	1	8	375	99	96		40.53125
922	9	La5	A5	358	358	1	8	375	99	96		40.5625
923	9	Si5b1	B5b1	366	366	1	8	375	99	96		40.59375
924	9	La5	A5	358	358	1	8	375	99	96		40.625
925	9	Sol5	G5	349	349	1	8	375	95	96		40.65625
926	9	Fa5#4	F5#4	344	344	1	8	375	95	96		40.6875
927	9	Mi5	E5	336	336	1	8	375	99	96		40.71875
928	9	Fa5	F5	340	340	1	8	375	99	96		40.75
929	9	Mi5	E5	336	336	1	8	375	99	96		40.78125
930	9	Re5	D5	327	327	1	8	375	95	96		40.8125
931	9			-1	-1	1	8	375	100	0		40.84375
932	9	La5	A5	358	358	1	16	188	99	96		40.85938
933	9	Sol5	G5	349	349	1	16	188	99	96		40.875
934	9	Fa5	F5	340	340	1	8	375	95	96		40.90625
935	9	Sol5	G5	349	349	1	8	375	95	96		40.9375
936	9	La5	A5	358	358	1	2	1500	95	96		41.0625
937	9	La5	A5	358	358	3	8	1125	95	96		41.15625
938	9			-1	-1	1	8	375	100	0		41.1875
939	9			-1	-1	1	8	375	100	0		41.21875
940	9	La5	A5	358	358	1	4	750	99	96		41.28125
941	9	Si5b1	B5b1	366	366	1	8	375	99	96		41.3125
942	9	Si5b1	B5b1	366	366	1	8	375	99	96		41.34375
943	9	La5	A5	358	358	1	8	375	99	96		41.375
944	9	Sol5	G5	349	349	1	8	375	99	96		41.40625
945	9	Fa5#4	F5#4	344	344	1	8	375	99	96		41.4375
946	9	Sol5	G5	349	349	1	4	750	95	96		41.5
947	9	La5	A5	358	358	1	8	375	99	96		41.53125
948	9	Sol5	G5	349	349	1	8	375	99	96		41.5625
949	9	La5	A5	358	358	1	4	750	99	96		41.625
950	9	Si5b1	B5b1	366	366	1	4	750	95	96		41.6875
951	9			-1	-1	1	8	375	100	0		41.71875
952	9	Do6	C6	371	371	1	4	750	99	96		41.78125
953	9	Re6	D6	380	380	1	8	375	99	96		41.8125
954	9	Do6	C6	371	371	1	4	750	99	96		41.875
955	9	Si5b1	B5b1	366	366	1	4	750	99	96		41.9375
956	9	La5	A5	358	358	1	2	1500	99	96		42.0625
957	9	Si5b1	B5b1	366	366	1	8	375	99	96		42.09375
958	9	Do6	C6	371	371	1	8	375	99	96		42.125
959	9	Si5b1	B5b1	366	366	1	4	750	95	96		42.1875
960	9	Do6	C6	371	371	1	8	375	99	96		42.21875
961	9	Re6	D6	380	380	1	8	375	99	96		42.25
962	9	Do6	C6	371	371	1	8	375	99	96		42.28125
963	9	Si5b1	B5b1	366	366	1	8	375	95	96		42.3125
964	8	Re6	D6	380	380	1	8	375	95	96		42.34375
965	9	Do6	C6	371	371	1	8	375	99	96		42.375
966	9	Si5b1	B5b1	366	366	1	8	375	99	96		42.40625
967	9	Do6	C6	371	371	1	4	750	95	96		42.46875
968	9			-1	-1	1	4	750	100	0		42.53125
969	9	Si5b1	B5b1	366	366	1	8	375	99	96		42.5625
970	9	Do6	C6	371	371	1	8	375	99	96		42.59375
971	9	Re6	D6	380	380	1	4	750	99	96		42.65625
972	9	Do6	C6	371	371	1	4	750	99	96		42.71875
973	9	Si5b1	B5b1	366	366	1	4	750	99	96		42.78125
974	8	Re6	D6	380	380	1	8	375	99	96		42.8125
975	9	Do6	C6	371	371	1	8	375	99	96		42.84375
976	9	Si5b1	B5b1	366	366	1	8	375	99	96		42.875
977	9	La5	A5	358	358	1	4	750	95	96		42.9375
978	9	La5	A5	358	358	1	4	750	95	96		43
979	9	Sol5	G5	349	349	1	4	750	99	96		43.0625
980	9	La5	A5	358	358	1	4	750	99	96		43.125
981	9	La5	A5	358	358	1	2	1500	99	96		43.25
982	9	La5	A5	358	358	1	8	375	99	96		43.28125
983	9	Sol5	G5	349	349	3	16	562	99	96		43.32813
984	9	Fa5#4	F5#4	344	344	1	16	188	99	96		43.34375
985	9	Sol5	G5	349	349	1	8	375	99	96		43.375
986	9	La5	A5	358	358	1	8	375	99	96		43.40625
987	9	Sol5	G5	349	349	1	8	375	99	96		43.4375
988	8	Si5b1	B5b1	366	366	1	8	375	99	96		43.46875
989	9	La5	A5	358	358	1	8	375	99	96		43.5
990	9	Sol5	G5	349	349	1	8	375	99	96		43.53125
991	9	Fa5#4	F5#4	344	344	1	8	375	99	96		43.5625
992	9	Sol5	G5	349	349	1	8	375	99	96		43.59375
993	9	Do6	C6	371	371	1	8	375	99	96		43.625
994	9	Si5b1	B5b1	366	366	1	8	375	99	96		43.65625
995	9	La5	A5	358	358	1	8	375	99	96		43.6875
996	9	Si5b1	B5b1	366	366	1	8	375	99	96		43.71875
997	9	La5	A5	358	358	1	8	375	99	96		43.75
998	9	Sol5	G5	349	349	1	8	375	95	96		43.78125
999	9	Fa5#4	F5#4	344	344	1	8	375	95	96		43.8125
1000	9	Mi5	E5	336	336	1	8	375	99	96		43.84375
1001	9	Fa5	F5	340	340	1	8	375	99	96		43.875
1002	9	Mi5	E5	336	336	1	8	375	99	96		43.90625
1003	9	Re5	D5	327	327	1	8	375	95	96		43.9375
1004	9			-1	-1	1	8	375	100	0		43.96875
1005	9	La5	A5	358	358	1	16	188	99	96		43.98438
1006	9	Sol5	G5	349	349	1	16	188	99	96		44
1007	9	Fa5	F5	340	340	1	8	375	95	96		44.03125
1008	9	Sol5	G5	349	349	1	8	375	95	96		44.0625
1009	9	La5	A5	358	358	1	2	1500	95	96		44.1875
1010	9	La5	A5	358	358	3	8	1125	95	96		44.28125
1011	9			-1	-1	1	8	375	100	0		44.3125
1012	9	La5	A5	358	358	1	8	375	99	96		44.34375
1013	9	Sol5	G5	349	349	1	8	375	99	96		44.375
1014	9	Fa5	F5	340	340	1	8	375	99	96		44.40625
1015	9	Mi5	E5	336	336	1	4	750	99	96		44.46875
1016	9	Re5	D5	327	327	1	8	375	99	96		44.5
1017	9	Mi5	E5	336	336	1	8	375	99	96		44.53125
1018	9	Re5	D5	327	327	1	8	375	99	96		44.5625
1019	9	Do5	C5	318	318	1	8	375	95	96		44.59375
1020	9	Do5	C5	318	318	1	8	375	99	96		44.625
1021	9	Re5	D5	327	327	1	8	375	99	96		44.65625
1022	9	Re5	D5	327	327	1	8	375	99	96		44.6875
1023	9	Do5	C5	318	318	1	8	375	99	96		44.71875
1024	8	Re5	D5	327	327	1	8	375	99	96		44.75
1025	9	Do5	C5	318	318	1	8	375	99	96		44.78125
1026	9	Si4b1	B4b1	313	313	1	8	375	95	96		44.8125
1027	9			-1	-1	1	4	750	100	0		44.875
1028	9	Do5	C5	318	318	1	8	375	99	96		44.90625
1029	9	Re5	D5	327	327	1	8	375	99	96		44.9375
1030	9	Re5	D5	327	327	1	8	375	99	96		44.96875
1031	9	Do5	C5	318	318	1	8	375	99	96		45
1032	8	Re5	D5	327	327	1	8	375	99	96		45.03125
1033	9	Do5	C5	318	318	1	8	375	99	96		45.0625
1034	9	Si4b1	B4b1	313	313	1	8	375	99	96		45.09375
1035	9	La4	A4	305	305	1	2	1500	99	96		45.21875
1036	9	Si4b1	B4b1	313	313	1	8	375	99	96		45.25
1037	9	Do5	C5	318	318	1	8	375	99	96		45.28125
1038	9	Si4b1	B4b1	313	313	1	4	750	95	96		45.34375
1039	9	Do5	C5	318	318	1	8	375	99	96		45.375
1040	9	Re5	D5	327	327	1	8	375	99	96		45.40625
1041	9	Do5	C5	318	318	1	8	375	99	96		45.4375
1042	9	Si4b1	B4b1	313	313	1	8	375	95	96		45.46875
1043	8	Re5	D5	327	327	1	8	375	95	96		45.5
1044	9	Do5	C5	318	318	1	8	375	99	96		45.53125
1045	9	Si4b1	B4b1	313	313	1	8	375	99	96		45.5625
1046	9	Do5	C5	318	318	1	4	750	95	96		45.625
1047	9			-1	-1	1	4	750	100	0		45.6875
1048	9	Si4b1	B4b1	313	313	1	8	375	99	96		45.71875
1049	9	Do5	C5	318	318	1	8	375	99	96		45.75
1050	9	Re5	D5	327	327	1	4	750	99	96		45.8125
1051	9	Do5	C5	318	318	1	4	750	99	96		45.875
1052	9	Si4b1	B4b1	313	313	1	4	750	99	96		45.9375
1053	8	Re5	D5	327	327	1	8	375	99	96		45.96875
1054	9	Do5	C5	318	318	1	8	375	99	96		46
1055	9	Si4b1	B4b1	313	313	1	8	375	99	96		46.03125
1056	9	La4	A4	305	305	1	4	750	99	96		46.09375
1057	9	La4	A4	305	305	1	4	750	95	96		46.15625
1058	9	Sol4	G4	296	296	1	4	750	99	96		46.21875
1059	9	La4	A4	305	305	1	4	750	99	96		46.28125
1060	9	La4	A4	305	305	1	2	1500	95	96		46.40625
1061	9	Re6b4	D6b4	376	376	3	16	562	95	96		46.45313
1062	9	Do6	C6	371	371	1	16	188	95	96		46.46875
1063	9	Si5b1	B5b1	366	366	1	8	375	95	96		46.5
1064	9	Re6b4	D6b4	376	376	1	8	375	95	96		46.53125
1065	9	Do6	C6	371	371	1	2	1500	95	96		46.65625
1066	9	Si5b1	B5b1	366	366	1	4	750	99	96		46.71875
1067	9	Do6	C6	371	371	1	4	750	99	96		46.78125
1068	9	Do6	C6	371	371	1	4	750	95	96		46.84375
1069	9	Do6	C6	371	371	1	4	750	95	96		46.90625
1070	9	Sol5	G5	349	349	1	2	1500	95	96		47.03125
1071	9	Do6	C6	371	371	1	2	1500	95	96		47.15625
1072	9	Re6b4	D6b4	376	376	3	16	562	99	96		47.20313
1073	9	Do6	C6	371	371	1	16	188	99	96		47.21875
1074	9	Si5b1	B5b1	366	366	1	8	375	99	96		47.25
1075	9	Do6	C6	371	371	1	8	375	99	96		47.28125
1076	9	Si5b1	B5b1	366	366	1	4	750	99	96		47.34375
1077	9	Re6b4	D6b4	376	376	1	4	750	95	96		47.40625
1078	9	Re6b4	D6b4	376	376	3	16	562	99	96		47.45313
1079	9	Do6	C6	371	371	1	16	188	99	96		47.46875
1080	9	Si5b1	B5b1	366	366	1	8	375	99	96		47.5
1081	9	Do6	C6	371	371	1	8	375	99	96		47.53125
1082	9	Si5b1	B5b1	366	366	1	8	375	99	96		47.5625
1083	9	Re6b4	D6b4	376	376	1	8	375	99	96		47.59375
1084	9	Do6	C6	371	371	1	4	750	95	96		47.65625
1085	9			-1	-1	1	4	750	100	0		47.71875
1086	9	Do6	C6	371	371	1	8	375	99	96		47.75
1087	9	Do6	C6	371	371	1	8	375	99	96		47.78125
1088	9	Do6	C6	371	371	1	4	750	99	96		47.84375
1089	9	Re6b4	D6b4	376	376	1	4	750	95	96		47.90625
1090	9			-1	-1	1	8	375	100	0		47.9375
1091	9	Do6	C6	371	371	1	4	750	99	96		48
1092	9	Re6b4	D6b4	376	376	1	8	375	99	96		48.03125
1093	9	Do6	C6	371	371	1	4	750	99	96		48.09375
1094	9	Re6b4	D6b4	376	376	1	4	750	99	96		48.15625
1095	9	Do6	C6	371	371	1	4	750	99	96		48.21875
1096	8	Re6b4	D6b4	376	376	1	8	375	99	96		48.25
1097	9	Si5b1	B5b1	366	366	1	8	375	99	96		48.28125
1098	9	La5	A5	358	358	1	8	375	99	96		48.3125
1099	9	Si5b1	B5b1	366	366	1	8	375	99	96		48.34375
1100	9	Do6	C6	371	371	1	8	375	99	96		48.375
1101	9	Si5b1	B5b1	366	366	1	4	750	95	96		48.4375
1102	9			-1	-1	1	4	750	100	0		48.5
1103	9	Do6	C6	371	371	1	8	375	99	96		48.53125
1104	9	Re6b4	D6b4	376	376	1	8	375	99	96		48.5625
1105	9	Do6	C6	371	371	1	4	750	95	96		48.625
1106	9	Re6b4	D6b4	376	376	1	8	375	99	96		48.65625
1107	9	Mi6	E6	389	389	1	8	375	95	96		48.6875
1108	9	Re6b4	D6b4	376	376	1	4	750	99	96		48.75
1109	9	Do6	C6	371	371	1	4	750	99	96		48.8125
1110	9	Do6	C6	371	371	1	4	750	99	96		48.875
1111	8	Re6b4	D6b4	376	376	1	8	375	99	96		48.90625
1112	9	Do6	C6	371	371	1	8	375	99	96		48.9375
1113	9	Si5b1	B5b1	366	366	1	8	375	99	96		48.96875
1114	9	Si5b1	B5b1	366	366	1	8	375	99	96		49
1115	9	La5	A5	358	358	1	8	375	99	96		49.03125
1116	9	La5	A5	358	358	1	8	375	99	96		49.0625
1117	9	Sol5	G5	349	349	1	8	375	99	96		49.09375
1118	9	Re6b4	D6b4	376	376	3	16	562	99	96		49.14063
1119	9	Do6	C6	371	371	1	16	188	99	96		49.15625
1120	9	Re6b4	D6b4	376	376	1	8	375	99	96		49.1875
1121	9	Mi6	E6	389	389	1	8	375	95	96		49.21875
1122	9	Re6b4	D6b4	376	376	3	16	562	95	96		49.26563
1123	9	Do6	C6	371	371	1	16	188	95	96		49.28125
1124	9	Si5b1	B5b1	366	366	1	8	375	95	96		49.3125
1125	9	Do6	C6	371	371	1	8	375	95	96		49.34375
1126	9	Si5b1	B5b1	366	366	1	8	375	95	96		49.375
1127	9	Do6	C6	371	371	1	8	375	95	96		49.40625
1128	9	Re6b4	D6b4	376	376	1	8	375	95	96		49.4375
1129	9	Re6b4	D6b4	376	376	1	16	188	95	96		49.45313
1130	9	Do6	C6	371	371	1	16	188	95	96		49.46875
1131	9	Do6	C6	371	371	1	2	1500	95	96		49.59375
1132	9	Re6	D6	380	380	1	4	750	95	96		49.65625
1133	9	Mi6	E6	389	389	1	4	750	95	96		49.71875
1134	9	Re6	D6	380	380	1	4	750	99	96		49.78125
1135	9	Mi6	E6	389	389	1	4	750	99	96		49.84375
1136	9	Mi6	E6	389	389	1	4	750	95	96		49.90625
1137	9	Mi6	E6	389	389	1	4	750	95	96		49.96875
1138	9	Re6	D6	380	380	1	4	750	95	96		50.03125
1139	9	Do6	C6	371	371	1	4	750	95	96		50.09375
1140	9	Re6	D6	380	380	1	8	375	99	96		50.125
1141	9	Mi6	E6	389	389	1	8	375	99	96		50.15625
1142	9	Re6	D6	380	380	1	8	375	99	96		50.1875
1143	9	Mi6	E6	389	389	1	8	375	95	96		50.21875
1144	9	Mi6	E6	389	389	1	2	1500	99	96		50.34375
1145	9	Mi6	E6	389	389	1	8	375	99	96		50.375
1146	9	Fa6	F6	393	393	1	8	375	99	96		50.40625
1147	9	Mi6	E6	389	389	1	8	375	99	96		50.4375
1148	9	Re6	D6	380	380	1	8	375	95	96		50.46875
1149	9	Mi6	E6	389	389	3	16	562	99	96		50.51563
1150	9	Re6	D6	380	380	1	16	188	99	96		50.53125
1151	9	Do6	C6	371	371	1	8	375	99	96		50.5625
1152	9	Re6	D6	380	380	1	8	375	99	96		50.59375
1153	9	Do6	C6	371	371	1	8	375	99	96		50.625
1154	9	Re6	D6	380	380	1	8	375	99	96		50.65625
1155	9	Mi6	E6	389	389	1	4	750	95	96		50.71875
1156	9			-1	-1	1	4	750	100	0		50.78125
1157	9	Re6	D6	380	380	1	8	375	99	96		50.8125
1158	9	Mi6	E6	389	389	1	8	375	99	96		50.84375
1159	9	Fa6	F6	393	393	1	4	750	99	96		50.90625
1160	9	Mi6	E6	389	389	1	8	375	99	96		50.9375
1161	9	Re6	D6	380	380	1	8	375	95	96		50.96875
1162	9	Mi6	E6	389	389	1	8	375	99	96		51
1163	9	Re6	D6	380	380	1	8	375	99	96		51.03125
1164	9	Re6	D6	380	380	1	8	375	99	96		51.0625
1165	9	Do6	C6	371	371	1	8	375	99	96		51.09375
1166	8	Mi6	E6	389	389	1	8	375	99	96		51.125
1167	9	Re6	D6	380	380	1	8	375	99	96		51.15625
1168	9	Do6	C6	371	371	1	8	375	99	96		51.1875
1169	9	Re6	D6	380	380	1	4	750	99	96		51.25
1170	9	Re6	D6	380	380	1	8	375	95	96		51.28125
1171	9			-1	-1	1	8	375	100	0		51.3125
1172	9	Do6	C6	371	371	1	8	375	99	96		51.34375
1173	9	Re6	D6	380	380	1	8	375	99	96		51.375
1174	9	Mi6	E6	389	389	1	4	750	99	96		51.4375
1175	9	Re6	D6	380	380	1	8	375	99	96		51.46875
1176	9	Do6	C6	371	371	1	8	375	95	96		51.5
1177	9	Re6	D6	380	380	1	8	375	99	96		51.53125
1178	9	Do6	C6	371	371	1	8	375	99	96		51.5625
1179	9	Do6	C6	371	371	1	8	375	95	96		51.59375
1180	9	Si5b1	B5b1	366	366	1	8	375	95	96		51.625
1181	8	Re6	D6	380	380	1	8	375	95	96		51.65625
1182	9	Do6	C6	371	371	1	8	375	99	96		51.6875
1183	9	Si5b1	B5b1	366	366	1	8	375	99	96		51.71875
1184	9	Do6	C6	371	371	1	4	750	95	96		51.78125
1185	9			-1	-1	1	4	750	100	0		51.84375
1186	9	Si5b1	B5b1	366	366	1	8	375	99	96		51.875
1187	9	Do6	C6	371	371	1	8	375	99	96		51.90625
1188	9	Re6	D6	380	380	1	4	750	99	96		51.96875
1189	9	Do6	C6	371	371	1	4	750	99	96		52.03125
1190	9	Si5b1	B5b1	366	366	1	4	750	99	96		52.09375
1191	9	Do6	C6	371	371	1	8	375	99	96		52.125
1192	8	Re6	D6	380	380	1	8	375	99	96		52.15625
1193	9	Do6	C6	371	371	1	16	188	99	96		52.17188
1194	9	Si5b1	B5b1	366	366	1	16	188	99	96		52.1875
1195	9	Si5b1	B5b1	366	366	1	4	750	95	96		52.25
1196	9	Si5b1	B5b1	366	366	1	4	750	95	96		52.3125
1197	9	La5#4	A5#4	362	362	1	4	750	99	96		52.375
1198	9	Si5b1	B5b1	366	366	1	4	750	99	96		52.4375
1199	9	Si5b1	B5b1	366	366	1	2	1500	99	96		52.5625
1200	9	Si5b1	B5b1	366	366	1	2	1500	99	96		52.6875
1201	9	Si5b1	B5b1	366	366	1	4	750	99	96		52.75
1202	9	Re6	D6	380	380	1	4	750	99	96		52.8125
1203	9	Re6	D6	380	380	1	8	375	99	96		52.84375
1204	9	Do6	C6	371	371	1	4	750	99	96		52.90625
1205	9	Re6	D6	380	380	1	8	375	99	96		52.9375
1206	9	Re6	D6	380	380	1	8	375	99	96		52.96875
1207	9	Do6	C6	371	371	1	4	750	95	96		53.03125
1208	9	Si5b1	B5b1	366	366	1	8	375	95	96		53.0625
1209	9	La5	A5	358	358	1	8	375	99	96		53.09375
1210	9	Si5b1	B5b1	366	366	1	8	375	99	96		53.125
1211	9	La5	A5	358	358	1	8	375	99	96		53.15625
1212	9	Sol5	G5	349	349	1	8	375	95	96		53.1875
1213	9			-1	-1	1	8	375	100	0		53.21875
1214	9	La5	A5	358	358	1	16	188	99	96		53.23438
1215	9	Si5b1	B5b1	366	366	1	16	188	99	96		53.25
1216	9	La5	A5	358	358	1	8	375	95	96		53.28125
1217	9	Si5b1	B5b1	366	366	1	8	375	95	96		53.3125
1218	9	Do6	C6	371	371	1	8	375	99	96		53.34375
1219	9	Re6	D6	380	380	1	8	375	99	96		53.375
1220	9	Do6	C6	371	371	1	8	375	99	96		53.40625
1221	9	Re6	D6	380	380	1	8	375	99	96		53.4375
1222	9	Do6	C6	371	371	1	8	375	99	96		53.46875
1223	9	Mi6	E6	389	389	1	8	375	99	96		53.5
1224	9	Re6	D6	380	380	1	8	375	99	96		53.53125
1225	9	Do6	C6	371	371	1	8	375	95	96		53.5625
1226	8	Mi6	E6	389	389	1	8	375	95	96		53.59375
1227	9	Re6	D6	380	380	1	8	375	99	96		53.625
1228	9	Do6	C6	371	371	1	8	375	99	96		53.65625
1229	9	Si5b1	B5b1	366	366	1	8	375	99	96		53.6875
1230	9	La5	A5	358	358	1	8	375	99	96		53.71875
1231	9	La5	A5	358	358	1	4	750	99	96		53.78125
1232	9	Re6	D6	380	380	1	4	750	95	96		53.84375
1233	9			-1	-1	1	4	750	100	0		53.90625
1234	9	Do6	C6	371	371	1	8	375	99	96		53.9375
1235	9	Re6	D6	380	380	1	8	375	99	96		53.96875
1236	9	Mi6	E6	389	389	1	4	750	99	96		54.03125
1237	9	Re6	D6	380	380	1	8	375	99	96		54.0625
1238	9	Do6	C6	371	371	1	8	375	95	96		54.09375
1239	9	Re6	D6	380	380	1	8	375	99	96		54.125
1240	9	Do6	C6	371	371	1	8	375	99	96		54.15625
1241	8	Re6	D6	380	380	1	8	375	99	96		54.1875
1242	9	Do6	C6	371	371	1	8	375	99	96		54.21875
1243	9	Si5b1	B5b1	366	366	1	8	375	99	96		54.25
1244	8	Re6	D6	380	380	1	8	375	99	96		54.28125
1245	9	Do6	C6	371	371	1	8	375	99	96		54.3125
1246	9	Si5b1	B5b1	366	366	1	8	375	99	96		54.34375
1247	9	Do6	C6	371	371	1	4	750	99	96		54.40625
1248	9	Do6	C6	371	371	1	8	375	99	96		54.4375
1249	9			-1	-1	1	8	375	100	0		54.46875
1250	9	Si5b1	B5b1	366	366	1	8	375	99	96		54.5
1251	9	Do6	C6	371	371	1	8	375	99	96		54.53125
1252	9	Re6	D6	380	380	1	4	750	99	96		54.59375
1253	9	Do6	C6	371	371	1	8	375	99	96		54.625
1254	9	Si5b1	B5b1	366	366	1	8	375	95	96		54.65625
1255	9	Si5b1	B5b1	366	366	1	4	750	95	96		54.71875
1256	9	La5	A5	358	358	1	4	750	95	96		54.78125
1257	9	Si5b1	B5b1	366	366	1	2	1500	95	96		54.90625
1258	9			-1	-1	1	4	750	100	0		54.96875
1259	9	La5	A5	358	358	1	8	375	99	96		55
1260	9	Si5b1	B5b1	366	366	1	8	375	99	96		55.03125
1261	9	Do6	C6	371	371	1	4	750	99	96		55.09375
1262	8	Re6	D6	380	380	1	8	375	99	96		55.125
1263	9	Do6	C6	371	371	1	8	375	99	96		55.15625
1264	9	Si5b1	B5b1	366	366	1	8	375	99	96		55.1875
1265	9	Si5b1	B5b1	366	366	1	8	375	99	96		55.21875
1266	9	Do6	C6	371	371	1	8	375	99	96		55.25
1267	9	Si5b1	B5b1	366	366	1	8	375	99	96		55.28125
1268	9	La5	A5	358	358	1	8	375	99	96		55.3125
1269	9	La5	A5	358	358	1	4	750	99	96		55.375
1270	9	La5	A5	358	358	1	4	750	95	96		55.4375
1271	9	Sol5	G5	349	349	1	4	750	99	96		55.5
1272	9	La5	A5	358	358	1	4	750	99	96		55.5625
1273	9	La5	A5	358	358	1	2	1500	95	96		55.6875
1274	9	La5	A5	358	358	3	16	562	95	96		55.73438
1275	9	Sol5	G5	349	349	1	16	188	95	96		55.75
1276	9	Fa5#4	F5#4	344	344	1	8	375	95	96		55.78125
1277	9	Sol5	G5	349	349	1	8	375	95	96		55.8125
1278	9	La5	A5	358	358	1	2	1500	95	96		55.9375
