Sira	Kod	Nota53	NotaAE	Koma53	KomaAE	Pay	Payda	Ms	LNS	Bas	Soz1	Offset
1	1	Si4b5	B4b5	309	309	1	8	294	95	96	ARANAÐME 	0.125
2	9	La5	A5	358	358	1	4	588	95	96	.	0.375
3	9	Sol5	G5	349	349	1	8	294	95	96	.	0.5
4	9	La5	A5	358	358	1	4	588	95	96	.	0.75
5	9	Fa5	F5	340	340	1	4	588	95	96	.	1
6	9	Re5	D5	327	327	1	2	1176	95	96	.	1.5
7	9			-1	-1	1	8	294	100	0	.	1.625
8	9	Re5	D5	327	327	1	8	294	95	96	.	1.75
9	9	Mi5	E5	336	336	1	8	294	95	96	.	1.875
10	9	Fa5#4	F5#4	344	344	1	8	294	95	96	.	2
11	9	Sol5	G5	349	349	1	8	294	95	96	.	2.125
12	9	Sol5	G5	349	349	1	4	588	95	96	.	2.375
13	9	Fa5#4	F5#4	344	344	1	8	294	95	96	.	2.5
14	9	Sol5	G5	349	349	1	4	588	95	96	.	2.75
15	9	Mi5	E5	336	336	1	4	588	95	96	.	3
16	9	Do5	C5	318	318	1	2	1176	95	96	.	3.5
17	9			-1	-1	1	8	294	100	0	.	3.625
18	9	Do5	C5	318	318	1	8	294	95	96	.	3.75
19	9	Re5	D5	327	327	1	8	294	95	96	.	3.875
20	9	Mi5	E5	336	336	1	8	294	95	96	.	4
21	9	Fa5	F5	340	340	1	8	294	95	96	.	4.125
22	9	Fa5	F5	340	340	1	4	588	95	96	.	4.375
23	9	Mi5	E5	336	336	1	8	294	95	96	.	4.5
24	9	Fa5	F5	340	340	1	4	588	95	96	.	4.75
25	9	Re5	D5	327	327	1	4	588	95	96	.	5
26	9	Si4b5	B4b5	309	309	1	2	1176	95	96	.	5.5
27	9	Si4b5	B4b5	309	309	1	16	147	95	96	.	5.5625
28	9	Do5	C5	318	318	1	16	147	95	96	.	5.625
29	9	La4	A4	305	305	1	16	147	95	96	.	5.6875
30	9	Si4b5	B4b5	309	309	1	16	147	95	96	.	5.75
31	9	Sol4	G4	296	296	1	4	588	95	96	.	6
32	9			-1	-1	1	8	294	100	0	.	6.125
33	9	Mi5b5	E5b5	331	331	1	4	588	95	96	.	6.375
34	9	Re5	D5	327	327	1	8	294	95	96	.	6.5
35	9	Do5	C5	318	318	1	4	588	95	96	.	6.75
36	9	Si4b5	B4b5	309	309	1	4	588	95	96	.	7
37	9	La4	A4	305	305	3	8	882	95	96	.	7.375
38	9	Si4b5	B4b5	309	309	1	16	147	95	96	.	7.4375
39	9	Do5	C5	318	318	1	16	147	95	96	.	7.5
40	9	Re5	D5	327	327	1	16	147	95	96	.	7.5625
41	9	Mi5	E5	336	336	1	16	147	95	96	.	7.625
42	9	Fa5	F5	340	340	1	16	147	95	96	.	7.6875
43	9	Sol5	G5	349	349	1	16	147	95	96	.	7.75
44	9	La5	A5	358	358	1	4	588	95	96	.	8
45	9			-1	-1	1	8	294	100	0		8.125
46	9	La5	A5	358	358	3	8	882	95	96	Gün	8.5
47	9	Fa5	F5	340	340	3	16	441	99	96	ler	8.6875
48	9	Mi5	E5	336	336	1	16	147	95	96		8.75
49	9	Re5	D5	327	327	1	4	588	100	96	ce 	9
50	9	Re5	D5	327	327	1	8	294	95	96		9.125
51	9	Mi5	E5	336	336	1	4	588	95	96	uy	9.375
52	9	Re5	D5	327	327	1	8	294	95	96	ku	9.5
53	9	Do5	C5	318	318	1	4	588	95	96	suz 	9.75
54	9			-1	-1	1	4	588	100	0		10
55	9	Re5	D5	327	327	1	4	588	95	96	gün	10.25
56	9	Si4b5	B4b5	309	309	1	4	588	95	96	ler	10.5
57	9	Do5	C5	318	318	1	8	294	95	96	ce 	10.625
58	12	Si4b5	B4b5	309	309	1	4	588	99	96	yor	10.875
59	9	La4	A4	305	305	1	8	294	95	96		11
60	9	La4	A4	305	305	3	8	882	95	96	gun  	11.375
61	9	Si4b5	B4b5	309	309	1	16	147	95	96	SAZ 	11.4375
62	9	Do5	C5	318	318	1	16	147	95	96	.	11.5
63	9	Re5	D5	327	327	1	16	147	95	96	.	11.5625
64	9	Mi5	E5	336	336	1	16	147	95	96	.	11.625
65	9	Fa5	F5	340	340	1	16	147	95	96	.	11.6875
66	9	Sol5	G5	349	349	1	16	147	95	96	.	11.75
67	9	La5	A5	358	358	1	4	588	95	96	.	12
68	9			-1	-1	1	8	294	100	0		12.125
69	9	La5	A5	358	358	3	8	882	95	96	Kal	12.5
70	9	Si5b5	B5b5	362	362	1	4	588	95	96	mýþ	12.75
71	9	Sol5	G5	349	349	1	4	588	95	96	san 	13
72	9	La5	A5	358	358	1	4	588	95	96	sev	13.25
73	9	Si5b1	B5b1	366	366	1	4	588	95	96	dâ	13.5
74	9	Do6	C6	371	371	1	2	1176	95	96	nýn 	14
75	9			-1	-1	1	4	588	100	0		14.25
76	9	Si5b5	B5b5	362	362	1	8	294	95	96	ký	14.375
77	9	La5	A5	358	358	1	8	294	95	96	yý	14.5
78	9	Si5b5	B5b5	362	362	1	8	294	95	96	la	14.625
79	9	Sol5	G5	349	349	1	4	588	99	96	rýn	14.875
80	9	Si5b5	B5b5	362	362	1	8	294	95	96		15
81	9	La5	A5	358	358	3	8	882	95	96	da  	15.375
82	9	Sol5	G5	349	349	1	16	147	95	96	SAZ 	15.4375
83	9	Fa5	F5	340	340	1	16	147	95	96	.	15.5
84	9	Mi5	E5	336	336	1	16	147	95	96	.	15.5625
85	9	Re5	D5	327	327	1	16	147	95	96	.	15.625
86	9	Do5	C5	318	318	1	16	147	95	96	.	15.6875
87	9	Si4b5	B4b5	309	309	1	16	147	95	96	.	15.75
88	9	La4	A4	305	305	1	4	588	95	96	.	16
89	52			0	0	1	8	0	127	77		16.125
90	9			-1	-1	1	8	294	100	0		16.25
91	9	La5	A5	358	358	3	8	882	95	96	Gün	16.625
92	9	Fa5	F5	340	340	3	16	441	99	96	ler	16.8125
93	9	Mi5	E5	336	336	1	16	147	95	96		16.875
94	9	Re5	D5	327	327	3	8	882	95	96	ce 	17.25
95	9	Mi5	E5	336	336	1	4	588	95	96	uy	17.5
96	9	Re5	D5	327	327	1	8	294	95	96	ku	17.625
97	9	Do5	C5	318	318	1	4	588	95	96	suz 	17.875
98	9			-1	-1	1	4	588	100	0		18.125
99	9	Re5	D5	327	327	1	4	588	95	96	gün	18.375
100	9	Si4b5	B4b5	309	309	1	4	588	95	96	ler	18.625
101	9	Do5	C5	318	318	1	8	294	95	96	ce 	18.75
102	12	Si4b5	B4b5	309	309	1	4	588	99	96	yor	19
103	9	La4	A4	305	305	1	8	294	95	96		19.125
104	9	La4	A4	305	305	3	8	882	95	96	gun  	19.5
105	9	Si4b5	B4b5	309	309	1	16	147	95	96	SAZ 	19.5625
106	9	Do5	C5	318	318	1	16	147	95	96	.	19.625
107	9	Re5	D5	327	327	1	16	147	95	96	.	19.6875
108	9	Mi5	E5	336	336	1	16	147	95	96	.	19.75
109	9	Fa5	F5	340	340	1	16	147	95	96	.	19.8125
110	9	Sol5	G5	349	349	1	16	147	95	96	.	19.875
111	9	La5	A5	358	358	1	4	588	95	96	.	20.125
112	9			-1	-1	1	8	294	100	0		20.25
113	9	La5	A5	358	358	3	8	882	95	96	Kal	20.625
114	9	Si5b5	B5b5	362	362	1	4	588	95	96	mýþ	20.875
115	9	Sol5	G5	349	349	1	4	588	95	96	san 	21.125
116	9	La5	A5	358	358	1	4	588	95	96	sev	21.375
117	9	Si5b1	B5b1	366	366	1	4	588	95	96	dâ	21.625
118	9	Do6	C6	371	371	1	2	1176	95	96	nýn 	22.125
119	9			-1	-1	1	4	588	100	0		22.375
120	9	Si5b5	B5b5	362	362	1	8	294	95	96	ký	22.5
121	9	La5	A5	358	358	1	8	294	95	96	yý	22.625
122	9	Si5b5	B5b5	362	362	1	8	294	95	96	la	22.75
123	9	Sol5	G5	349	349	1	4	588	99	96	rýn	23
124	9	Si5b5	B5b5	362	362	1	8	294	95	96		23.125
125	9	La5	A5	358	358	3	8	882	95	96	da  	23.5
126	9	Fa5	F5	340	340	1	8	294	95	96	SAZ 	23.625
127	9	Re5	D5	327	327	1	8	294	95	96	.	23.75
128	9	Fa5	F5	340	340	1	8	294	95	96	.	23.875
129	9	La5	A5	358	358	1	4	588	95	96	.	24.125
130	9			-1	-1	1	8	294	100	0		24.25
131	9	Sol5	G5	349	349	1	4	588	95	96	Dal	24.5
132	9	La5	A5	358	358	1	8	294	95	96	ga	24.625
133	9	Si5b5	B5b5	362	362	1	8	294	95	96	la	24.75
134	9	Sol5	G5	349	349	3	8	882	95	96	ra 	25.125
135	9			-1	-1	1	8	294	100	0		25.25
136	9	La5	A5	358	358	1	8	294	99	96	yaz	25.375
137	9	Fa5	F5	340	340	1	8	294	99	96		25.5
138	9	Mi5	E5	336	336	1	8	294	95	96		25.625
139	9	Re5	D5	327	327	1	2	1176	95	96	san 	26.125
140	9	Sol5	G5	349	349	1	8	294	95	96	u	26.25
141	9	Mi5	E5	336	336	1	2	1176	99	96	mut	26.75
142	9	Re5	D5	327	327	1	8	294	95	96		26.875
143	9	Mi5	E5	336	336	1	8	294	95	96	la	27
144	9	Re5	D5	327	327	1	8	294	95	96	rý	27.125
145	9	Do5	C5	318	318	1	2	1176	95	96	ný 	27.625
146	9	Do5	C5	318	318	1	8	294	99	96	ah  	27.75
147	9	Re5	D5	327	327	1	8	294	95	96		27.875
148	9	Mi5b5	E5b5	331	331	1	4	588	101	96		28.125
149	9	Mi5b5	E5b5	331	331	1	4	588	95	96	Rüz	28.375
150	9	Re5	D5	327	327	1	4	588	95	96	gâr	28.625
151	9	Do5	C5	318	318	1	2	1176	95	96	lar 	29.125
152	9	Do5	C5	318	318	1	8	294	95	96	ge	29.25
153	9	Re5	D5	327	327	1	4	588	99	96	tir	29.5
154	9	Do5	C5	318	318	1	8	294	95	96		29.625
155	9	Si4b5	B4b5	309	309	1	8	294	99	96	se 	29.75
156	9	Si4b5	B4b5	309	309	1	16	147	99	96		29.8125
157	9	La4	A4	305	305	1	16	147	99	96		29.875
158	9	Si4b5	B4b5	309	309	1	4	588	95	96		30.125
159	9			-1	-1	1	8	294	100	0		30.25
160	9	Si4b5	B4b5	309	309	1	4	588	95	96	sev	30.5
161	9	La4	A4	305	305	1	8	294	95	96	gi	30.625
162	9	Do5	C5	318	318	3	8	882	95	96	ni 	31
163	9	Si4b5	B4b5	309	309	1	8	294	95	96	ba	31.125
164	9	La4	A4	305	305	3	8	882	95	96	na  	31.5
165	9	La5	A5	358	358	1	8	294	95	96	SAZ 	31.625
166	9	Re5	D5	327	327	1	8	294	95	96	.	31.75
167	9	Fa5	F5	340	340	1	8	294	95	96	.	31.875
168	9	La5	A5	358	358	1	4	588	95	96	.	32.125
169	9			-1	-1	1	8	294	100	0		32.25
170	9	Sol5	G5	349	349	1	4	588	95	96	Dal	32.5
171	9	La5	A5	358	358	1	8	294	95	96	ga	32.625
172	9	Si5b5	B5b5	362	362	1	8	294	95	96	la	32.75
173	9	Sol5	G5	349	349	3	8	882	95	96	ra 	33.125
174	9			-1	-1	1	8	294	100	0		33.25
175	9	La5	A5	358	358	1	8	294	99	96	yaz	33.375
176	9	Fa5	F5	340	340	1	8	294	99	96		33.5
177	9	Mi5	E5	336	336	1	8	294	95	96		33.625
178	9	Re5	D5	327	327	1	2	1176	95	96	san 	34.125
179	9	Sol5	G5	349	349	1	8	294	95	96	u	34.25
180	9	Mi5	E5	336	336	1	2	1176	99	96	mut	34.75
181	9	Re5	D5	327	327	1	8	294	95	96		34.875
182	9	Mi5	E5	336	336	1	8	294	95	96	la	35
183	9	Re5	D5	327	327	1	8	294	95	96	rý	35.125
184	9	Do5	C5	318	318	1	2	1176	95	96	ný 	35.625
185	9	Do5	C5	318	318	1	8	294	99	96	ah  	35.75
186	9	Re5	D5	327	327	1	8	294	95	96		35.875
187	9	Mi5b5	E5b5	331	331	1	4	588	101	96		36.125
188	9	Mi5b5	E5b5	331	331	1	4	588	95	96	Rüz	36.375
189	9	Re5	D5	327	327	1	4	588	95	96	gâr	36.625
190	9	Do5	C5	318	318	1	2	1176	95	96	lar 	37.125
191	9	Do5	C5	318	318	1	8	294	95	96	ge	37.25
192	9	Re5	D5	327	327	1	4	588	99	96	tir	37.5
193	9	Do5	C5	318	318	1	8	294	95	96		37.625
194	9	Si4b5	B4b5	309	309	1	8	294	99	96	se 	37.75
195	9	Si4b5	B4b5	309	309	1	16	147	99	96		37.8125
196	9	La4	A4	305	305	1	16	147	99	96		37.875
197	9	Si4b5	B4b5	309	309	1	4	588	95	96		38.125
198	9			-1	-1	1	8	294	100	0		38.25
199	9	Si4b5	B4b5	309	309	1	4	588	95	96	sev	38.5
200	9	La4	A4	305	305	1	8	294	95	96	gi	38.625
201	9	Do5	C5	318	318	3	8	882	95	96	ni 	39
202	9	Si4b5	B4b5	309	309	1	8	294	95	96	ba	39.125
203	9	La4	A4	305	305	3	8	882	95	96	na  	39.5
204	9	Si4b5	B4b5	309	309	1	8	294	95	96	SAZ 	39.625
205	9	Do5	C5	318	318	1	8	294	95	96	.	39.75
206	9	Re5	D5	327	327	1	8	294	95	96	.	39.875
207	9	Do5	C5	318	318	1	8	294	95	96	.	40
208	9	Si4b5	B4b5	309	309	1	8	294	95	96	.	40.125
209	9	La4	A4	305	305	1	8	294	95	96	.  	40.25
210	9	La4	A4	305	305	1	4	588	95	96	Bel	40.5
211	9	Si4b5	B4b5	309	309	1	8	294	95	96	ki 	40.625
212	9	Do5	C5	318	318	1	2	1176	95	96	bir 	41.125
213	9			-1	-1	1	8	294	100	0		41.25
214	9	Re5	D5	327	327	1	4	588	95	96	dam	41.5
215	9	Do5	C5	318	318	1	8	294	95	96	la 	41.625
216	9	Mi5	E5	336	336	1	2	1176	95	96	su 	42.125
217	9			-1	-1	1	8	294	100	0		42.25
218	9	Mi5	E5	336	336	1	4	588	95	96	bel	42.5
219	9	Re5	D5	327	327	1	8	294	95	96	ki 	42.625
220	9	Re5	D5	327	327	1	8	294	99	96	bir 	42.75
221	9	Do5	C5	318	318	1	8	294	95	96		42.875
222	9	Mi5	E5	336	336	1	8	294	95	96	gü	43
223	9	Re5	D5	327	327	1	8	294	95	96	lü	43.125
224	9	Do5	C5	318	318	3	8	882	95	96	cük  	43.5
225	9	Re5	D5	327	327	1	8	294	95	96	SAZ 	43.625
226	9	Mi5	E5	336	336	1	8	294	95	96	.	43.75
227	9	Fa5	F5	340	340	1	8	294	95	96	.	43.875
228	9	Mi5	E5	336	336	1	8	294	95	96	.	44
229	9	Re5	D5	327	327	1	8	294	95	96	.	44.125
230	9	Do5	C5	318	318	1	8	294	95	96	.	44.25
231	9	Do5	C5	318	318	1	4	588	95	96	Bel	44.5
232	9	Re5	D5	327	327	1	4	588	95	96	ki 	44.75
233	9	Mi5	E5	336	336	1	8	294	95	96	ak 	44.875
234	9	Fa5	F5	340	340	1	4	588	95	96	bir 	45.125
235	9	Sol5	G5	349	349	1	8	294	95	96	kö	45.25
236	9	La5	A5	358	358	7	8	2058	95	96	pük 	46.125
237	9			-1	-1	1	8	294	100	0		46.25
238	9	Sol5	G5	349	349	1	4	588	95	96	bel	46.5
239	9	La5	A5	358	358	1	8	294	95	96	ki 	46.625
240	9	Si5b5	B5b5	362	362	1	4	588	95	96	bir 	46.875
241	9	Do6	C6	371	371	1	8	294	95	96	ö	47
242	9	Si5b5	B5b5	362	362	1	8	294	95	96	pü	47.125
243	9	La5	A5	358	358	3	8	882	95	96	cük  	47.5
244	9	Fa5	F5	340	340	1	8	294	95	96	SAZ 	47.625
245	9	Re5	D5	327	327	1	8	294	95	96	.	47.75
246	9	Fa5	F5	340	340	1	8	294	95	96	.	47.875
247	9	La5	A5	358	358	1	4	588	95	96	.	48.125
248	9			-1	-1	1	8	294	100	0		48.25
249	9	Sol5	G5	349	349	1	4	588	95	96	Bel	48.5
250	9	La5	A5	358	358	1	8	294	95	96	ki 	48.625
251	9	Si5b5	B5b5	362	362	1	4	588	99	96	bir 	48.875
252	9	Do6	C6	371	371	1	4	588	95	96		49.125
253	9			-1	-1	1	8	294	100	0		49.25
254	9	La5	A5	358	358	1	4	588	95	96	fýr	49.5
255	9	Sol5	G5	349	349	1	8	294	95	96	tý	49.625
256	9	Fa5	F5	340	340	1	2	1176	95	96	na 	50.125
257	9			-1	-1	1	8	294	100	0		50.25
258	9	La5	A5	358	358	1	4	588	95	96	bel	50.5
259	9	Sol5	G5	349	349	1	8	294	95	96	ki 	50.625
260	9	Fa5	F5	340	340	1	8	294	95	96	e	50.75
261	9	Sol5	G5	349	349	3	8	882	95	96	sen 	51.125
262	9	Mi5	E5	336	336	3	8	882	95	96	yel  	51.5
263	9	Fa5	F5	340	340	1	8	294	95	96	SAZ 	51.625
264	9	Sol5	G5	349	349	1	8	294	95	96	.	51.75
265	9	La5	A5	358	358	1	8	294	95	96	.	51.875
266	9	Sol5	G5	349	349	1	8	294	95	96	.	52
267	9	Fa5	F5	340	340	1	8	294	95	96	.	52.125
268	9	Mi5	E5	336	336	1	8	294	95	96	.	52.25
269	9	La5	A5	358	358	1	4	588	95	96	Bel	52.5
270	9	Fa5	F5	340	340	1	8	294	95	96	ki 	52.625
271	9	Mi5	E5	336	336	1	4	588	95	96	sev	52.875
272	9	Re5	D5	327	327	1	4	588	95	96	gi 	53.125
273	9	Do5	C5	318	318	1	8	294	95	96	se	53.25
274	9	Mi5	E5	336	336	3	8	882	95	96	li 	53.625
275	9	La4	A4	305	305	1	8	294	95	96	SAZ 	53.75
276	9	Do5	C5	318	318	1	8	294	95	96	.	53.875
277	9	Mi5	E5	336	336	1	4	588	95	96	.	54.125
278	9	Re5	D5	327	327	1	8	294	95	96	o	54.25
279	9	Do5	C5	318	318	3	8	882	95	96	lur 	54.625
280	9	Re5	D5	327	327	1	8	294	95	96	ge	54.75
281	9	Do5	C5	318	318	1	8	294	99	96	lir	54.875
282	9	Si4b5	B4b5	309	309	1	8	294	99	96		55
283	9	La4	A4	305	305	1	8	294	95	96		55.125
284	9	Si4b5	B4b5	309	309	1	2	1176	95	96	sin  	55.625
285	9	La4	A4	305	305	1	8	294	95	96	SAZ 	55.75
286	9	Do5	C5	318	318	1	8	294	95	96	.	55.875
287	9	Si4b5	B4b5	309	309	1	4	588	95	96	.	56.125
288	9			-1	-1	1	8	294	100	0		56.25
289	9	La4	A4	305	305	1	4	588	95	96	Bel	56.5
290	9	Si4b5	B4b5	309	309	1	8	294	95	96	ki 	56.625
291	9	Do5	C5	318	318	1	4	588	95	96	sev	56.875
292	9	Re5	D5	327	327	1	4	588	95	96	gi 	57.125
293	9	Do5	C5	318	318	1	8	294	95	96	se	57.25
294	9	Mi5	E5	336	336	3	8	882	95	96	li 	57.625
295	9	La4	A4	305	305	1	8	294	95	96	SAZ 	57.75
296	9	Do5	C5	318	318	1	8	294	95	96	.	57.875
297	9	Mi5	E5	336	336	1	4	588	95	96	.	58.125
298	9	Re5	D5	327	327	1	8	294	95	96	o	58.25
299	9	Do5	C5	318	318	3	8	882	95	96	lur 	58.625
300	9	Mi5b5	E5b5	331	331	1	8	294	95	96	ge	58.75
301	9	Re5	D5	327	327	1	8	294	99	96	lir	58.875
302	9	Do5	C5	318	318	1	8	294	99	96		59
303	9	Si4b5	B4b5	309	309	1	8	294	95	96		59.125
304	9	La4	A4	305	305	1	1	2352	95	96	sin  	60.125
305	1	Si4b5	B4b5	309	309	1	8	294	95	96	ARANAÐME 	60.25
306	9	La5	A5	358	358	1	4	588	95	96	.	60.5
307	9	Sol5	G5	349	349	1	8	294	95	96	.	60.625
308	9	La5	A5	358	358	1	4	588	95	96	.	60.875
309	9	Fa5	F5	340	340	1	4	588	95	96	.	61.125
310	9	Re5	D5	327	327	1	2	1176	95	96	.	61.625
311	9			-1	-1	1	8	294	100	0	.	61.75
312	9	Re5	D5	327	327	1	8	294	95	96	.	61.875
313	9	Mi5	E5	336	336	1	8	294	95	96	.	62
314	9	Fa5#4	F5#4	344	344	1	8	294	95	96	.	62.125
315	9	Sol5	G5	349	349	1	8	294	95	96	.	62.25
316	9	Sol5	G5	349	349	1	4	588	95	96	.	62.5
317	9	Fa5#4	F5#4	344	344	1	8	294	95	96	.	62.625
318	9	Sol5	G5	349	349	1	4	588	95	96	.	62.875
319	9	Mi5	E5	336	336	1	4	588	95	96	.	63.125
320	9	Do5	C5	318	318	1	2	1176	95	96	.	63.625
321	9			-1	-1	1	8	294	100	0	.	63.75
322	9	Do5	C5	318	318	1	8	294	95	96	.	63.875
323	9	Re5	D5	327	327	1	8	294	95	96	.	64
324	9	Mi5	E5	336	336	1	8	294	95	96	.	64.125
325	9	Fa5	F5	340	340	1	8	294	95	96	.	64.25
326	9	Fa5	F5	340	340	1	4	588	95	96	.	64.5
327	9	Mi5	E5	336	336	1	8	294	95	96	.	64.625
328	9	Fa5	F5	340	340	1	4	588	95	96	.	64.875
329	9	Re5	D5	327	327	1	4	588	95	96	.	65.125
330	9	Si4b5	B4b5	309	309	1	2	1176	95	96	.	65.625
331	9	Si4b5	B4b5	309	309	1	16	147	95	96	.	65.6875
332	9	Do5	C5	318	318	1	16	147	95	96	.	65.75
333	9	La4	A4	305	305	1	16	147	95	96	.	65.8125
334	9	Si4b5	B4b5	309	309	1	16	147	95	96	.	65.875
335	9	Sol4	G4	296	296	1	4	588	95	96	.	66.125
336	9			-1	-1	1	8	294	100	0	.	66.25
337	9	Mi5b5	E5b5	331	331	1	4	588	95	96	.	66.5
338	9	Re5	D5	327	327	1	8	294	95	96	.	66.625
339	9	Do5	C5	318	318	1	4	588	95	96	.	66.875
340	9	Si4b5	B4b5	309	309	1	4	588	95	96	.	67.125
341	9	La4	A4	305	305	1	2	1176	95	96	SAZ 	67.625
342	9	La5	A5	358	358	1	8	294	95	96	.	67.75
343	9	Sol5#4	G5#4	353	353	1	8	294	95	96	.	67.875
344	9	La5	A5	358	358	1	4	588	95	96	.  	68.125
345	9	La5	A5	358	358	1	8	294	95	96	Ka	68.25
346	9	Sol5#4	G5#4	353	353	3	8	882	95	96	bar	68.625
347	9	La5	A5	358	358	1	2	1176	95	96	sýn 	69.125
348	9			-1	-1	1	8	294	100	0		69.25
349	9	Fa5	F5	340	340	1	4	588	95	96	dal	69.5
350	9	Mi5	E5	336	336	1	8	294	95	96	ga	69.625
351	9	Re5	D5	327	327	1	2	1176	95	96	lar 	70.125
352	9	La5	A5	358	358	1	4	588	95	96	gel	70.375
353	9	La5	A5	358	358	1	4	588	95	96	sin 	70.625
354	9			-1	-1	1	8	294	100	0		70.75
355	9	Sol5	G5	349	349	1	4	588	95	96	fýr	71
356	9	La5	A5	358	358	1	8	294	95	96	tý	71.125
357	9	Si5b5	B5b5	362	362	1	2	1176	95	96	na  	71.625
358	9	Sol5	G5	349	349	1	8	294	95	96	SAZ 	71.75
359	9	La5	A5	358	358	1	8	294	95	96	.	71.875
360	9	Si5b5	B5b5	362	362	1	4	588	95	96	.	72.125
361	9	Sol5	G5	349	349	1	4	588	95	96	Bir 	72.375
362	9	Fa5#4	F5#4	344	344	1	4	588	95	96	mar	72.625
363	9	Sol5	G5	349	349	1	4	588	95	96	tý 	72.875
364	9			-1	-1	1	4	588	100	0		73.125
365	9	Fa5	F5	340	340	1	4	588	95	96	çýr	73.375
366	9	Mi5	E5	336	336	1	4	588	95	96	pýn	73.625
367	9	Fa5	F5	340	340	1	2	1176	95	96	sýn 	74.125
368	9			-1	-1	1	8	294	100	0		74.25
369	9	Sol5	G5	349	349	1	4	588	95	96	poy	74.5
370	9	La5	A5	358	358	1	8	294	95	96	raz 	74.625
371	9	La5	A5	358	358	1	8	294	95	96	e	74.75
372	9	Sol5	G5	349	349	1	8	294	99	96	lin	74.875
373	9	Fa5	F5	340	340	1	8	294	99	96		75
374	9	Mi5	E5	336	336	1	8	294	95	96		75.125
375	9	Mi5	E5	336	336	1	2	1176	95	96	de  	75.625
376	9	La5	A5	358	358	1	8	294	95	96	SAZ 	75.75
377	9	Sol5#4	G5#4	353	353	1	8	294	95	96	.	75.875
378	9	La5	A5	358	358	1	4	588	95	96	.	76.125
379	9	La5	A5	358	358	1	8	294	95	96	Ka	76.25
380	9	Sol5#4	G5#4	353	353	3	8	882	95	96	bar	76.625
381	9	La5	A5	358	358	1	2	1176	95	96	sýn 	77.125
382	9			-1	-1	1	8	294	100	0		77.25
383	9	Fa5	F5	340	340	1	4	588	95	96	dal	77.5
384	9	Mi5	E5	336	336	1	8	294	95	96	ga	77.625
385	9	Re5	D5	327	327	1	2	1176	95	96	lar 	78.125
386	9	La5	A5	358	358	1	4	588	95	96	gel	78.375
387	9	La5	A5	358	358	1	4	588	95	96	sin 	78.625
388	9			-1	-1	1	8	294	100	0		78.75
389	9	Sol5	G5	349	349	1	4	588	95	96	fýr	79
390	9	La5	A5	358	358	1	8	294	95	96	tý	79.125
391	9	Si5b5	B5b5	362	362	1	2	1176	95	96	na  	79.625
392	9	Sol5	G5	349	349	1	8	294	95	96	SAZ 	79.75
393	9	La5	A5	358	358	1	8	294	95	96	.	79.875
394	9	Si5b5	B5b5	362	362	1	4	588	95	96	.	80.125
395	9	Sol5	G5	349	349	1	4	588	95	96	Bir 	80.375
396	9	Fa5#4	F5#4	344	344	1	4	588	95	96	mar	80.625
397	9	Sol5	G5	349	349	1	4	588	95	96	tý 	80.875
398	9			-1	-1	1	4	588	100	0		81.125
399	9	Fa5	F5	340	340	1	4	588	95	96	çýr	81.375
400	9	Mi5	E5	336	336	1	4	588	95	96	pýn	81.625
401	9	Fa5	F5	340	340	1	2	1176	95	96	sýn 	82.125
402	9			-1	-1	1	8	294	100	0		82.25
403	9	Sol5	G5	349	349	1	4	588	95	96	poy	82.5
404	9	La5	A5	358	358	1	8	294	95	96	raz 	82.625
405	9	La5	A5	358	358	1	8	294	95	96	e	82.75
406	9	Sol5	G5	349	349	1	8	294	99	96	lin	82.875
407	9	Fa5	F5	340	340	1	8	294	99	96		83
408	9	Mi5	E5	336	336	1	8	294	95	96		83.125
409	9	Mi5	E5	336	336	1	2	1176	95	96	de  	83.625
410	9	Fa5	F5	340	340	1	8	294	95	96	.	83.75
411	9	Mi5	E5	336	336	1	8	294	95	96	.	83.875
412	9	Fa5	F5	340	340	1	4	588	95	96	.	84.125
413	9	Re5	D5	327	327	1	4	588	95	96	Bir 	84.375
414	9	Mi5	E5	336	336	1	4	588	95	96	sev	84.625
415	9	Fa5	F5	340	340	1	4	588	95	96	gi 	84.875
416	9			-1	-1	1	4	588	100	0		85.125
417	9			-1	-1	1	4	588	100	0		85.375
418	9	Sol5	G5	349	349	1	8	294	95	96	gü	85.5
419	9	Fa5	F5	340	340	1	8	294	95	96	lü	85.625
420	9	Mi5	E5	336	336	1	4	588	95	96	þü 	85.875
421	9			-1	-1	1	4	588	100	0		86.125
422	9	Mi5	E5	336	336	1	8	294	95	96	ya	86.25
423	9	Re5	D5	327	327	3	8	882	99	96	kýn	86.625
424	9	Re5	D5	327	327	1	8	294	99	96		86.75
425	9	Do5	C5	318	318	1	8	294	95	96		86.875
426	9	Mi5	E5	336	336	1	8	294	95	96	lý	87
427	9	Re5	D5	327	327	1	8	294	95	96	ðý	87.125
428	9	Do5	C5	318	318	1	2	1176	95	96	na 	87.625
429	9	Do5	C5	318	318	1	8	294	99	96	ah  	87.75
430	9	Re5	D5	327	327	1	8	294	95	96		87.875
431	9	Mi5b5	E5b5	331	331	1	4	588	101	96		88.125
432	9	Mi5b5	E5b5	331	331	1	8	294	95	96	Sý	88.25
433	9	Mi5b5	E5b5	331	331	3	8	882	95	96	ðýn	88.625
434	9	Re5	D5	327	327	1	2	1176	95	96	san 	89.125
435	9	Re5	D5	327	327	1	8	294	95	96	ge	89.25
436	9	Mi5	E5	336	336	1	4	588	99	96	tir	89.5
437	9	Re5	D5	327	327	1	8	294	95	96		89.625
438	9	Si4b5	B4b5	309	309	1	8	294	99	96	se 	89.75
439	9	Si4b5	B4b5	309	309	1	16	147	99	96		89.8125
440	9	La4	A4	305	305	1	16	147	99	96		89.875
441	9	Si4b5	B4b5	309	309	1	4	588	95	96		90.125
442	9			-1	-1	1	8	294	100	0		90.25
443	9	Si4b5	B4b5	309	309	3	8	882	95	96	sev	90.625
444	9	La4	A4	305	305	1	8	294	95	96	gi	90.75
445	9	Re5	D5	327	327	1	4	588	95	96	ni 	91
446	9	Si4b5	B4b5	309	309	1	8	294	95	96	ba	91.125
447	9	La4	A4	305	305	1	2	1176	95	96	na  	91.625
448	9	Fa5	F5	340	340	1	8	294	95	96	SAZ 	91.75
449	9	Mi5	E5	336	336	1	8	294	95	96	.	91.875
450	9	Fa5	F5	340	340	1	4	588	95	96	.	92.125
451	9	Re5	D5	327	327	1	4	588	95	96	Bir 	92.375
452	9	Mi5	E5	336	336	1	4	588	95	96	sev	92.625
453	9	Fa5	F5	340	340	1	4	588	95	96	gi 	92.875
454	9			-1	-1	1	4	588	100	0		93.125
455	9			-1	-1	1	4	588	100	0		93.375
456	9	Sol5	G5	349	349	1	8	294	95	96	gü	93.5
457	9	Fa5	F5	340	340	1	8	294	95	96	lü	93.625
458	9	Mi5	E5	336	336	1	4	588	95	96	þü 	93.875
459	9			-1	-1	1	4	588	100	0		94.125
460	9	Mi5	E5	336	336	1	8	294	95	96	ya	94.25
461	9	Re5	D5	327	327	3	8	882	99	96	kýn	94.625
462	9	Re5	D5	327	327	1	8	294	99	96		94.75
463	9	Do5	C5	318	318	1	8	294	95	96		94.875
464	9	Mi5	E5	336	336	1	8	294	95	96	lý	95
465	9	Re5	D5	327	327	1	8	294	95	96	ðý	95.125
466	9	Do5	C5	318	318	1	2	1176	95	96	na 	95.625
467	9	Do5	C5	318	318	1	8	294	99	96	ah  	95.75
468	9	Re5	D5	327	327	1	8	294	95	96		95.875
469	9	Mi5b5	E5b5	331	331	1	4	588	101	96		96.125
470	9	Mi5b5	E5b5	331	331	1	8	294	95	96	Sý	96.25
471	9	Mi5b5	E5b5	331	331	3	8	882	95	96	ðýn	96.625
472	9	Re5	D5	327	327	1	2	1176	95	96	san 	97.125
473	9	Re5	D5	327	327	1	8	294	95	96	ge	97.25
474	9	Mi5	E5	336	336	1	4	588	99	96	tir	97.5
475	9	Re5	D5	327	327	1	8	294	95	96		97.625
476	9	Si4b5	B4b5	309	309	1	8	294	99	96	se 	97.75
477	9	Si4b5	B4b5	309	309	1	16	147	99	96		97.8125
478	9	La4	A4	305	305	1	16	147	99	96		97.875
479	9	Si4b5	B4b5	309	309	1	4	588	95	96		98.125
480	9			-1	-1	1	8	294	100	0		98.25
481	9	Si4b5	B4b5	309	309	3	8	882	95	96	sev	98.625
482	9	La4	A4	305	305	1	8	294	95	96	gi	98.75
483	9	Re5	D5	327	327	1	4	588	95	96	ni 	99
484	9	Si4b5	B4b5	309	309	1	8	294	95	96	ba	99.125
485	9	La4	A4	305	305	3	8	882	95	96	na  	99.5
486	9	Si4b5	B4b5	309	309	1	8	294	95	96	SAZ 	99.625
487	9	Re5	D5	327	327	1	8	294	95	96	.	99.75
488	9	Mi5	E5	336	336	1	8	294	95	96	.	99.875
489	9	Re5	D5	327	327	1	8	294	95	96	.	100
490	9	Si4b5	B4b5	309	309	1	8	294	95	96	.	100.125
491	9	La4	A4	305	305	1	8	294	95	96	.  	100.25
492	9	La4	A4	305	305	1	4	588	95	96	Bel	100.5
493	9	Si4b5	B4b5	309	309	1	8	294	95	96	ki 	100.625
494	9	Do5	C5	318	318	1	2	1176	95	96	bir 	101.125
495	9			-1	-1	1	8	294	100	0		101.25
496	9	Re5	D5	327	327	1	4	588	95	96	dam	101.5
497	9	Do5	C5	318	318	1	8	294	95	96	la 	101.625
498	9	Mi5	E5	336	336	1	2	1176	95	96	su 	102.125
499	9			-1	-1	1	8	294	100	0		102.25
500	9	Mi5	E5	336	336	1	4	588	95	96	bel	102.5
501	9	Re5	D5	327	327	1	8	294	95	96	ki 	102.625
502	9	Re5	D5	327	327	1	8	294	99	96	bir 	102.75
503	9	Do5	C5	318	318	1	8	294	95	96		102.875
504	9	Mi5	E5	336	336	1	8	294	95	96	gü	103
505	9	Re5	D5	327	327	1	8	294	95	96	lü	103.125
506	9	Do5	C5	318	318	3	8	882	95	96	cük  	103.5
507	9	Re5	D5	327	327	1	8	294	95	96	SAZ 	103.625
508	9	Mi5	E5	336	336	1	8	294	95	96	.	103.75
509	9	Fa5	F5	340	340	1	8	294	95	96	.	103.875
510	9	Mi5	E5	336	336	1	8	294	95	96	.	104
511	9	Re5	D5	327	327	1	8	294	95	96	.	104.125
512	9	Do5	C5	318	318	1	8	294	95	96	.	104.25
513	9	Do5	C5	318	318	1	4	588	95	96	Bel	104.5
514	9	Re5	D5	327	327	1	4	588	95	96	ki 	104.75
515	9	Mi5	E5	336	336	1	8	294	95	96	ak 	104.875
516	9	Fa5	F5	340	340	1	4	588	95	96	bir 	105.125
517	9	Sol5	G5	349	349	1	8	294	95	96	kö	105.25
518	9	La5	A5	358	358	7	8	2058	95	96	pük 	106.125
519	9			-1	-1	1	8	294	100	0		106.25
520	9	Sol5	G5	349	349	1	4	588	95	96	bel	106.5
521	9	La5	A5	358	358	1	8	294	95	96	ki 	106.625
522	9	Si5b5	B5b5	362	362	1	4	588	95	96	bir 	106.875
523	9	Do6	C6	371	371	1	8	294	95	96	ö	107
524	9	Si5b5	B5b5	362	362	1	8	294	95	96	pü	107.125
525	9	La5	A5	358	358	3	8	882	95	96	cük  	107.5
526	9	Fa5	F5	340	340	1	8	294	95	96	SAZ 	107.625
527	9	Re5	D5	327	327	1	8	294	95	96	.	107.75
528	9	Fa5	F5	340	340	1	8	294	95	96	.	107.875
529	9	La5	A5	358	358	1	4	588	95	96	.	108.125
530	9			-1	-1	1	8	294	100	0		108.25
531	9	Sol5	G5	349	349	1	4	588	95	96	Bel	108.5
532	9	La5	A5	358	358	1	8	294	95	96	ki 	108.625
533	9	Si5b5	B5b5	362	362	1	4	588	99	96	bir 	108.875
534	9	Do6	C6	371	371	1	4	588	95	96		109.125
535	9			-1	-1	1	8	294	100	0		109.25
536	9	La5	A5	358	358	1	4	588	95	96	fýr	109.5
537	9	Sol5	G5	349	349	1	8	294	95	96	tý	109.625
538	9	Fa5	F5	340	340	1	2	1176	95	96	na 	110.125
539	9			-1	-1	1	8	294	100	0		110.25
540	9	La5	A5	358	358	1	4	588	95	96	bel	110.5
541	9	Sol5	G5	349	349	1	8	294	95	96	ki 	110.625
542	9	Fa5	F5	340	340	1	8	294	95	96	e	110.75
543	9	Sol5	G5	349	349	3	8	882	95	96	sen 	111.125
544	9	Mi5	E5	336	336	3	8	882	95	96	yel  	111.5
545	9	Fa5	F5	340	340	1	8	294	95	96	SAZ 	111.625
546	9	Sol5	G5	349	349	1	8	294	95	96	.	111.75
547	9	La5	A5	358	358	1	8	294	95	96	.	111.875
548	9	Sol5	G5	349	349	1	8	294	95	96	.	112
549	9	Fa5	F5	340	340	1	8	294	95	96	.	112.125
550	9	Mi5	E5	336	336	1	8	294	95	96	.	112.25
551	9	La5	A5	358	358	1	4	588	95	96	Bel	112.5
552	9	Fa5	F5	340	340	1	8	294	95	96	ki 	112.625
553	9	Mi5	E5	336	336	1	4	588	95	96	sev	112.875
554	9	Re5	D5	327	327	1	4	588	95	96	gi 	113.125
555	9	Do5	C5	318	318	1	8	294	95	96	se	113.25
556	9	Mi5	E5	336	336	3	8	882	95	96	li 	113.625
557	9	La4	A4	305	305	1	8	294	95	96	SAZ 	113.75
558	9	Do5	C5	318	318	1	8	294	95	96	.	113.875
559	9	Mi5	E5	336	336	1	4	588	95	96	.	114.125
560	9	Re5	D5	327	327	1	8	294	95	96	o	114.25
561	9	Do5	C5	318	318	3	8	882	95	96	lur 	114.625
562	9	Re5	D5	327	327	1	8	294	95	96	ge	114.75
563	9	Do5	C5	318	318	1	8	294	99	96	lir	114.875
564	9	Si4b5	B4b5	309	309	1	8	294	99	96		115
565	9	La4	A4	305	305	1	8	294	95	96		115.125
566	9	Si4b5	B4b5	309	309	1	2	1176	95	96	sin  	115.625
567	9	La4	A4	305	305	1	8	294	95	96	SAZ 	115.75
568	9	Do5	C5	318	318	1	8	294	95	96	.	115.875
569	9	Si4b5	B4b5	309	309	1	4	588	95	96	.	116.125
570	9			-1	-1	1	8	294	100	0		116.25
571	9	La4	A4	305	305	1	4	588	95	96	Bel	116.5
572	9	Si4b5	B4b5	309	309	1	8	294	95	96	ki 	116.625
573	9	Do5	C5	318	318	1	4	588	95	96	sev	116.875
574	9	Re5	D5	327	327	1	4	588	95	96	gi 	117.125
575	9	Do5	C5	318	318	1	8	294	95	96	se	117.25
576	9	Mi5	E5	336	336	3	8	882	95	96	li 	117.625
577	9	La4	A4	305	305	1	8	294	95	96	SAZ 	117.75
578	9	Do5	C5	318	318	1	8	294	95	96	.	117.875
579	9	Mi5	E5	336	336	1	4	588	95	96	.	118.125
580	9	Re5	D5	327	327	1	8	294	95	96	o	118.25
581	9	Do5	C5	318	318	3	8	882	95	96	lur 	118.625
582	9	Mi5b5	E5b5	331	331	1	8	294	95	96	ge	118.75
583	9	Re5	D5	327	327	1	8	294	99	96	lir	118.875
584	9	Do5	C5	318	318	1	8	294	99	96		119
585	9	Si4b5	B4b5	309	309	1	8	294	95	96		119.125
586	9	La4	A4	305	305	1	4	588	95	96	sin  	119.375
587	9	Mi5b5	E5b5	331	331	1	8	294	95	96	SAZ 	119.5
588	9	Re5	D5	327	327	1	16	147	95	96	KARAR 	119.5625
589	9	Do5	C5	318	318	1	16	147	95	96	.	119.625
590	9	Do5	C5	318	318	1	8	294	95	96	.	119.75
591	9	Si4b5	B4b5	309	309	1	16	147	95	96	.	119.8125
592	9	Si4b5	B4b5	309	309	1	16	147	95	96	.	119.875
593	9	La4	A4	305	305	1	4	588	95	96	.	120.125
