Sira	Kod	Nota53	NotaAE	Koma53	KomaAE	Pay	Payda	Ms	LNS	Bas	Soz1	Offset
1	9	Mi5	E5	336	336	1	8	476	95	96	1. HANE 	0.1
2	9	Re5	D5	327	327	1	8	476	95	96		0.2
3	9	Do5	C5	318	318	1	8	476	95	96		0.3
4	9	Si4b2	B4b1	312	313	1	8	476	95	96		0.4
5	9	La4	A4	305	305	1	8	476	95	96		0.5
6	9	Sol4	G4	296	296	1	8	476	95	96		0.6
7	9	Mi5	E5	336	336	1	8	476	95	96		0.7
8	9	Re5	D5	327	327	1	4	952	95	96		0.9
9	9			-1	-1	1	8	476	100	0		1
10	9	Re5	D5	327	327	1	4	952	95	96		1.2
11	9	Sol5	G5	349	349	1	8	476	95	96		1.3
12	9	Fa5#4	F5#4	344	344	3	16	714	95	96		1.45
13	9	Mi5	E5	336	336	1	16	238	95	96		1.5
14	9	La5	A5	358	358	1	8	476	95	96		1.6
15	9	Sol5	G5	349	349	1	16	238	95	96		1.65
16	9	Fa5#4	F5#4	344	344	1	16	238	95	96		1.7
17	9	Fa5#4	F5#4	344	344	1	16	238	95	96		1.75
18	9	Mi5	E5	336	336	1	16	238	95	96		1.8
19	9	Re5	D5	327	327	1	8	476	95	96		1.9
20	9	Re5	D5	327	327	1	8	476	95	96		2
21	9	Re5	D5	327	327	1	4	952	95	96		2.2
22	9	Sol5	G5	349	349	1	8	476	95	96		2.3
23	9	Fa5#4	F5#4	344	344	1	16	238	95	96		2.35
24	9	Sol5	G5	349	349	1	16	238	95	96		2.4
25	9	Fa5#4	F5#4	344	344	1	16	238	95	96		2.45
26	9	Sol5	G5	349	349	1	16	238	95	96		2.5
27	9	La5	A5	358	358	1	16	238	95	96		2.55
28	9	Si5b2	B5b1	365	366	1	16	238	95	96		2.6
29	9	La5	A5	358	358	1	16	238	95	96		2.65
30	9	Sol5	G5	349	349	1	16	238	95	96		2.7
31	9	Fa5#4	F5#4	344	344	1	4	952	95	96		2.9
32	9	Sol5	G5	349	349	1	8	476	95	96		3
33	9	Fa5#4	F5#4	344	344	1	8	476	95	96		3.1
34	9	Mi5	E5	336	336	1	8	476	95	96		3.2
35	9	Re5	D5	327	327	1	8	476	95	96		3.3
36	9	Do5#4	C5#4	322	322	1	16	238	95	96		3.35
37	9	Re5	D5	327	327	1	16	238	95	96		3.4
38	9	Do5#4	C5#4	322	322	1	16	238	95	96		3.45
39	9	Re5	D5	327	327	1	16	238	95	96		3.5
40	9	Mi5	E5	336	336	1	8	476	95	96		3.6
41	9	Fa5#4	F5#4	344	344	1	8	476	95	96		3.7
42	9	Re5	D5	327	327	1	4	952	95	96		3.9
43	9			-1	-1	1	8	476	100	0		4
44	9	Re5	D5	327	327	1	4	952	95	96	TESLÝM 	4.2
45	9	La5	A5	358	358	1	16	238	95	96		4.25
46	9	La5	A5	358	358	1	16	238	95	96		4.3
47	9	La5	A5	358	358	3	16	714	95	96		4.45
48	9	Fa5#4	F5#4	344	344	1	16	238	95	96		4.5
49	9	Sol5	G5	349	349	1	16	238	95	96		4.55
50	9	La5	A5	358	358	1	16	238	95	96		4.6
51	9	Sol5	G5	349	349	1	16	238	95	96		4.65
52	9	Fa5#4	F5#4	344	344	1	16	238	95	96		4.7
53	9	Do6	C6	371	371	3	32	357	95	96		4.775
54	9	Si5b2	B5b1	365	366	1	32	119	95	96		4.8
55	9	La5	A5	358	358	1	8	476	95	96		4.9
56	9	La5	A5	358	358	1	8	476	95	96		5
57	9	Do6	C6	371	371	1	4	952	95	96		5.2
58	9	Si5b2	B5b1	365	366	1	8	476	95	96		5.3
59	9	La5	A5	358	358	1	8	476	95	96		5.4
60	9	Sol5	G5	349	349	1	16	238	95	96		5.45
61	9	Fa5#4	F5#4	344	344	1	16	238	95	96		5.5
62	9	Mi5	E5	336	336	1	16	238	95	96		5.55
63	9	Fa5#4	F5#4	344	344	1	16	238	95	96		5.6
64	9	Mi5	E5	336	336	1	16	238	95	96		5.65
65	9	Fa5#4	F5#4	344	344	1	16	238	95	96		5.7
66	9	Sol5	G5	349	349	1	4	952	95	96		5.9
67	9	La5	A5	358	358	1	8	476	95	96		6
68	9	Fa5#4	F5#4	344	344	1	16	238	95	96		6.05
69	9	Sol5	G5	349	349	1	16	238	95	96		6.1
70	9	Fa5#4	F5#4	344	344	1	16	238	95	96		6.15
71	9	Sol5	G5	349	349	1	16	238	95	96		6.2
72	9	La5	A5	358	358	1	16	238	95	96		6.25
73	9	Sol5	G5	349	349	1	16	238	95	96		6.3
74	9	Fa5#4	F5#4	344	344	3	16	714	95	96		6.45
75	9	Mi5	E5	336	336	1	16	238	95	96		6.5
76	9	Re5	D5	327	327	1	16	238	95	96		6.55
77	9	Mi5	E5	336	336	1	16	238	95	96		6.6
78	9	Re5	D5	327	327	1	16	238	95	96		6.65
79	9	Mi5	E5	336	336	1	16	238	95	96		6.7
80	9	Fa5#4	F5#4	344	344	1	4	952	95	96		6.9
81	9	Sol5	G5	349	349	1	8	476	95	96		7
82	9	Fa5#4	F5#4	344	344	1	8	476	95	96		7.1
83	9	Mi5	E5	336	336	1	8	476	95	96		7.2
84	9	Re5	D5	327	327	1	8	476	95	96		7.3
85	9	Do5#4	C5#4	322	322	1	16	238	95	96		7.35
86	9	Re5	D5	327	327	1	16	238	95	96		7.4
87	9	Do5#4	C5#4	322	322	1	16	238	95	96		7.45
88	9	Re5	D5	327	327	1	16	238	95	96		7.5
89	9	Mi5	E5	336	336	1	8	476	95	96		7.6
90	9	Fa5#4	F5#4	344	344	1	8	476	95	96		7.7
91	9	Re5	D5	327	327	1	4	952	95	96		7.9
92	9			-1	-1	1	8	476	100	0		8
93	9	Re5	D5	327	327	1	4	952	95	96	2. HANE 	8.2
94	9	Mi5	E5	336	336	1	8	476	95	96		8.3
95	9	Re5	D5	327	327	1	4	952	95	96		8.5
96	9	Do5#4	C5#4	322	322	1	4	952	95	96		8.7
97	9	Re5	D5	327	327	1	4	952	95	96		8.9
98	9			-1	-1	1	8	476	100	0		9
99	9	La4	A4	305	305	3	16	714	95	96		9.15
100	9	La4	A4	305	305	1	16	238	95	96		9.2
101	9	La4	A4	305	305	1	8	476	95	96		9.3
102	9	Do5#4	C5#4	322	322	1	8	476	95	96		9.4
103	9	Si4b4	B4b4	310	310	1	16	238	95	96		9.45
104	9	La4	A4	305	305	1	16	238	95	96		9.5
105	9	Sol4	G4	296	296	3	16	714	95	96		9.65
106	9	Sol4	G4	296	296	1	16	238	95	96		9.7
107	9	Re5	D5	327	327	1	4	952	95	96		9.9
108	9			-1	-1	1	8	476	100	0		10
109	9	Re5	D5	327	327	1	4	952	95	96		10.2
110	9	Sol5	G5	349	349	1	8	476	95	96		10.3
111	9	Fa5#4	F5#4	344	344	1	16	238	95	96		10.35
112	9	Sol5	G5	349	349	1	16	238	95	96		10.4
113	9	Fa5#4	F5#4	344	344	1	16	238	95	96		10.45
114	9	Sol5	G5	349	349	1	16	238	95	96		10.5
115	9	La5	A5	358	358	1	16	238	95	96		10.55
116	9	Si5b2	B5b1	365	366	1	16	238	95	96		10.6
117	9	La5	A5	358	358	1	16	238	95	96		10.65
118	9	Sol5	G5	349	349	1	16	238	95	96		10.7
119	9	Fa5#4	F5#4	344	344	1	4	952	95	96		10.9
120	9	Sol5	G5	349	349	1	8	476	95	96		11
121	9	Fa5#4	F5#4	344	344	1	8	476	95	96		11.1
122	9	Mi5	E5	336	336	1	8	476	95	96		11.2
123	9	Re5	D5	327	327	1	8	476	95	96		11.3
124	9	Do5#4	C5#4	322	322	1	16	238	95	96		11.35
125	9	Re5	D5	327	327	1	16	238	95	96		11.4
126	9	Do5#4	C5#4	322	322	1	16	238	95	96		11.45
127	9	Re5	D5	327	327	1	16	238	95	96		11.5
128	9	Mi5	E5	336	336	1	8	476	95	96		11.6
129	9	Fa5#4	F5#4	344	344	1	8	476	95	96		11.7
130	9	Re5	D5	327	327	1	4	952	95	96		11.9
131	9			-1	-1	1	8	476	100	0		12
132	51			0	0	6	4	0	10	0		12
133	52			0	0	1	4	0	126	0		12.16667
134	9	Fa5#4	F5#4	344	344	3	16	357	95	96	3. HANE 	12.29167
135	9	Mi5	E5	336	336	1	16	119	95	96		12.33333
136	9	Fa5#4	F5#4	344	344	1	8	238	95	96		12.41667
137	9	Sol5	G5	349	349	1	8	238	95	96		12.5
138	9	Fa5#4	F5#4	344	344	1	4	476	95	96		12.66667
139	9	Mi5	E5	336	336	1	4	476	95	96		12.83333
140	9	Re5	D5	327	327	1	4	476	95	96		13
141	9	La5	A5	358	358	1	4	476	95	96		13.16667
142	9	Sol5	G5	349	349	1	8	238	95	96		13.25
143	9	La5	A5	358	358	1	8	238	95	96		13.33333
144	9	Sol5	G5	349	349	1	8	238	95	96		13.41667
145	9	Fa5#4	F5#4	344	344	1	8	238	95	96		13.5
146	9	Fa5#4	F5#4	344	344	1	16	119	95	96		13.54167
147	9	Mi5	E5	336	336	1	16	119	95	96		13.58333
148	9	Fa5#4	F5#4	344	344	1	16	119	95	96		13.625
149	9	Sol5	G5	349	349	1	16	119	95	96		13.66667
150	9	Fa5#4	F5#4	344	344	1	8	238	95	96		13.75
151	9	Mi5	E5	336	336	1	8	238	95	96		13.83333
152	9	Re5	D5	327	327	3	8	714	95	96		14.08333
153	9			-1	-1	1	8	238	100	0		14.16667
154	9	La5	A5	358	358	3	16	357	95	96		14.29167
155	9	Si5b2	B5b1	365	366	1	16	119	95	96		14.33333
156	9	La5	A5	358	358	3	16	357	95	96		14.45833
157	9	Sol5	G5	349	349	1	16	119	95	96		14.5
158	9	Fa5#4	F5#4	344	344	1	4	476	95	96		14.66667
159	9	Mi5	E5	336	336	1	4	476	95	96		14.83333
160	9	Fa5#4	F5#4	344	344	1	4	476	95	96		15
161	9	Sol5	G5	349	349	1	4	476	95	96		15.16667
162	9	Sol5	G5	349	349	3	16	357	95	96		15.29167
163	9	Fa5#4	F5#4	344	344	1	16	119	95	96		15.33333
164	9	Mi5	E5	336	336	1	8	238	95	96		15.41667
165	9	Re5	D5	327	327	1	8	238	95	96		15.5
166	9	Fa5#4	F5#4	344	344	3	16	357	95	96		15.625
167	9	Mi5	E5	336	336	1	16	119	95	96		15.66667
168	9	Re5	D5	327	327	1	8	238	95	96		15.75
169	9	Do5#4	C5#4	322	322	1	8	238	95	96		15.83333
170	9	Re5	D5	327	327	1	4	476	95	96		16
171	9	Fa5#4	F5#4	344	344	1	4	476	95	96		16.16667
172	9	Fa5#4	F5#4	344	344	3	16	357	95	96	3. HANE 	16.29167
173	9	Mi5	E5	336	336	1	16	119	95	96		16.33333
174	9	Fa5#4	F5#4	344	344	1	8	238	95	96		16.41667
175	9	Sol5	G5	349	349	1	8	238	95	96		16.5
176	9	Fa5#4	F5#4	344	344	1	4	476	95	96		16.66667
177	9	Mi5	E5	336	336	1	4	476	95	96		16.83333
178	9	Re5	D5	327	327	1	4	476	95	96		17
179	9	La5	A5	358	358	1	4	476	95	96		17.16667
180	9	Sol5	G5	349	349	1	8	238	95	96		17.25
181	9	La5	A5	358	358	1	8	238	95	96		17.33333
182	9	Sol5	G5	349	349	1	8	238	95	96		17.41667
183	9	Fa5#4	F5#4	344	344	1	8	238	95	96		17.5
184	9	Fa5#4	F5#4	344	344	1	16	119	95	96		17.54167
185	9	Mi5	E5	336	336	1	16	119	95	96		17.58333
186	9	Fa5#4	F5#4	344	344	1	16	119	95	96		17.625
187	9	Sol5	G5	349	349	1	16	119	95	96		17.66667
188	9	Fa5#4	F5#4	344	344	1	8	238	95	96		17.75
189	9	Mi5	E5	336	336	1	8	238	95	96		17.83333
190	9	Re5	D5	327	327	3	8	714	95	96		18.08333
191	9			-1	-1	1	8	238	100	0		18.16667
192	9	La5	A5	358	358	3	16	357	95	96		18.29167
193	9	Si5b2	B5b1	365	366	1	16	119	95	96		18.33333
194	9	La5	A5	358	358	3	16	357	95	96		18.45833
195	9	Sol5	G5	349	349	1	16	119	95	96		18.5
196	9	Fa5#4	F5#4	344	344	1	4	476	95	96		18.66667
197	9	Mi5	E5	336	336	1	4	476	95	96		18.83333
198	9	Fa5#4	F5#4	344	344	1	4	476	95	96		19
199	9	Sol5	G5	349	349	1	4	476	95	96		19.16667
200	9	Sol5	G5	349	349	3	16	357	95	96		19.29167
201	9	Fa5#4	F5#4	344	344	1	16	119	95	96		19.33333
202	9	Mi5	E5	336	336	1	8	238	95	96		19.41667
203	9	Re5	D5	327	327	1	8	238	95	96		19.5
204	9	Fa5#4	F5#4	344	344	3	16	357	95	96		19.625
205	9	Mi5	E5	336	336	1	16	119	95	96		19.66667
206	9	Re5	D5	327	327	1	8	238	95	96		19.75
207	9	Do5#4	C5#4	322	322	1	8	238	95	96		19.83333
208	9	Re5	D5	327	327	1	4	476	95	96		20
209	9	La5	A5	358	358	1	4	476	95	96		20.16667
210	0	Es	Sus	-1	-1	0	0	0	100	0		20.16667
211	9	Fa5#4	F5#4	344	344	1	4	476	95	96		20.33333
212	9	Sol5	G5	349	349	1	4	476	95	96		20.5
213	9	La5	A5	358	358	1	4	476	95	96		20.66667
214	9	Si5b2	B5b1	365	366	1	4	476	95	96		20.83333
215	9	Do6	C6	371	371	1	4	476	95	96		21
216	9	Re6	D6	380	380	1	4	476	95	96		21.16667
217	9	Do6	C6	371	371	1	4	476	95	96		21.33333
218	9	Si5b2	B5b1	365	366	1	4	476	95	96		21.5
219	9	La5	A5	358	358	1	4	476	95	96		21.66667
220	9	Sol5	G5	349	349	1	4	476	95	96		21.83333
221	9	Sol5	G5	349	349	3	16	357	95	96		21.95833
222	9	Fa5#4	F5#4	344	344	1	16	119	95	96		22
223	9	Mi5	E5	336	336	1	4	476	101	96		22.16667
224	51			0	0	10	8	0	30	0		22.16667
225	52			0	0	1	8	0	126	0		22.26667
226	9	Fa5#4	F5#4	344	344	1	16	238	95	96		22.31667
227	9	Sol5	G5	349	349	1	16	238	95	96		22.36667
228	9	Fa5#4	F5#4	344	344	1	16	238	95	96		22.41667
229	9	Sol5	G5	349	349	1	16	238	95	96		22.46667
230	9	La5	A5	358	358	1	16	238	95	96		22.51667
231	9	Si5b2	B5b1	365	366	1	16	238	95	96		22.56667
232	9	La5	A5	358	358	1	8	476	95	96		22.66667
233	9	Sol5	G5	349	349	1	16	238	95	96		22.71667
234	9	Fa5#4	F5#4	344	344	1	16	238	95	96		22.76667
235	9	Fa5#4	F5#4	344	344	3	32	357	95	96		22.84167
236	9	Mi5	E5	336	336	1	32	119	95	96		22.86667
237	9	Re5	D5	327	327	1	16	238	95	96		22.91667
238	9	Mi5	E5	336	336	1	16	238	95	96		22.96667
239	9	Fa5#4	F5#4	344	344	1	4	952	95	96		23.16667
240	9	Sol5	G5	349	349	1	8	476	95	96		23.26667
241	0	Es	Sus	-1	-1	0	0	0	100	0		23.26667
242	0	Es	Sus	-1	-1	0	0	0	100	0		23.26667
243	9	Fa5#4	F5#4	344	344	1	8	476	95	96		23.36667
244	9	Mi5	E5	336	336	1	8	476	95	96		23.46667
245	9	Re5	D5	327	327	1	8	476	95	96		23.56667
246	9	Do5#4	C5#4	322	322	1	16	238	95	96		23.61667
247	9	Re5	D5	327	327	1	16	238	95	96		23.66667
248	9	Do5#4	C5#4	322	322	1	16	238	95	96		23.71667
249	9	Re5	D5	327	327	1	16	238	95	96		23.76667
250	9	Mi5	E5	336	336	1	8	476	95	96		23.86667
251	9	Fa5#4	F5#4	344	344	1	8	476	95	96		23.96667
252	9	Re5	D5	327	327	1	4	952	95	96		24.16667
253	9	La5	A5	358	358	1	8	476	95	96		24.26667
254	0	Es	Sus	-1	-1	0	0	0	100	0		24.26667
255	0	Es	Sus	-1	-1	0	0	0	100	0		24.26667
256	0	Es	Sus	-1	-1	0	0	0	100	0		24.26667
257	9	Fa5#4	F5#4	344	344	1	8	476	95	96		24.36667
258	9	Mi5	E5	336	336	1	8	476	95	96		24.46667
259	9	Re5	D5	327	327	1	8	476	95	96		24.56667
260	9	Do5#4	C5#4	322	322	1	16	238	95	96		24.61667
261	9	Re5	D5	327	327	1	16	238	95	96		24.66667
262	9	Do5#4	C5#4	322	322	1	16	238	95	96		24.71667
263	9	Re5	D5	327	327	1	16	238	95	96		24.76667
264	9	Mi5	E5	336	336	1	8	476	95	96		24.86667
265	9	Fa5#4	F5#4	344	344	1	8	476	95	96		24.96667
266	9	Re5	D5	327	327	1	4	952	95	96		25.16667
267	9			-1	-1	1	8	476	100	0		25.26667
268	9	Re5	D5	327	327	1	4	952	95	96	4. HANE 	25.46667
269	9	Re5	D5	327	327	1	16	238	95	96		25.51667
270	9	Re5	D5	327	327	1	16	238	95	96		25.56667
271	9	Re5	D5	327	327	1	4	952	95	96		25.76667
272	9	La5	A5	358	358	3	32	357	95	96		25.84167
273	9	Sol5	G5	349	349	1	32	119	95	96		25.86667
274	9	La5	A5	358	358	1	16	238	95	96		25.91667
275	9	Si5b2	B5b1	365	366	1	16	238	95	96		25.96667
276	9	Sol5	G5	349	349	1	4	952	95	96		26.16667
277	9	Fa5#4	F5#4	344	344	1	8	476	95	96		26.26667
278	9	Sol5	G5	349	349	1	16	238	95	96		26.31667
279	9	Fa5#4	F5#4	344	344	1	16	238	95	96		26.36667
280	9	Sol5	G5	349	349	1	16	238	95	96		26.41667
281	9	La5	A5	358	358	1	16	238	95	96		26.46667
282	9	Fa5#4	F5#4	344	344	1	4	952	95	96		26.66667
283	9	Mi5	E5	336	336	1	8	476	95	96		26.76667
284	9	Fa5#4	F5#4	344	344	1	16	238	95	96		26.81667
285	9	Mi5	E5	336	336	1	16	238	95	96		26.86667
286	9	Fa5#4	F5#4	344	344	1	16	238	95	96		26.91667
287	9	Sol5	G5	349	349	1	16	238	95	96		26.96667
288	9	Mi5	E5	336	336	1	4	952	95	96		27.16667
289	9	Fa5#4	F5#4	344	344	1	8	476	95	96		27.26667
290	9	Re5	D5	327	327	1	4	952	95	96		27.46667
291	9	Re5	D5	327	327	1	16	238	95	96		27.51667
292	9	Re5	D5	327	327	1	16	238	95	96		27.56667
293	9	Re5	D5	327	327	1	4	952	95	96		27.76667
294	9	Sol5	G5	349	349	1	16	238	95	96		27.81667
295	9	Fa5#4	F5#4	344	344	1	16	238	95	96		27.86667
296	9	Sol5	G5	349	349	1	16	238	95	96		27.91667
297	9	La5	A5	358	358	1	16	238	95	96		27.96667
298	9	Fa5#4	F5#4	344	344	1	4	952	95	96		28.16667
299	9	Sol5	G5	349	349	1	8	476	95	96		28.26667
300	9	Fa5#4	F5#4	344	344	1	8	476	95	96		28.36667
301	9	Mi5	E5	336	336	1	8	476	95	96		28.46667
302	9	Re5	D5	327	327	1	8	476	95	96		28.56667
303	9	Do5#4	C5#4	322	322	1	16	238	95	96		28.61667
304	9	Re5	D5	327	327	1	16	238	95	96		28.66667
305	9	Do5#4	C5#4	322	322	1	16	238	95	96		28.71667
306	9	Re5	D5	327	327	1	16	238	95	96		28.76667
307	9	Mi5	E5	336	336	1	8	476	95	96		28.86667
308	9	Fa5#4	F5#4	344	344	1	8	476	95	96		28.96667
309	9	Re5	D5	327	327	1	4	952	95	96		29.16667
310	9			-1	-1	1	8	476	100	0		29.26667
311	9	Re5	D5	327	327	1	4	952	95	96	4. HANE 	29.46667
312	9	Re5	D5	327	327	1	16	238	95	96		29.51667
313	9	Re5	D5	327	327	1	16	238	95	96		29.56667
314	9	Re5	D5	327	327	1	4	952	95	96		29.76667
315	9	La5	A5	358	358	3	32	357	95	96		29.84167
316	9	Sol5	G5	349	349	1	32	119	95	96		29.86667
317	9	La5	A5	358	358	1	16	238	95	96		29.91667
318	9	Si5b2	B5b1	365	366	1	16	238	95	96		29.96667
319	9	Sol5	G5	349	349	1	4	952	95	96		30.16667
320	9	Fa5#4	F5#4	344	344	1	8	476	95	96		30.26667
321	9	Sol5	G5	349	349	1	16	238	95	96		30.31667
322	9	Fa5#4	F5#4	344	344	1	16	238	95	96		30.36667
323	9	Sol5	G5	349	349	1	16	238	95	96		30.41667
324	9	La5	A5	358	358	1	16	238	95	96		30.46667
325	9	Fa5#4	F5#4	344	344	1	4	952	95	96		30.66667
326	9	Mi5	E5	336	336	1	8	476	95	96		30.76667
327	9	Fa5#4	F5#4	344	344	1	16	238	95	96		30.81667
328	9	Mi5	E5	336	336	1	16	238	95	96		30.86667
329	9	Fa5#4	F5#4	344	344	1	16	238	95	96		30.91667
330	9	Sol5	G5	349	349	1	16	238	95	96		30.96667
331	9	Mi5	E5	336	336	1	4	952	95	96		31.16667
332	9	Fa5#4	F5#4	344	344	1	8	476	95	96		31.26667
333	9	Re5	D5	327	327	1	4	952	95	96		31.46667
334	9	Re5	D5	327	327	1	16	238	95	96		31.51667
335	9	Re5	D5	327	327	1	16	238	95	96		31.56667
336	9	Re5	D5	327	327	1	4	952	95	96		31.76667
337	9	Sol5	G5	349	349	1	16	238	95	96		31.81667
338	9	Fa5#4	F5#4	344	344	1	16	238	95	96		31.86667
339	9	Sol5	G5	349	349	1	16	238	95	96		31.91667
340	9	La5	A5	358	358	1	16	238	95	96		31.96667
341	9	Fa5#4	F5#4	344	344	1	4	952	95	96		32.16667
342	9	Sol5	G5	349	349	1	8	476	95	96		32.26667
343	9	Fa5#4	F5#4	344	344	1	8	476	95	96		32.36666
344	9	Mi5	E5	336	336	1	8	476	95	96		32.46667
345	9	Re5	D5	327	327	1	8	476	95	96		32.56667
346	9	Do5#4	C5#4	322	322	1	16	238	95	96		32.61666
347	9	Re5	D5	327	327	1	16	238	95	96		32.66667
348	9	Do5#4	C5#4	322	322	1	16	238	95	96		32.71667
349	9	Re5	D5	327	327	1	16	238	95	96		32.76667
350	9	Mi5	E5	336	336	1	8	476	95	96		32.86666
351	9	Fa5#4	F5#4	344	344	1	8	476	95	96		32.96667
352	9	Re5	D5	327	327	1	4	952	95	96		33.16667
353	9			-1	-1	1	8	476	100	0		33.26667
354	0	Es	Sus	-1	-1	0	0	0	100	0		33.26667
355	9	Re5	D5	327	327	1	4	952	95	96		33.46667
356	9	Re5	D5	327	327	1	16	238	95	96		33.51667
357	9	Re5	D5	327	327	1	16	238	95	96		33.56667
358	9	Re5	D5	327	327	1	4	952	95	96		33.76667
359	9	Sol5	G5	349	349	1	4	952	95	96		33.96667
360	9	Fa5#4	F5#4	344	344	1	4	952	95	96		34.16667
361	9	Sol5	G5	349	349	1	8	476	95	96		34.26667
362	9	Mi5	E5	336	336	1	4	952	95	96		34.46667
363	9	Fa5#4	F5#4	344	344	1	8	476	95	96		34.56667
364	9	Mi5	E5	336	336	1	4	952	95	96		34.76667
365	9	Mi5	E5	336	336	1	8	476	95	96		34.86666
366	9	Fa5#4	F5#4	344	344	1	8	476	95	96		34.96667
367	9	Mi5	E5	336	336	1	4	952	95	96		35.16667
368	9	Fa5#4	F5#4	344	344	1	8	476	95	96		35.26667
369	9	Re5	D5	327	327	1	4	952	95	96		35.46667
370	9	Re5	D5	327	327	1	16	238	95	96		35.51667
371	9	Re5	D5	327	327	1	16	238	95	96		35.56667
372	9	Re5	D5	327	327	1	4	952	95	96		35.76667
373	9	Mi5	E5	336	336	1	16	238	95	96		35.81667
374	9	Fa5	F5	340	340	1	16	238	95	96		35.86666
375	9	Mi5	E5	336	336	1	16	238	95	96		35.91667
376	9	Re5	D5	327	327	1	16	238	95	96		35.96667
377	9	Re5	D5	327	327	1	4	952	95	96		36.16667
378	9	Si4b2	B4b1	312	313	1	8	476	95	96		36.26667
379	9	Do5	C5	318	318	1	4	952	95	96		36.46667
380	9	Si4b2	B4b1	312	313	1	8	476	95	96		36.56667
381	9	Fa5#4	F5#4	344	344	1	8	476	95	96		36.66667
382	9	Sol5	G5	349	349	1	8	476	95	96		36.76667
383	9	Sol5	G5	349	349	1	8	476	95	96		36.86666
384	9	Fa5#4	F5#4	344	344	1	16	238	95	96		36.91667
385	9	Mi5	E5	336	336	1	16	238	95	96		36.96667
386	9	Re5	D5	327	327	1	4	952	95	96		37.16667
387	9			-1	-1	1	8	476	100	0		37.26667
388	9	Re5	D5	327	327	1	4	952	95	96	4. HANE 	37.46667
389	9	Re5	D5	327	327	1	16	238	95	96		37.51667
390	9	Re5	D5	327	327	1	16	238	95	96		37.56667
391	9	Re5	D5	327	327	1	4	952	95	96		37.76667
392	9	La5	A5	358	358	3	32	357	95	96		37.84167
393	9	Sol5	G5	349	349	1	32	119	95	96		37.86666
394	9	La5	A5	358	358	1	16	238	95	96		37.91667
395	9	Si5b2	B5b1	365	366	1	16	238	95	96		37.96667
396	9	Sol5	G5	349	349	1	4	952	95	96		38.16667
397	9	Fa5#4	F5#4	344	344	1	8	476	95	96		38.26667
398	9	Sol5	G5	349	349	1	16	238	95	96		38.31667
399	9	Fa5#4	F5#4	344	344	1	16	238	95	96		38.36666
400	9	Sol5	G5	349	349	1	16	238	95	96		38.41667
401	9	La5	A5	358	358	1	16	238	95	96		38.46667
402	9	Fa5#4	F5#4	344	344	1	4	952	95	96		38.66667
403	9	Mi5	E5	336	336	1	8	476	95	96		38.76667
404	9	Fa5#4	F5#4	344	344	1	16	238	95	96		38.81667
405	9	Mi5	E5	336	336	1	16	238	95	96		38.86666
406	9	Fa5#4	F5#4	344	344	1	16	238	95	96		38.91667
407	9	Sol5	G5	349	349	1	16	238	95	96		38.96667
408	9	Mi5	E5	336	336	1	4	952	95	96		39.16667
409	9	Fa5#4	F5#4	344	344	1	8	476	95	96		39.26667
410	9	Re5	D5	327	327	1	4	952	95	96		39.46667
411	9	Re5	D5	327	327	1	16	238	95	96		39.51667
412	9	Re5	D5	327	327	1	16	238	95	96		39.56667
413	9	Re5	D5	327	327	1	4	952	95	96		39.76667
414	9	Sol5	G5	349	349	1	16	238	95	96		39.81667
415	9	Fa5#4	F5#4	344	344	1	16	238	95	96		39.86666
416	9	Sol5	G5	349	349	1	16	238	95	96		39.91667
417	9	La5	A5	358	358	1	16	238	95	96		39.96667
418	9	Fa5#4	F5#4	344	344	1	4	952	95	96		40.16667
419	9	Sol5	G5	349	349	1	8	476	95	96		40.26667
420	9	Fa5#4	F5#4	344	344	1	8	476	95	96		40.36666
421	9	Mi5	E5	336	336	1	8	476	95	96		40.46667
422	9	Re5	D5	327	327	1	8	476	95	96		40.56667
423	9	Do5#4	C5#4	322	322	1	16	238	95	96		40.61666
424	9	Re5	D5	327	327	1	16	238	95	96		40.66667
425	9	Do5#4	C5#4	322	322	1	16	238	95	96		40.71667
426	9	Re5	D5	327	327	1	16	238	95	96		40.76667
427	9	Mi5	E5	336	336	1	8	476	95	96		40.86666
428	9	Fa5#4	F5#4	344	344	1	8	476	95	96		40.96667
429	9	Re5	D5	327	327	1	4	952	95	96		41.16667
430	9			-1	-1	1	8	476	100	0		41.26667
431	9	Re5	D5	327	327	1	4	952	95	96	4. HANE 	41.46667
432	9	Re5	D5	327	327	1	16	238	95	96		41.51667
433	9	Re5	D5	327	327	1	16	238	95	96		41.56667
434	9	Re5	D5	327	327	1	4	952	95	96		41.76667
435	9	La5	A5	358	358	3	32	357	95	96		41.84167
436	9	Sol5	G5	349	349	1	32	119	95	96		41.86666
437	9	La5	A5	358	358	1	16	238	95	96		41.91667
438	9	Si5b2	B5b1	365	366	1	16	238	95	96		41.96667
439	9	Sol5	G5	349	349	1	4	952	95	96		42.16667
440	9	Fa5#4	F5#4	344	344	1	8	476	95	96		42.26667
441	9	Sol5	G5	349	349	1	16	238	95	96		42.31667
442	9	Fa5#4	F5#4	344	344	1	16	238	95	96		42.36666
443	9	Sol5	G5	349	349	1	16	238	95	96		42.41667
444	9	La5	A5	358	358	1	16	238	95	96		42.46667
445	9	Fa5#4	F5#4	344	344	1	4	952	95	96		42.66667
446	9	Mi5	E5	336	336	1	8	476	95	96		42.76667
447	9	Fa5#4	F5#4	344	344	1	16	238	95	96		42.81667
448	9	Mi5	E5	336	336	1	16	238	95	96		42.86666
449	9	Fa5#4	F5#4	344	344	1	16	238	95	96		42.91667
450	9	Sol5	G5	349	349	1	16	238	95	96		42.96667
451	9	Mi5	E5	336	336	1	4	952	95	96		43.16667
452	9	Fa5#4	F5#4	344	344	1	8	476	95	96		43.26667
453	9	Re5	D5	327	327	1	4	952	95	96		43.46667
454	9	Re5	D5	327	327	1	16	238	95	96		43.51667
455	9	Re5	D5	327	327	1	16	238	95	96		43.56667
456	9	Re5	D5	327	327	1	4	952	95	96		43.76667
457	9	Sol5	G5	349	349	1	16	238	95	96		43.81667
458	9	Fa5#4	F5#4	344	344	1	16	238	95	96		43.86666
459	9	Sol5	G5	349	349	1	16	238	95	96		43.91667
460	9	La5	A5	358	358	1	16	238	95	96		43.96667
461	9	Fa5#4	F5#4	344	344	1	4	952	95	96		44.16667
462	9	Sol5	G5	349	349	1	8	476	95	96		44.26667
463	9	Fa5#4	F5#4	344	344	1	8	476	95	96		44.36666
464	9	Mi5	E5	336	336	1	8	476	95	96		44.46667
465	9	Re5	D5	327	327	1	8	476	95	96		44.56667
466	9	Do5#4	C5#4	322	322	1	16	238	95	96		44.61666
467	9	Re5	D5	327	327	1	16	238	95	96		44.66667
468	9	Do5#4	C5#4	322	322	1	16	238	95	96		44.71667
469	9	Re5	D5	327	327	1	16	238	95	96		44.76667
470	9	Mi5	E5	336	336	1	8	476	95	96		44.86666
471	9	Fa5#4	F5#4	344	344	1	8	476	95	96		44.96667
472	9	Re5	D5	327	327	1	4	952	95	96		45.16667
473	9			-1	-1	1	8	476	100	0		45.26667
474	0	Es	Sus	-1	-1	0	0	0	100	0		45.26667
475	9	Re5	D5	327	327	1	4	952	95	96		45.46667
476	9	Re5	D5	327	327	1	16	238	95	96		45.51667
477	9	Re5	D5	327	327	1	16	238	95	96		45.56667
478	9	Re5	D5	327	327	1	4	952	95	96		45.76667
479	9	Sol5	G5	349	349	1	4	952	95	96		45.96667
480	9	Fa5#4	F5#4	344	344	1	4	952	95	96		46.16667
481	9	Sol5	G5	349	349	1	8	476	95	96		46.26667
482	9	Mi5	E5	336	336	1	4	952	95	96		46.46667
483	9	Fa5#4	F5#4	344	344	1	8	476	95	96		46.56667
484	9	Mi5	E5	336	336	1	4	952	95	96		46.76667
485	9	Mi5	E5	336	336	1	8	476	95	96		46.86666
486	9	Fa5#4	F5#4	344	344	1	8	476	95	96		46.96667
487	9	Mi5	E5	336	336	1	4	952	95	96		47.16667
488	9	Fa5#4	F5#4	344	344	1	8	476	95	96		47.26667
489	9	Re5	D5	327	327	1	4	952	95	96		47.46667
490	9	Re5	D5	327	327	1	16	238	95	96		47.51667
491	9	Re5	D5	327	327	1	16	238	95	96		47.56667
492	9	Re5	D5	327	327	1	4	952	95	96		47.76667
493	9	Mi5	E5	336	336	1	16	238	95	96		47.81667
494	9	Fa5	F5	340	340	1	16	238	95	96		47.86666
495	9	Mi5	E5	336	336	1	16	238	95	96		47.91667
496	9	Re5	D5	327	327	1	16	238	95	96		47.96667
497	9	Re5	D5	327	327	1	4	952	95	96		48.16667
498	9	Si4b2	B4b1	312	313	1	8	476	95	96		48.26667
499	9	Do5	C5	318	318	1	4	952	95	96		48.46667
500	9	Si4b2	B4b1	312	313	1	8	476	95	96		48.56667
501	9	Fa5#4	F5#4	344	344	1	8	476	95	96		48.66667
502	9	Sol5	G5	349	349	1	8	476	95	96		48.76667
503	9	Sol5	G5	349	349	1	8	476	95	114		48.86666
504	9	Fa5#4	F5#4	344	344	1	16	238	95	111		48.91667
505	9	Mi5	E5	336	336	1	16	238	95	108		48.96667
506	9	Re5	D5	327	327	1	4	952	95	105		49.16667
507	9			-1	-1	1	8	476	100	102		49.26667
508	51			0	0	8	8	0	99	99		49.26667
509	52			0	0	1	8	0	127	96		49.39167
510	9	Do5#4	C5#4	322	322	1	16	227	95	96		49.45417
511	9	Re5	D5	327	327	1	16	227	95	96		49.51667
512	9	Mi5	E5	336	336	1	8	455	95	96		49.64167
513	9	Fa5#4	F5#4	344	344	1	8	455	95	96		49.76667
514	9	Re5	D5	327	327	1	4	909	95	96		50.01667
515	9			-1	-1	1	8	455	100	0		50.14167
516	9	Re5	D5	327	327	1	4	909	95	96	TESLÝM 	50.39167
517	9	La5	A5	358	358	1	16	227	95	96		50.45417
518	9	La5	A5	358	358	1	16	227	95	96		50.51667
519	9	La5	A5	358	358	3	16	682	95	96		50.70417
520	9	Fa5#4	F5#4	344	344	1	16	227	95	96		50.76667
521	9	Sol5	G5	349	349	1	16	227	95	96		50.82917
522	9	La5	A5	358	358	1	16	227	95	96		50.89167
523	9	Sol5	G5	349	349	1	16	227	95	96		50.95417
524	9	Fa5#4	F5#4	344	344	1	16	227	95	96		51.01667
525	9	Do6	C6	371	371	3	32	341	95	96		51.11042
526	9	Si5b2	B5b1	365	366	1	32	114	95	96		51.14167
527	9	La5	A5	358	358	1	8	455	95	96		51.26667
528	9	La5	A5	358	358	1	8	455	95	96		51.39167
529	9	Do6	C6	371	371	1	4	909	95	96		51.64167
530	9	Si5b2	B5b1	365	366	1	8	455	95	96		51.76667
531	9	La5	A5	358	358	1	8	455	95	96		51.89167
532	9	Sol5	G5	349	349	1	16	227	95	96		51.95417
533	9	Fa5#4	F5#4	344	344	1	16	227	95	96		52.01667
534	9	Mi5	E5	336	336	1	16	227	95	96		52.07917
535	9	Fa5#4	F5#4	344	344	1	16	227	95	96		52.14167
536	9	Mi5	E5	336	336	1	16	227	95	96		52.20417
537	9	Fa5#4	F5#4	344	344	1	16	227	95	96		52.26667
538	9	Sol5	G5	349	349	1	4	909	95	96		52.51667
539	9	La5	A5	358	358	1	8	455	95	96		52.64167
540	9	Fa5#4	F5#4	344	344	1	16	227	95	96		52.70417
541	9	Sol5	G5	349	349	1	16	227	95	96		52.76667
542	9	Fa5#4	F5#4	344	344	1	16	227	95	96		52.82917
543	9	Sol5	G5	349	349	1	16	227	95	96		52.89167
544	9	La5	A5	358	358	1	16	227	95	96		52.95417
545	9	Sol5	G5	349	349	1	16	227	95	96		53.01667
546	9	Fa5#4	F5#4	344	344	3	16	682	95	96		53.20417
547	9	Mi5	E5	336	336	1	16	227	95	96		53.26667
548	9	Re5	D5	327	327	1	16	227	95	96		53.32917
549	9	Mi5	E5	336	336	1	16	227	95	96		53.39167
550	9	Re5	D5	327	327	1	16	227	95	96		53.45417
551	9	Mi5	E5	336	336	1	16	227	95	96		53.51667
552	9	Fa5#4	F5#4	344	344	1	4	909	95	96		53.76667
553	9	Sol5	G5	349	349	1	8	455	95	96		53.89167
554	9	Fa5#4	F5#4	344	344	1	8	455	95	96		54.01667
555	9	Mi5	E5	336	336	1	8	455	95	96		54.14167
556	9	Re5	D5	327	327	1	8	455	95	96		54.26667
557	9	Do5#4	C5#4	322	322	1	16	227	95	96		54.32917
558	9	Re5	D5	327	327	1	16	227	95	96		54.39167
559	9	Do5#4	C5#4	322	322	1	16	227	95	96		54.45417
560	9	Re5	D5	327	327	1	16	227	95	96		54.51667
561	9	Mi5	E5	336	336	1	8	455	95	96		54.64167
562	9	Fa5#4	F5#4	344	344	1	8	455	95	96		54.76667
563	9	Re5	D5	327	327	1	4	909	95	96		55.01667
564	9			-1	-1	1	8	455	100	0		55.14167
565	9	Re5	D5	327	327	1	4	909	95	96	2. HANE 	55.39167
566	9	Mi5	E5	336	336	1	8	455	95	96		55.51667
567	9	Re5	D5	327	327	1	4	909	95	96		55.76667
568	9	Do5#4	C5#4	322	322	1	4	909	95	96		56.01667
569	9	Re5	D5	327	327	1	4	909	95	96		56.26667
570	9			-1	-1	1	8	455	100	0		56.39167
571	9	La4	A4	305	305	3	16	682	95	96		56.57917
572	9	La4	A4	305	305	1	16	227	95	96		56.64167
573	9	La4	A4	305	305	1	8	455	95	96		56.76667
574	9	Do5#4	C5#4	322	322	1	8	455	95	96		56.89167
575	9	Si4b4	B4b4	310	310	1	16	227	95	96		56.95417
576	9	La4	A4	305	305	1	16	227	95	96		57.01667
577	9	Sol4	G4	296	296	3	16	682	95	96		57.20417
578	9	Sol4	G4	296	296	1	16	227	95	96		57.26667
579	9	Re5	D5	327	327	1	4	909	95	96		57.51667
580	9			-1	-1	1	8	455	100	0		57.64167
581	9	Re5	D5	327	327	1	4	909	95	96		57.89167
582	9	Sol5	G5	349	349	1	8	455	95	96		58.01667
583	9	Fa5#4	F5#4	344	344	1	16	227	95	96		58.07917
584	9	Sol5	G5	349	349	1	16	227	95	96		58.14167
585	9	Fa5#4	F5#4	344	344	1	16	227	95	96		58.20417
586	9	Sol5	G5	349	349	1	16	227	95	96		58.26667
587	9	La5	A5	358	358	1	16	227	95	96		58.32917
588	9	Si5b2	B5b1	365	366	1	16	227	95	96		58.39167
589	9	La5	A5	358	358	1	16	227	95	96		58.45417
590	9	Sol5	G5	349	349	1	16	227	95	96		58.51667
591	9	Fa5#4	F5#4	344	344	1	4	909	95	96		58.76667
592	9	Sol5	G5	349	349	1	8	455	95	96		58.89167
593	9	Fa5#4	F5#4	344	344	1	8	455	95	96		59.01667
594	9	Mi5	E5	336	336	1	8	455	95	96		59.14167
595	9	Re5	D5	327	327	1	8	455	95	96		59.26667
596	9	Do5#4	C5#4	322	322	1	16	227	95	96		59.32917
597	9	Re5	D5	327	327	1	16	227	95	96		59.39167
598	9	Do5#4	C5#4	322	322	1	16	227	95	96		59.45417
599	9	Re5	D5	327	327	1	16	227	95	96		59.51667
600	9	Mi5	E5	336	336	1	8	455	95	96		59.64167
601	9	Fa5#4	F5#4	344	344	1	8	455	95	96		59.76667
602	9	Re5	D5	327	327	1	4	909	95	96		60.01667
603	9			-1	-1	1	8	455	100	0		60.14167
604	51			0	0	6	4	0	10	0		60.14167
605	52			0	0	1	4	0	126	0		60.30833
606	9	Fa5#4	F5#4	344	344	3	16	357	95	96	3. HANE 	60.43333
607	9	Mi5	E5	336	336	1	16	119	95	96		60.475
608	9	Fa5#4	F5#4	344	344	1	8	238	95	96		60.55833
609	9	Sol5	G5	349	349	1	8	238	95	96		60.64167
610	9	Fa5#4	F5#4	344	344	1	4	476	95	96		60.80833
611	9	Mi5	E5	336	336	1	4	476	95	96		60.975
612	9	Re5	D5	327	327	1	4	476	95	96		61.14167
613	9	La5	A5	358	358	1	4	476	95	96		61.30833
614	9	Sol5	G5	349	349	1	8	238	95	96		61.39167
