Sira	Kod	Nota53	NotaAE	Koma53	KomaAE	Pay	Payda	Ms	LNS	Bas	Soz1	Offset
1	9	Sol5	G5	349	349	1	8	417	95	96	Bir_	0.125
2	9	Sol5	G5	349	349	1	4	833	95	96	ih	0.375
3	9	Fa5	F5	340	340	1	8	417	95	96	ti	0.5
4	9	Mi5b5	E5b5	331	331	1	8	417	99	96	mal 	0.625
5	9	Re5	D5	327	327	1	8	417	95	96		0.75
6	9	Fa5	F5	340	340	1	8	417	95	96	da	0.875
7	9	Mi5b5	E5b5	331	331	1	16	208	99	96	ha 	0.9375
8	9	Re5	D5	327	327	1	16	208	95	96		1
9	9	Re5	D5	327	327	3	8	1250	95	96	var 	1.375
10	9	Re5	D5	327	327	1	16	208	95	96	SAZ	1.4375
11	9	Mi5b5	E5b5	331	331	1	16	208	95	96	.	1.5
12	9	Re5	D5	327	327	1	16	208	95	96	.	1.5625
13	9	Do5	C5	318	318	1	16	208	95	96	.	1.625
14	9	Si4b5	B4b5	309	309	1	16	208	95	96	.	1.6875
15	9	Do5	C5	318	318	1	16	208	95	96	.	1.75
16	9	Re5	D5	327	327	1	4	833	95	96	.	2
17	9			-1	-1	1	4	833	100	0		2.25
18	9	La4	A4	305	305	1	8	417	95	96	o 	2.375
19	9	Si4b5	B4b5	309	309	1	8	417	95	96	da 	2.5
20	9	Do5	C5	318	318	1	4	833	95	96	öl	2.75
21	8	Mi5b5	E5b5	331	331	0	0	0	95	96		2.75
22	9	Re5	D5	327	327	1	4	833	95	96	mek 	3
23	9	La4	A4	305	305	1	8	417	95	96	mi 	3.125
24	9	Si4b5	B4b5	309	309	1	16	208	99	96	der	3.1875
25	9	La4	A4	305	305	1	16	208	99	96		3.25
26	9	Sol4	G4	296	296	1	8	417	99	96		3.375
27	8	La4	A4	305	305	0	0	0	99	96		3.375
28	9	Sol4	G4	296	296	1	16	208	99	96		3.4375
29	9	Fa4#4	F4#4	291	291	1	16	208	95	96		3.5
30	9	Sol4	G4	296	296	1	2	1667	95	96	sin  	4
31	9			-1	-1	1	8	417	100	0		4.125
32	9	Sol5	G5	349	349	1	4	833	95	96	Söy	4.375
33	9	Sol5	G5	349	349	1	16	208	99	96	le 	4.4375
34	9	Fa5	F5	340	340	1	16	208	95	96		4.5
35	9	Mi5b5	E5b5	331	331	1	8	417	99	96	ca	4.625
36	8	Fa5	F5	340	340	0	0	0	99	96		4.625
37	9	Mi5b5	E5b5	331	331	1	16	208	99	96		4.6875
38	9	Re5	D5	327	327	1	16	208	95	96		4.75
39	9	Do5	C5	318	318	1	16	208	99	96	ným 	4.8125
40	9	Si4b5	B4b5	309	309	1	16	208	99	96		4.875
41	9	Do5	C5	318	318	1	8	417	95	96		5
42	9	Fa5	F5	340	340	1	8	417	95	96	ne 	5.125
43	9	Fa5	F5	340	340	1	16	208	99	96	der	5.1875
44	9	Mi5b5	E5b5	331	331	1	16	208	99	96		5.25
45	9	Mi5b5	E5b5	331	331	1	8	417	99	96		5.375
46	9	Mi5b5	E5b5	331	331	1	16	208	99	96		5.4375
47	9	Re5	D5	327	327	1	16	208	95	96		5.5
48	9	Re5	D5	327	327	1	2	1667	95	96	sin  	6
49	9			-1	-1	1	8	417	100	0		6.125
50	9	Sol5	G5	349	349	1	4	833	95	96	SAZ	6.375
51	9	Sol5	G5	349	349	1	16	208	95	96	.	6.4375
52	9	Fa5	F5	340	340	1	16	208	95	96	.	6.5
53	9	Fa5	F5	340	340	1	8	417	95	96	.	6.625
54	9	Fa5	F5	340	340	1	16	208	95	96	.	6.6875
55	9	Mi5b5	E5b5	331	331	1	16	208	95	96	.	6.75
56	9	Mi5b5	E5b5	331	331	1	8	417	95	96	.	6.875
57	9	Mi5b5	E5b5	331	331	1	16	208	95	96	.	6.9375
58	9	Re5	D5	327	327	1	16	208	95	96	.	7
59	9	Re5	D5	327	327	1	8	417	95	96	.	7.125
60	9	Re5	D5	327	327	1	16	208	95	96	.	7.1875
61	9	Mi5b5	E5b5	331	331	1	16	208	95	96	.	7.25
62	9	Re5	D5	327	327	1	16	208	95	96	.	7.3125
63	9	Mi5b5	E5b5	331	331	1	16	208	95	96	.	7.375
64	9	Re5	D5	327	327	1	16	208	95	96	.	7.4375
65	9	Do5	C5	318	318	1	16	208	95	96	.	7.5
66	9	Re5	D5	327	327	1	16	208	95	96	.	7.5625
67	9	Do5	C5	318	318	1	16	208	95	96	.	7.625
68	9	Si4b5	B4b5	309	309	1	16	208	95	96	.	7.6875
69	9	La4	A4	305	305	1	16	208	95	96	.	7.75
70	9	Sol4	G4	296	296	1	4	833	95	96	.	8
71	52			0	0	1	8	0	127	17		8.125
72	9	Sol5	G5	349	349	1	8	417	95	96	Bir_	8.25
73	9	Sol5	G5	349	349	1	4	833	95	96	ih	8.5
74	9	Fa5	F5	340	340	1	8	417	95	96	ti	8.625
75	9	Mi5b5	E5b5	331	331	1	8	417	99	96	mal 	8.75
76	9	Re5	D5	327	327	1	8	417	95	96		8.875
77	9	Fa5	F5	340	340	1	8	417	95	96	da	9
78	9	Mi5b5	E5b5	331	331	1	16	208	99	96	ha 	9.0625
79	9	Re5	D5	327	327	1	16	208	95	96		9.125
80	9	Re5	D5	327	327	3	8	1250	95	96	var 	9.5
81	9	Re5	D5	327	327	1	16	208	95	96	SAZ	9.5625
82	9	Mi5b5	E5b5	331	331	1	16	208	95	96	.	9.625
83	9	Re5	D5	327	327	1	16	208	95	96	.	9.6875
84	9	Do5	C5	318	318	1	16	208	95	96	.	9.75
85	9	Si4b5	B4b5	309	309	1	16	208	95	96	.	9.8125
86	9	Do5	C5	318	318	1	16	208	95	96	.	9.875
87	9	Re5	D5	327	327	1	4	833	95	96	.	10.125
88	9			-1	-1	1	4	833	100	0		10.375
89	9	La4	A4	305	305	1	8	417	95	96	o 	10.5
90	9	Si4b5	B4b5	309	309	1	8	417	95	96	da 	10.625
91	9	Do5	C5	318	318	1	4	833	95	96	öl	10.875
92	8	Mi5b5	E5b5	331	331	0	0	0	95	96		10.875
93	9	Re5	D5	327	327	1	4	833	95	96	mek 	11.125
94	9	La4	A4	305	305	1	8	417	95	96	mi 	11.25
95	9	Si4b5	B4b5	309	309	1	16	208	99	96	der	11.3125
96	9	La4	A4	305	305	1	16	208	99	96		11.375
97	9	Sol4	G4	296	296	1	8	417	99	96		11.5
98	8	La4	A4	305	305	0	0	0	99	96		11.5
99	9	Sol4	G4	296	296	1	16	208	99	96		11.5625
100	9	Fa4#4	F4#4	291	291	1	16	208	95	96		11.625
101	9	Sol4	G4	296	296	1	2	1667	95	96	sin  	12.125
102	9			-1	-1	1	8	417	100	0		12.25
103	9	Sol5	G5	349	349	1	4	833	95	96	Söy	12.5
104	9	Sol5	G5	349	349	1	16	208	99	96	le 	12.5625
105	9	Fa5	F5	340	340	1	16	208	95	96		12.625
106	9	Mi5b5	E5b5	331	331	1	8	417	99	96	ca	12.75
107	8	Fa5	F5	340	340	0	0	0	99	96		12.75
108	9	Mi5b5	E5b5	331	331	1	16	208	99	96		12.8125
109	9	Re5	D5	327	327	1	16	208	95	96		12.875
110	9	Do5	C5	318	318	1	16	208	99	96	ným 	12.9375
111	9	Si4b5	B4b5	309	309	1	16	208	99	96		13
112	9	Do5	C5	318	318	1	8	417	95	96		13.125
113	9	Fa5	F5	340	340	1	8	417	95	96	ne 	13.25
114	9	Fa5	F5	340	340	1	16	208	99	96	der	13.3125
115	9	Mi5b5	E5b5	331	331	1	16	208	99	96		13.375
116	9	Mi5b5	E5b5	331	331	1	8	417	99	96		13.5
117	9	Mi5b5	E5b5	331	331	1	16	208	99	96		13.5625
118	9	Re5	D5	327	327	1	16	208	95	96		13.625
119	9	Re5	D5	327	327	1	2	1667	95	96	sin  	14.125
120	9			-1	-1	1	8	417	100	0		14.25
121	9	Sol5	G5	349	349	1	4	833	95	96	SAZ	14.5
122	9	Sol5	G5	349	349	1	16	208	95	96	.	14.5625
123	9	Fa5	F5	340	340	1	16	208	95	96	.	14.625
124	9	Fa5	F5	340	340	1	8	417	95	96	.	14.75
125	9	Fa5	F5	340	340	1	16	208	95	96	.	14.8125
126	9	Mi5b5	E5b5	331	331	1	16	208	95	96	.	14.875
127	9	Mi5b5	E5b5	331	331	1	8	417	95	96	.	15
128	9	Mi5b5	E5b5	331	331	1	16	208	95	96	.	15.0625
129	9	Re5	D5	327	327	1	16	208	95	96	.	15.125
130	9	Re5	D5	327	327	1	8	417	95	96	.	15.25
131	9	Re5	D5	327	327	1	16	208	95	96	.	15.3125
132	9	Mi5b5	E5b5	331	331	1	16	208	95	96	.	15.375
133	9	Re5	D5	327	327	1	16	208	95	96	.	15.4375
134	9	Mi5b5	E5b5	331	331	1	16	208	95	96	.	15.5
135	9	Re5	D5	327	327	1	16	208	95	96	.	15.5625
136	9	Do5	C5	318	318	1	16	208	95	96	.	15.625
137	9	Re5	D5	327	327	1	16	208	95	96	.	15.6875
138	9	Do5	C5	318	318	1	16	208	95	96	.	15.75
139	9	Si4b5	B4b5	309	309	1	16	208	95	96	.	15.8125
140	9	Do5	C5	318	318	1	16	208	95	96	.	15.875
141	9	Re5	D5	327	327	1	4	833	95	96	.	16.125
142	9			-1	-1	1	8	417	100	0		16.25
143	9	Re5	D5	327	327	1	4	833	95	96	Vus	16.5
144	9	Mi5b2	E5b1	334	335	1	8	417	95	96	la	16.625
145	8	Sol5	G5	349	349	0	0	0	95	96		16.625
146	9	Fa5	F5	340	340	1	4	833	95	96	týn 	16.875
147	8	La5	A5	358	358	0	0	0	95	96		16.875
148	9	Sol5	G5	349	349	1	4	833	99	96	baþ	17.125
149	9	Sol5	G5	349	349	1	8	417	95	96		17.25
150	9	La5	A5	358	358	1	8	417	99	96	ka 	17.375
151	9	Fa5	F5	340	340	1	8	417	99	96		17.5
152	9	Sol5	G5	349	349	1	8	417	95	96		17.625
153	9	Fa5	F5	340	340	1	16	208	99	96	â	17.6875
154	9	Mi5b5	E5b5	331	331	1	16	208	99	96		17.75
155	9	Mi5b5	E5b5	331	331	1	16	208	99	96		17.8125
156	9	Re5	D5	327	327	1	16	208	95	96		17.875
157	9	Re5	D5	327	327	1	4	833	95	96	lem 	18.125
158	9			-1	-1	1	8	417	100	0		18.25
159	9	Fa5	F5	340	340	1	4	833	95	96	sen 	18.5
160	9	Fa5	F5	340	340	1	8	417	95	96	bir 	18.625
161	9	Fa5	F5	340	340	1	16	208	99	96	öm	18.6875
162	9	Sol5	G5	349	349	1	16	208	99	96		18.75
163	9	Mi5b5	E5b5	331	331	1	8	417	95	96		18.875
164	9	Re5	D5	327	327	1	16	208	99	96	re 	18.9375
165	9	Mi5b5	E5b5	331	331	1	16	208	99	96		19
166	9	Do5	C5	318	318	1	8	417	95	96		19.125
167	9	Do5	C5	318	318	1	8	417	95	96	be	19.25
168	9	Re5	D5	327	327	1	16	208	99	96	del	19.3125
169	9	Do5	C5	318	318	1	16	208	99	96		19.375
170	9	Si4b5	B4b5	309	309	1	8	417	99	96		19.5
171	9	Si4b5	B4b5	309	309	1	16	208	99	96		19.5625
172	9	La4	A4	305	305	1	16	208	95	96		19.625
173	9	Si4b5	B4b5	309	309	1	8	417	99	96	sin  	19.75
174	8	Do5	C5	318	318	0	0	0	99	96		19.75
175	9	Si4b5	B4b5	309	309	1	16	208	99	96		19.8125
176	9	Do5	C5	318	318	1	16	208	99	96		19.875
177	9	Re5	D5	327	327	1	16	208	99	96		19.9375
178	9	Do5	C5	318	318	1	16	208	99	96		20
179	9	Re5	D5	327	327	1	8	417	95	96		20.125
180	9			-1	-1	1	8	417	100	0		20.25
181	9	La4	A4	305	305	1	4	833	95	96	sen 	20.5
182	9	Si4b5	B4b5	309	309	1	8	417	95	96	bir 	20.625
183	9	Do5	C5	318	318	1	8	417	99	96	öm	20.75
184	8	Re5	D5	327	327	0	0	0	99	96		20.75
185	9	Do5	C5	318	318	1	16	208	99	96		20.8125
186	9	Re5	D5	327	327	1	16	208	95	96		20.875
187	9	Re5	D5	327	327	1	4	833	95	96	re 	21.125
188	9	La4	A4	305	305	1	8	417	95	96	be	21.25
189	9	Si4b5	B4b5	309	309	1	16	208	99	96	del	21.3125
190	9	La4	A4	305	305	1	16	208	99	96		21.375
191	9	Sol4	G4	296	296	1	8	417	99	96		21.5
192	8	La4	A4	305	305	0	0	0	99	96		21.5
193	9	Sol4	G4	296	296	1	16	208	99	96		21.5625
194	9	Fa4#4	F4#4	291	291	1	16	208	95	96		21.625
195	9	Sol4	G4	296	296	1	2	1667	95	96	sin  	22.125
196	9			-1	-1	1	8	417	100	0		22.25
197	9	Sol5	G5	349	349	1	4	833	95	96	SAZ	22.5
198	9	Sol5	G5	349	349	1	16	208	95	96	.	22.5625
199	9	Fa5	F5	340	340	1	16	208	95	96	.	22.625
200	9	Fa5	F5	340	340	1	8	417	95	96	.	22.75
201	9	Fa5	F5	340	340	1	16	208	95	96	.	22.8125
202	9	Mi5b5	E5b5	331	331	1	16	208	95	96	.	22.875
203	9	Mi5b5	E5b5	331	331	1	8	417	95	96	.	23
204	9	Mi5b5	E5b5	331	331	1	16	208	95	96	.	23.0625
205	9	Re5	D5	327	327	1	16	208	95	96	.	23.125
206	9	Re5	D5	327	327	1	8	417	95	96	.	23.25
207	9	Re5	D5	327	327	1	16	208	95	96	.	23.3125
208	9	Mi5b5	E5b5	331	331	1	16	208	95	96	.	23.375
209	9	Re5	D5	327	327	1	16	208	95	96	.	23.4375
210	9	Mi5b5	E5b5	331	331	1	16	208	95	96	.	23.5
211	9	Re5	D5	327	327	1	16	208	95	96	.	23.5625
212	9	Do5	C5	318	318	1	16	208	95	96	.	23.625
213	9	Re5	D5	327	327	1	16	208	95	96	.	23.6875
214	9	Do5	C5	318	318	1	16	208	95	96	.	23.75
215	9	Si4b5	B4b5	309	309	1	16	208	95	96	.	23.8125
216	9	Do5	C5	318	318	1	16	208	95	96	.	23.875
217	9	Re5	D5	327	327	1	4	833	95	96	.	24.125
218	9			-1	-1	1	8	417	100	0		24.25
219	9	Re5	D5	327	327	1	4	833	95	96	Vus	24.5
220	9	Mi5b2	E5b1	334	335	1	8	417	95	96	la	24.625
221	8	Sol5	G5	349	349	0	0	0	95	96		24.625
222	9	Fa5	F5	340	340	1	4	833	95	96	týn 	24.875
223	8	La5	A5	358	358	0	0	0	95	96		24.875
224	9	Sol5	G5	349	349	1	4	833	99	96	baþ	25.125
225	9	Sol5	G5	349	349	1	8	417	95	96		25.25
226	9	La5	A5	358	358	1	8	417	99	96	ka 	25.375
227	9	Fa5	F5	340	340	1	8	417	99	96		25.5
228	9	Sol5	G5	349	349	1	8	417	95	96		25.625
229	9	Fa5	F5	340	340	1	16	208	99	96	â	25.6875
230	9	Mi5b5	E5b5	331	331	1	16	208	99	96		25.75
231	9	Mi5b5	E5b5	331	331	1	16	208	99	96		25.8125
232	9	Re5	D5	327	327	1	16	208	95	96		25.875
233	9	Re5	D5	327	327	1	4	833	95	96	lem 	26.125
234	9			-1	-1	1	8	417	100	0		26.25
235	9	Fa5	F5	340	340	1	4	833	95	96	sen 	26.5
236	9	Fa5	F5	340	340	1	8	417	95	96	bir 	26.625
237	9	Fa5	F5	340	340	1	16	208	99	96	öm	26.6875
238	9	Sol5	G5	349	349	1	16	208	99	96		26.75
239	9	Mi5b5	E5b5	331	331	1	8	417	95	96		26.875
240	9	Re5	D5	327	327	1	16	208	99	96	re 	26.9375
241	9	Mi5b5	E5b5	331	331	1	16	208	99	96		27
242	9	Do5	C5	318	318	1	8	417	95	96		27.125
243	9	Do5	C5	318	318	1	8	417	95	96	be	27.25
244	9	Re5	D5	327	327	1	16	208	99	96	del	27.3125
245	9	Do5	C5	318	318	1	16	208	99	96		27.375
246	9	Si4b5	B4b5	309	309	1	8	417	99	96		27.5
247	9	Si4b5	B4b5	309	309	1	16	208	99	96		27.5625
248	9	La4	A4	305	305	1	16	208	95	96		27.625
249	9	Si4b5	B4b5	309	309	1	8	417	99	96	sin  	27.75
250	8	Do5	C5	318	318	0	0	0	99	96		27.75
251	9	Si4b5	B4b5	309	309	1	16	208	99	96		27.8125
252	9	Do5	C5	318	318	1	16	208	99	96		27.875
253	9	Re5	D5	327	327	1	16	208	99	96		27.9375
254	9	Do5	C5	318	318	1	16	208	99	96		28
255	9	Re5	D5	327	327	1	8	417	95	96		28.125
256	9			-1	-1	1	8	417	100	0		28.25
257	9	La4	A4	305	305	1	4	833	95	96	sen 	28.5
258	9	Si4b5	B4b5	309	309	1	8	417	95	96	bir 	28.625
259	9	Do5	C5	318	318	1	8	417	99	96	öm	28.75
260	8	Re5	D5	327	327	0	0	0	99	96		28.75
261	9	Do5	C5	318	318	1	16	208	99	96		28.8125
262	9	Re5	D5	327	327	1	16	208	95	96		28.875
263	9	Re5	D5	327	327	1	4	833	95	96	re 	29.125
264	9	La4	A4	305	305	1	8	417	95	96	be	29.25
265	9	Si4b5	B4b5	309	309	1	16	208	99	96	del	29.3125
266	9	La4	A4	305	305	1	16	208	99	96		29.375
267	9	Sol4	G4	296	296	1	8	417	99	96		29.5
268	8	La4	A4	305	305	0	0	0	99	96		29.5
269	9	Sol4	G4	296	296	1	16	208	99	96		29.5625
270	9	Fa4#4	F4#4	291	291	1	16	208	95	96		29.625
271	9	Sol4	G4	296	296	1	2	1667	95	96	sin  	30.125
272	9			-1	-1	1	8	417	100	0		30.25
273	9	La5	A5	358	358	1	4	833	95	96	.	30.5
274	9	La5	A5	358	358	1	16	208	95	96	.	30.5625
275	9	Sol5	G5	349	349	1	16	208	95	96	.	30.625
276	9	Sol5	G5	349	349	1	8	417	95	96	.	30.75
277	9	Fa5	F5	340	340	1	16	208	95	96	.	30.8125
278	9	Sol5	G5	349	349	1	16	208	95	96	.	30.875
279	9	La5	A5	358	358	1	8	417	95	96	.	31
280	8	Si5b5	B5b5	362	362	0	0	0	95	96	.	31
281	9	La5	A5	358	358	1	16	208	95	96	.	31.0625
282	9	Sol5	G5	349	349	1	16	208	95	96	.	31.125
283	9	La5	A5	358	358	1	16	208	95	96	.	31.1875
284	9	Sol5	G5	349	349	1	16	208	95	96	.	31.25
285	9	Sol5	G5	349	349	3	8	1250	95	96	.	31.625
286	9	Fa5	F5	340	340	1	16	208	95	96	.	31.6875
287	9	Mi5b5	E5b5	331	331	1	16	208	95	96	.	31.75
288	9	Re5	D5	327	327	1	16	208	95	96	.	31.8125
289	9	Do5	C5	318	318	1	16	208	95	96	.	31.875
290	9	Sol5	G5	349	349	1	4	833	95	96	.	32.125
291	9	La5	A5	358	358	1	8	417	95	96	Sü	32.25
292	9	La5	A5	358	358	1	8	417	99	96	kût_	32.375
293	8	Si5b5	B5b5	362	362	0	0	0	99	96		32.375
294	9	La5	A5	358	358	1	8	417	99	96		32.5
295	9	Do6	C6	371	371	1	8	417	95	96		32.625
296	9	Do6	C6	371	371	1	16	208	99	96	et	32.6875
297	9	La5	A5	358	358	1	16	208	99	96		32.75
298	9	La5	A5	358	358	1	8	417	95	96		32.875
299	9	La5	A5	358	358	1	16	208	99	96	me 	32.9375
300	9	Sol5	G5	349	349	1	16	208	99	96		33
301	9	Sol5	G5	349	349	1	16	208	99	96		33.0625
302	9	Fa5	F5	340	340	1	16	208	99	96		33.125
303	9	Sol5	G5	349	349	1	8	417	95	96		33.25
304	9	Sol5	G5	349	349	1	16	208	99	96	naz	33.3125
305	9	Fa5	F5	340	340	1	16	208	99	96		33.375
306	9	Mi5b2	E5b1	334	335	1	8	417	99	96		33.5
307	9	Fa5	F5	340	340	1	16	208	99	96		33.5625
308	9	Sol5	G5	349	349	1	16	208	95	96		33.625
309	9	Fa5	F5	340	340	1	16	208	99	96	lý 	33.6875
310	9	Mi5b5	E5b5	331	331	1	16	208	99	96		33.75
311	9	Mi5b5	E5b5	331	331	1	16	208	99	96		33.8125
312	9	Re5	D5	327	327	1	16	208	95	96		33.875
313	9	Re5	D5	327	327	1	4	833	95	96	yâr 	34.125
314	9	Do5	C5	318	318	1	8	417	95	96	be	34.25
315	9	Re5	D5	327	327	3	8	1250	95	96	ni 	34.625
316	9	Re5	D5	327	327	1	16	208	99	96	mec	34.6875
317	9	Mi5b5	E5b5	331	331	1	16	208	99	96		34.75
318	9	Do5	C5	318	318	1	8	417	95	96		34.875
319	8	La5	A5	358	358	0	0	0	95	96		34.875
320	9	Sol5	G5	349	349	1	4	833	95	96	nun_	35.125
321	9	Sol5	G5	349	349	1	8	417	95	96	e	35.25
322	9	Sol5	G5	349	349	1	16	208	99	96	der	35.3125
323	9	Fa5	F5	340	340	1	16	208	99	96		35.375
324	9	Mi5b5	E5b5	331	331	1	8	417	99	96		35.5
325	9	Fa5	F5	340	340	1	16	208	99	96		35.5625
326	9	Sol5	G5	349	349	1	16	208	95	96		35.625
327	9	Fa5	F5	340	340	1	16	208	99	96	sin  	35.6875
328	9	Mi5b5	E5b5	331	331	1	16	208	99	96		35.75
329	9	Mi5b5	E5b5	331	331	1	16	208	99	96		35.8125
330	9	Re5	D5	327	327	1	16	208	99	96		35.875
331	8	Fa5	F5	340	340	0	0	0	99	96		35.875
332	9	Mi5b5	E5b5	331	331	1	4	833	95	96		36.125
333	9	Do5	C5	318	318	1	8	417	95	96	be	36.25
334	9	Re5	D5	327	327	3	8	1250	95	96	ni 	36.625
335	9	Do5	C5	318	318	1	16	208	99	96	mec	36.6875
336	9	Si4b5	B4b5	309	309	1	16	208	99	96		36.75
337	9	La4	A4	305	305	1	16	208	99	96		36.8125
338	9	Sol4	G4	296	296	1	16	208	95	96		36.875
339	9	Fa5	F5	340	340	1	8	417	99	96	nun_	37
340	9	Mi5b5	E5b5	331	331	1	16	208	99	96		37.0625
341	9	Re5	D5	327	327	1	16	208	95	96		37.125
342	9	Sol5	G5	349	349	1	8	417	95	96	e	37.25
343	9	Sol5	G5	349	349	1	16	208	99	96	der	37.3125
344	9	Fa5	F5	340	340	1	16	208	99	96		37.375
345	9	Mi5b5	E5b5	331	331	1	8	417	99	96		37.5
346	9	Mi5b5	E5b5	331	331	1	16	208	99	96		37.5625
347	9	Re5	D5	327	327	1	16	208	95	96		37.625
348	9	Re5	D5	327	327	1	2	1667	95	96	sin  	38.125
349	9			-1	-1	1	8	417	100	0		38.25
350	9	La5	A5	358	358	1	4	833	95	96	SAZ	38.5
351	9	La5	A5	358	358	1	16	208	95	96	.	38.5625
352	9	Sol5	G5	349	349	1	16	208	95	96	.	38.625
353	9	Sol5	G5	349	349	1	8	417	95	96	.	38.75
354	9	Fa5	F5	340	340	1	16	208	95	96	.	38.8125
355	9	Sol5	G5	349	349	1	16	208	95	96	.	38.875
356	9	La5	A5	358	358	1	8	417	95	96	.	39
357	8	Si5b5	B5b5	362	362	0	0	0	95	96	.	39
358	9	La5	A5	358	358	1	16	208	95	96	.	39.0625
359	9	Sol5	G5	349	349	1	16	208	95	96	.	39.125
360	9	La5	A5	358	358	1	16	208	95	96	.	39.1875
361	9	Sol5	G5	349	349	1	16	208	95	96	.	39.25
362	9	Sol5	G5	349	349	3	8	1250	95	96	.	39.625
363	9	Fa5	F5	340	340	1	16	208	95	96	.	39.6875
364	9	Mi5b5	E5b5	331	331	1	16	208	95	96	.	39.75
365	9	Re5	D5	327	327	1	16	208	95	96	.	39.8125
366	9	Do5	C5	318	318	1	16	208	95	96	.	39.875
367	9	Sol5	G5	349	349	1	4	833	95	96	.	40.125
368	9	La5	A5	358	358	1	8	417	95	96	Sü	40.25
369	9	La5	A5	358	358	1	8	417	99	96	kût_	40.375
370	8	Si5b5	B5b5	362	362	0	0	0	99	96		40.375
371	9	La5	A5	358	358	1	8	417	99	96		40.5
372	9	Do6	C6	371	371	1	8	417	95	96		40.625
373	9	Do6	C6	371	371	1	16	208	99	96	et	40.6875
374	9	La5	A5	358	358	1	16	208	99	96		40.75
375	9	La5	A5	358	358	1	8	417	95	96		40.875
376	9	La5	A5	358	358	1	16	208	99	96	me 	40.9375
377	9	Sol5	G5	349	349	1	16	208	99	96		41
378	9	Sol5	G5	349	349	1	16	208	99	96		41.0625
379	9	Fa5	F5	340	340	1	16	208	99	96		41.125
380	9	Sol5	G5	349	349	1	8	417	95	96		41.25
381	9	Sol5	G5	349	349	1	16	208	99	96	naz	41.3125
382	9	Fa5	F5	340	340	1	16	208	99	96		41.375
383	9	Mi5b2	E5b1	334	335	1	8	417	99	96		41.5
384	9	Fa5	F5	340	340	1	16	208	99	96		41.5625
385	9	Sol5	G5	349	349	1	16	208	95	96		41.625
386	9	Fa5	F5	340	340	1	16	208	99	96	lý 	41.6875
387	9	Mi5b5	E5b5	331	331	1	16	208	99	96		41.75
388	9	Mi5b5	E5b5	331	331	1	16	208	99	96		41.8125
389	9	Re5	D5	327	327	1	16	208	95	96		41.875
390	9	Re5	D5	327	327	1	4	833	95	96	yâr 	42.125
391	9	Do5	C5	318	318	1	8	417	95	96	be	42.25
392	9	Re5	D5	327	327	3	8	1250	95	96	ni 	42.625
393	9	Re5	D5	327	327	1	16	208	99	96	mec	42.6875
394	9	Mi5b5	E5b5	331	331	1	16	208	99	96		42.75
395	9	Do5	C5	318	318	1	8	417	95	96		42.875
396	8	La5	A5	358	358	0	0	0	95	96		42.875
397	9	Sol5	G5	349	349	1	4	833	95	96	nun_	43.125
398	9	Sol5	G5	349	349	1	8	417	95	96	e	43.25
399	9	Sol5	G5	349	349	1	16	208	99	96	der	43.3125
400	9	Fa5	F5	340	340	1	16	208	99	96		43.375
401	9	Mi5b5	E5b5	331	331	1	8	417	99	96		43.5
402	9	Fa5	F5	340	340	1	16	208	99	96		43.5625
403	9	Sol5	G5	349	349	1	16	208	95	96		43.625
404	9	Fa5	F5	340	340	1	16	208	99	96	sin  	43.6875
405	9	Mi5b5	E5b5	331	331	1	16	208	99	96		43.75
406	9	Mi5b5	E5b5	331	331	1	16	208	99	96		43.8125
407	9	Re5	D5	327	327	1	16	208	99	96		43.875
408	8	Fa5	F5	340	340	0	0	0	99	96		43.875
409	9	Mi5b5	E5b5	331	331	1	4	833	95	96		44.125
410	9	Do5	C5	318	318	1	8	417	95	96	be	44.25
411	9	Re5	D5	327	327	3	8	1250	95	96	ni 	44.625
412	9	Do5	C5	318	318	1	16	208	99	96	mec	44.6875
413	9	Si4b5	B4b5	309	309	1	16	208	99	96		44.75
414	9	La4	A4	305	305	1	16	208	99	96		44.8125
415	9	Sol4	G4	296	296	1	16	208	95	96		44.875
416	9	Fa5	F5	340	340	1	8	417	99	96	nun_	45
417	9	Mi5b5	E5b5	331	331	1	16	208	99	96		45.0625
418	9	Re5	D5	327	327	1	16	208	95	96		45.125
419	9	Sol5	G5	349	349	1	8	417	95	96	e	45.25
420	9	Sol5	G5	349	349	1	16	208	99	96	der	45.3125
421	9	Fa5	F5	340	340	1	16	208	99	96		45.375
422	9	Mi5b5	E5b5	331	331	1	8	417	99	96		45.5
423	9	Mi5b5	E5b5	331	331	1	16	208	99	96		45.5625
424	9	Re5	D5	327	327	1	16	208	95	96		45.625
425	9	Re5	D5	327	327	1	2	1667	95	96	sin  	46.125
426	9			-1	-1	1	8	417	100	0		46.25
427	9	Sol5	G5	349	349	1	4	833	95	96	.	46.5
428	9	Sol5	G5	349	349	1	16	208	95	96	.	46.5625
429	9	Fa5	F5	340	340	1	16	208	95	96	.	46.625
430	9	Fa5	F5	340	340	1	8	417	95	96	.	46.75
431	9	Fa5	F5	340	340	1	16	208	95	96	.	46.8125
432	9	Mi5b5	E5b5	331	331	1	16	208	95	96	.	46.875
433	9	Mi5b5	E5b5	331	331	1	8	417	95	96	.	47
434	9	Mi5b5	E5b5	331	331	1	16	208	95	96	.	47.0625
435	9	Re5	D5	327	327	1	16	208	95	96	.	47.125
436	9	Re5	D5	327	327	1	8	417	95	96	.	47.25
437	9	Re5	D5	327	327	1	16	208	95	96	.	47.3125
438	9	Mi5b5	E5b5	331	331	1	16	208	95	96	.	47.375
439	9	Re5	D5	327	327	1	16	208	95	96	.	47.4375
440	9	Mi5b5	E5b5	331	331	1	16	208	95	96	.	47.5
441	9	Re5	D5	327	327	1	16	208	95	96	.	47.5625
442	9	Do5	C5	318	318	1	16	208	95	96	.	47.625
443	9	Re5	D5	327	327	1	16	208	95	96	.	47.6875
444	9	Do5	C5	318	318	1	16	208	95	96	.	47.75
445	9	Si4b5	B4b5	309	309	1	16	208	95	96	.	47.8125
446	9	Do5	C5	318	318	1	16	208	95	96	.	47.875
447	9	Re5	D5	327	327	1	4	833	95	96	.	48.125
448	9			-1	-1	1	8	417	100	0		48.25
449	9	Re5	D5	327	327	1	4	833	95	96	Vus	48.5
450	9	Mi5b2	E5b1	334	335	1	8	417	95	96	la	48.625
451	8	Sol5	G5	349	349	0	0	0	95	96		48.625
452	9	Fa5	F5	340	340	1	4	833	95	96	týn 	48.875
453	8	La5	A5	358	358	0	0	0	95	96		48.875
454	9	Sol5	G5	349	349	1	4	833	99	96	baþ	49.125
455	9	Sol5	G5	349	349	1	8	417	95	96		49.25
456	9	La5	A5	358	358	1	8	417	99	96	ka 	49.375
457	9	Fa5	F5	340	340	1	8	417	99	96		49.5
458	9	Sol5	G5	349	349	1	8	417	95	96		49.625
459	9	Fa5	F5	340	340	1	16	208	99	96	â	49.6875
460	9	Mi5b5	E5b5	331	331	1	16	208	99	96		49.75
461	9	Mi5b5	E5b5	331	331	1	16	208	99	96		49.8125
462	9	Re5	D5	327	327	1	16	208	95	96		49.875
463	9	Re5	D5	327	327	1	4	833	95	96	lem 	50.125
464	9			-1	-1	1	8	417	100	0		50.25
465	9	Fa5	F5	340	340	1	4	833	95	96	sen 	50.5
466	9	Fa5	F5	340	340	1	8	417	95	96	bir 	50.625
467	9	Fa5	F5	340	340	1	16	208	99	96	öm	50.6875
468	9	Sol5	G5	349	349	1	16	208	99	96		50.75
469	9	Mi5b5	E5b5	331	331	1	8	417	95	96		50.875
470	9	Re5	D5	327	327	1	16	208	99	96	re 	50.9375
471	9	Mi5b5	E5b5	331	331	1	16	208	99	96		51
472	9	Do5	C5	318	318	1	8	417	95	96		51.125
473	9	Do5	C5	318	318	1	8	417	95	96	be	51.25
474	9	Re5	D5	327	327	1	16	208	99	96	del	51.3125
475	9	Do5	C5	318	318	1	16	208	99	96		51.375
476	9	Si4b5	B4b5	309	309	1	8	417	99	96		51.5
477	9	Si4b5	B4b5	309	309	1	16	208	99	96		51.5625
478	9	La4	A4	305	305	1	16	208	95	96		51.625
479	9	Si4b5	B4b5	309	309	1	8	417	99	96	sin  	51.75
480	8	Do5	C5	318	318	0	0	0	99	96		51.75
481	9	Si4b5	B4b5	309	309	1	16	208	99	96		51.8125
482	9	Do5	C5	318	318	1	16	208	99	96		51.875
483	9	Re5	D5	327	327	1	16	208	99	96		51.9375
484	9	Do5	C5	318	318	1	16	208	99	96		52
485	9	Re5	D5	327	327	1	8	417	95	96		52.125
486	9			-1	-1	1	8	417	100	0		52.25
487	9	La4	A4	305	305	1	4	833	95	96	sen 	52.5
488	9	Si4b5	B4b5	309	309	1	8	417	95	96	bir 	52.625
489	9	Do5	C5	318	318	1	8	417	99	96	öm	52.75
490	8	Re5	D5	327	327	0	0	0	99	96		52.75
491	9	Do5	C5	318	318	1	16	208	99	96		52.8125
492	9	Re5	D5	327	327	1	16	208	95	96		52.875
493	9	Re5	D5	327	327	1	4	833	95	96	re 	53.125
494	9	La4	A4	305	305	1	8	417	95	96	be	53.25
495	9	Si4b5	B4b5	309	309	1	16	208	99	96	del	53.3125
496	9	La4	A4	305	305	1	16	208	99	96		53.375
497	9	Sol4	G4	296	296	1	8	417	99	96		53.5
498	8	La4	A4	305	305	0	0	0	99	96		53.5
499	9	Sol4	G4	296	296	1	16	208	99	96		53.5625
500	9	Fa4#4	F4#4	291	291	1	16	208	95	96		53.625
501	9	Sol4	G4	296	296	1	2	1667	95	96	sin  	54.125
