Sira	Kod	Nota53	NotaAE	Koma53	KomaAE	Pay	Payda	Ms	LNS	Bas	Soz1	Offset
1	9			-1	-1	1	8	303	100	0		0.25
2	9	Sol5	G5	349	349	1	8	303	95	96	ARANAÐME 	0.5
3	9	Fa5	F5	340	340	1	8	303	95	96	.	0.75
4	9	Mi5b5	E5b5	331	331	1	8	303	95	96	.	1
5	9	Re5	D5	327	327	1	4	606	95	96	.	1.5
6	9	Re5	D5	327	327	1	16	152	95	96	.	1.625
7	9	Do5	C5	318	318	1	16	152	95	96	.	1.75
8	9	Si4b5	B4b5	309	309	1	16	152	95	96	.	1.875
9	9	Do5	C5	318	318	1	16	152	95	96	.	2
10	9	Re5	D5	327	327	1	2	1212	100	96	.	3
11	9	Re5	D5	327	327	1	2	1212	95	96	.	4
12	9			-1	-1	1	8	303	100	0	.	4.25
13	9	Mi5b5	E5b5	331	331	1	8	303	95	96	.	4.5
14	9	Re5	D5	327	327	1	8	303	95	96	.	4.75
15	9	Do5	C5	318	318	1	8	303	95	96	.	5
16	9	Si4b5	B4b5	309	309	1	4	606	95	96	.	5.5
17	9	Si4b5	B4b5	309	309	1	16	152	95	96	.	5.625
18	9	La4	A4	305	305	1	16	152	95	96	.	5.75
19	9	Si4b5	B4b5	309	309	1	16	152	95	96	.	5.875
20	9	Do5	C5	318	318	1	16	152	95	96	.	6
21	9	La4	A4	305	305	1	2	1212	100	96	.	7
22	9	La4	A4	305	305	1	2	1212	95	96	.	8
23	9			-1	-1	1	8	303	100	0	.	8.25
24	9	Si4b5	B4b5	309	309	1	8	303	95	96	.	8.5
25	9	La4	A4	305	305	1	8	303	95	96	.	8.75
26	9	Si4b5	B4b5	309	309	1	8	303	95	96	.	9
27	9	Do5	C5	318	318	1	4	606	95	96	.	9.5
28	9	Si4b5	B4b5	309	309	1	4	606	95	96	.	10
29	9	Re5	D5	327	327	1	2	1212	95	96	.	11
30	9	Si4b5	B4b5	309	309	1	2	1212	95	96	.	12
31	9	La4	A4	305	305	1	8	303	95	96	.	12.25
32	9	Si4b5	B4b5	309	309	1	8	303	95	96	.	12.5
33	9	Do5	C5	318	318	1	8	303	95	96	.	12.75
34	9	Si4b5	B4b5	309	309	1	8	303	95	96	.	13
35	9	Re5	D5	327	327	1	4	606	95	96	.	13.5
36	9	Si4b5	B4b5	309	309	1	8	303	95	96	.	13.75
37	9	La4	A4	305	305	1	8	303	95	96	.	14
38	9	Sol4	G4	296	296	1	8	303	95	96	.	14.25
39	1	Sol4	G4	296	296	1	8	303	95	96	.	14.5
40	1	La4	A4	305	305	1	8	303	95	96	.	14.75
41	1	Si4b5	B4b5	309	309	1	8	303	95	96	.	15
42	1	Do5	C5	318	318	1	8	303	95	96	.	15.25
43	1	Re5	D5	327	327	1	8	303	95	96	.	15.5
44	1	Mi5b5	E5b5	331	331	1	8	303	95	96	.	15.75
45	1	Fa5	F5	340	340	1	8	303	95	96	.	16
46	52			0	0	1	4	0	99	0		16.5
47	9			-1	-1	1	8	303	100	0		16.75
48	9	Sol5	G5	349	349	1	8	303	95	96	ARANAÐME 	17
49	9	Fa5	F5	340	340	1	8	303	95	96	.	17.25
50	9	Mi5b5	E5b5	331	331	1	8	303	95	96	.	17.5
51	9	Re5	D5	327	327	1	4	606	95	96	.	18
52	9	Re5	D5	327	327	1	16	152	95	96	.	18.125
53	9	Do5	C5	318	318	1	16	152	95	96	.	18.25
54	9	Si4b5	B4b5	309	309	1	16	152	95	96	.	18.375
55	9	Do5	C5	318	318	1	16	152	95	96	.	18.5
56	9	Re5	D5	327	327	1	1	2424	95	96	.	20.5
57	9			-1	-1	1	8	303	100	0	.	20.75
58	9	Mi5b5	E5b5	331	331	1	8	303	95	96	.	21
59	9	Re5	D5	327	327	1	8	303	95	96	.	21.25
60	9	Do5	C5	318	318	1	8	303	95	96	.	21.5
61	9	Si4b5	B4b5	309	309	1	4	606	95	96	.	22
62	9	Si4b5	B4b5	309	309	1	16	152	95	96	.	22.125
63	9	La4	A4	305	305	1	16	152	95	96	.	22.25
64	9	Si4b5	B4b5	309	309	1	16	152	95	96	.	22.375
65	9	Do5	C5	318	318	1	16	152	95	96	.	22.5
66	9	La4	A4	305	305	1	1	2424	95	96	.	24.5
67	9			-1	-1	1	8	303	100	0	.	24.75
68	9	Si4b5	B4b5	309	309	1	8	303	95	96	.	25
69	9	La4	A4	305	305	1	8	303	95	96	.	25.25
70	9	Si4b5	B4b5	309	309	1	8	303	95	96	.	25.5
71	9	Do5	C5	318	318	1	4	606	95	96	.	26
72	9	Si4b5	B4b5	309	309	1	4	606	95	96	.	26.5
73	9	Re5	D5	327	327	1	2	1212	95	96	.	27.5
74	9	Si4b5	B4b5	309	309	1	2	1212	95	96	.	28.5
75	9	La4	A4	305	305	1	8	303	95	96	.	28.75
76	9	Si4b5	B4b5	309	309	1	8	303	95	96	.	29
77	9	Do5	C5	318	318	1	8	303	95	96	.	29.25
78	9	Si4b5	B4b5	309	309	1	8	303	95	96	.	29.5
79	9	Re5	D5	327	327	1	4	606	95	96	.	30
80	9	Si4b5	B4b5	309	309	1	8	303	95	96	.	30.25
81	9	La4	A4	305	305	1	8	303	95	96	.	30.5
82	9	Sol4	G4	296	296	1	8	303	95	96	.	30.75
83	1	Sol5	G5	349	349	1	8	303	95	96	.	31
84	1	Fa5	F5	340	340	1	8	303	95	96	.	31.25
85	1	Mi5b5	E5b5	331	331	1	8	303	95	96	.	31.5
86	1	Re5	D5	327	327	1	8	303	95	96	.	31.75
87	1	Do5	C5	318	318	1	8	303	95	96	.	32
88	1	Si4b5	B4b5	309	309	1	8	303	95	96	.	32.25
89	1	La4	A4	305	305	1	8	303	95	96	.	32.5
90	1	Sol4	G4	296	296	1	8	303	95	96	.	32.75
91	9	Sol4	G4	296	296	1	8	303	95	96	Be	33
92	9	La4	A4	305	305	1	8	303	95	96	nim 	33.25
93	9	Si4b5	B4b5	309	309	1	8	303	95	96	gön	33.5
94	9	Do5	C5	318	318	1	4	606	95	96	lüm 	34
95	9	Si4b5	B4b5	309	309	1	4	606	95	96	sar	34.5
96	9	Mi5b5	E5b5	331	331	1	2	1212	95	96	hoþ	35.5
97	9	Re5	D5	327	327	1	2	1212	95	96	tur  	36.5
98	9	Re5	D5	327	327	1	8	303	95	96	Yýl	36.75
99	9	Mi5b5	E5b5	331	331	1	8	303	95	96	dýz	37
100	9	Mi5b5	E5b5	331	331	1	8	303	95	96	la	37.25
101	9	Re5	D5	327	327	1	8	303	95	96	rýn 	37.5
102	9	Re5	D5	327	327	1	8	303	99	96	al	37.75
103	9	Do5	C5	318	318	1	8	303	95	96		38
104	9	Do5	C5	318	318	1	8	303	99	96	týn	38.25
105	9	Si4b5	B4b5	309	309	1	8	303	95	96		38.5
106	9	Re5	D5	327	327	1	1	2424	95	96	da  	40.5
107	9			-1	-1	1	8	303	100	0		40.75
108	9	Do5	C5	318	318	1	8	303	95	96	Se	41
109	9	Si4b5	B4b5	309	309	1	8	303	95	96	viþ	41.25
110	9	La4	A4	305	305	1	8	303	95	96	mek 	41.5
111	9	Si4b5	B4b5	309	309	1	4	606	95	96	ah 	42
112	9	Do5	C5	318	318	1	4	606	95	96	ne 	42.5
113	9	Re5	D5	327	327	1	2	1212	95	96	hoþ	43.5
114	9	Si4b5	B4b5	309	309	1	2	1212	95	96	tur  	44.5
115	9	La4	A4	305	305	1	8	303	95	96	Yýl	44.75
116	9	Si4b5	B4b5	309	309	1	8	303	95	96	dýz	45
117	9	Do5	C5	318	318	1	8	303	95	96	la	45.25
118	9	Si4b5	B4b5	309	309	1	8	303	95	96	rýn_	45.5
119	9	Re5	D5	327	327	1	4	606	95	96	al	46
120	9	Si4b5	B4b5	309	309	1	8	303	99	96	týn	46.25
121	9	La4	A4	305	305	1	8	303	95	96		46.5
122	9	Sol4	G4	296	296	1	8	303	95	96	da  	46.75
123	1	Sol5	G5	349	349	1	8	303	95	96	SAZ 	47
124	1	Fa5	F5	340	340	1	8	303	95	96	.	47.25
125	1	Mi5b5	E5b5	331	331	1	8	303	95	96	.	47.5
126	1	Re5	D5	327	327	1	8	303	95	96	.	47.75
127	1	Do5	C5	318	318	1	8	303	95	96	.	48
128	1	Si4b5	B4b5	309	309	1	8	303	95	96	.	48.25
129	1	La4	A4	305	305	1	8	303	95	96	.	48.5
130	1	Sol4	G4	296	296	1	8	303	95	96	.	48.75
131	9	Sol4	G4	296	296	1	8	303	95	96	Be	49
132	9	La4	A4	305	305	1	8	303	95	96	nim 	49.25
133	9	Si4b5	B4b5	309	309	1	8	303	95	96	gön	49.5
134	9	Do5	C5	318	318	1	4	606	95	96	lüm 	50
135	9	Si4b5	B4b5	309	309	1	4	606	95	96	sar	50.5
136	9	Mi5b5	E5b5	331	331	1	2	1212	95	96	hoþ	51.5
137	9	Re5	D5	327	327	1	2	1212	95	96	tur  	52.5
138	9	Re5	D5	327	327	1	8	303	95	96	Yýl	52.75
139	9	Mi5b5	E5b5	331	331	1	8	303	95	96	dýz	53
140	9	Mi5b5	E5b5	331	331	1	8	303	95	96	la	53.25
141	9	Re5	D5	327	327	1	8	303	95	96	rýn 	53.5
142	9	Re5	D5	327	327	1	8	303	99	96	al	53.75
143	9	Do5	C5	318	318	1	8	303	95	96		54
144	9	Do5	C5	318	318	1	8	303	99	96	týn	54.25
145	9	Si4b5	B4b5	309	309	1	8	303	95	96		54.5
146	9	Re5	D5	327	327	1	1	2424	95	96	da  	56.5
147	9			-1	-1	1	8	303	100	0		56.75
148	9	Do5	C5	318	318	1	8	303	95	96	Se	57
149	9	Si4b5	B4b5	309	309	1	8	303	95	96	viþ	57.25
150	9	La4	A4	305	305	1	8	303	95	96	mek 	57.5
151	9	Si4b5	B4b5	309	309	1	4	606	95	96	ah 	58
152	9	Do5	C5	318	318	1	4	606	95	96	ne 	58.5
153	9	Re5	D5	327	327	1	2	1212	95	96	hoþ	59.5
154	9	Si4b5	B4b5	309	309	1	2	1212	95	96	tur  	60.5
155	9	La4	A4	305	305	1	8	303	95	96	Yýl	60.75
156	9	Si4b5	B4b5	309	309	1	8	303	95	96	dýz	61
157	9	Do5	C5	318	318	1	8	303	95	96	la	61.25
158	9	Si4b5	B4b5	309	309	1	8	303	95	96	rýn_	61.5
159	9	Re5	D5	327	327	1	4	606	95	96	al	62
160	9	Si4b5	B4b5	309	309	1	8	303	99	96	týn	62.25
161	9	La4	A4	305	305	1	8	303	95	96		62.5
162	9	Sol4	G4	296	296	1	8	303	95	96	da  	62.75
163	1	Mi5b5	E5b5	331	331	1	16	152	95	96	SAZ 	62.875
164	1	Re5	D5	327	327	1	16	152	95	96	.	63
165	1	Do5#4	C5#4	322	322	1	8	303	95	96	.	63.25
166	1	Re5	D5	327	327	1	8	303	95	96	.	63.5
167	1	Mi5b5	E5b5	331	331	1	8	303	95	96	.	63.75
168	1	Mi5	E5	336	336	1	8	303	95	96	.	64
169	1	Fa5	F5	340	340	1	8	303	95	96	.	64.25
170	1	Fa5#4	F5#4	344	344	1	8	303	95	96	.	64.5
171	9	Sol5	G5	349	349	1	4	606	50	96	Yan	65
172	9	Fa5	F5	340	340	1	4	606	50	96	mam 	65.5
173	10	Mi5b5	E5b5	331	331	3	16	455	99	96	gön	65.875
174	8	Fa5	F5	340	340	0	0	0	95	96		65.875
175	9	Re5	D5	327	327	1	16	152	95	96		66
176	9	Re5	D5	327	327	1	8	303	95	96	lüm 	66.25
177	9			-1	-1	1	8	303	100	0		66.5
178	9			-1	-1	1	8	303	100	0		66.75
179	9	Fa5	F5	340	340	1	4	606	99	96	yan	67.25
180	9	Mi5b5	E5b5	331	331	1	8	303	95	96		67.5
181	9	Mi5b5	E5b5	331	331	1	8	303	99	96	sa 	67.75
182	9	Re5	D5	327	327	1	8	303	95	96		68
183	9	Re5	D5	327	327	1	4	606	95	96	da  	68.5
184	9	Mi5b5	E5b5	331	331	1	8	303	95	96	E	68.75
185	9	Mi5b5	E5b5	331	331	1	4	606	99	96	cel 	69.25
186	9	Re5	D5	327	327	1	8	303	95	96		69.5
187	9	Re5	D5	327	327	1	8	303	95	96	be	69.75
188	9	Do5	C5	318	318	1	8	303	99	96	ni 	70
189	9	Do5	C5	318	318	1	4	606	95	96		70.5
190	9			-1	-1	1	8	303	100	0		70.75
191	9	Re5	D5	327	327	1	4	606	99	96	al	71.25
192	9	Do5	C5	318	318	1	8	303	95	96		71.5
193	9	Si4b5	B4b5	309	309	1	8	303	99	96	sa 	71.75
194	9	La4	A4	305	305	1	8	303	95	96		72
195	9	Si4b5	B4b5	309	309	1	4	606	95	96	da  	72.5
196	9			-1	-1	1	8	303	100	0		72.75
197	9	Si4b5	B4b5	309	309	1	8	303	95	96	Göz	73
198	9	La4	A4	305	305	1	8	303	95	96	le	73.25
199	9	Si4b5	B4b5	309	309	1	8	303	95	96	rim 	73.5
200	9	Do5	C5	318	318	1	8	303	95	96	ka	73.75
201	9	Si4b5	B4b5	309	309	1	8	303	99	96	pan	74
202	9	Si4b5	B4b5	309	309	1	4	606	95	96		74.5
203	9	Re5	D5	327	327	1	2	1212	95	96	sa 	75.5
204	9	Si4b5	B4b5	309	309	1	2	1212	95	96	da  	76.5
205	9	La4	A4	305	305	1	8	303	95	96	Yýl	76.75
206	9	Si4b5	B4b5	309	309	1	8	303	95	96	dýz	77
207	9	Do5	C5	318	318	1	8	303	95	96	la	77.25
208	9	Si4b5	B4b5	309	309	1	8	303	95	96	rýn 	77.5
209	9	Re5	D5	327	327	1	4	606	95	96	al	78
210	9	Si4b5	B4b5	309	309	1	8	303	99	96	týn	78.25
211	9	La4	A4	305	305	1	8	303	95	96		78.5
212	9	Sol4	G4	296	296	1	8	303	95	96	da  	78.75
213	1	Mi5b5	E5b5	331	331	1	16	152	95	96	SAZ 	78.875
214	1	Re5	D5	327	327	1	16	152	95	96	.	79
215	1	Do5#4	C5#4	322	322	1	8	303	95	96	.	79.25
216	1	Re5	D5	327	327	1	8	303	95	96	.	79.5
217	1	Mi5b5	E5b5	331	331	1	8	303	95	96	.	79.75
218	1	Mi5	E5	336	336	1	8	303	95	96	.	80
219	1	Fa5	F5	340	340	1	8	303	95	96	.	80.25
220	1	Fa5#4	F5#4	344	344	1	8	303	95	96	.	80.5
221	9	Sol5	G5	349	349	1	4	606	50	96	Yan	81
222	9	Fa5	F5	340	340	1	4	606	50	96	mam 	81.5
223	10	Mi5b5	E5b5	331	331	3	16	455	99	96	gön	81.875
224	8	Fa5	F5	340	340	0	0	0	95	96		81.875
225	9	Re5	D5	327	327	1	16	152	95	96		82
226	9	Re5	D5	327	327	1	8	303	95	96	lüm 	82.25
227	9			-1	-1	1	8	303	100	0		82.5
228	9			-1	-1	1	8	303	100	0		82.75
229	9	Fa5	F5	340	340	1	4	606	99	96	yan	83.25
230	9	Mi5b5	E5b5	331	331	1	8	303	95	96		83.5
231	9	Mi5b5	E5b5	331	331	1	8	303	99	96	sa 	83.75
232	9	Re5	D5	327	327	1	8	303	95	96		84
233	9	Re5	D5	327	327	1	4	606	95	96	da  	84.5
234	9	Mi5b5	E5b5	331	331	1	8	303	95	96	E	84.75
235	9	Mi5b5	E5b5	331	331	1	4	606	99	96	cel 	85.25
236	9	Re5	D5	327	327	1	8	303	95	96		85.5
237	9	Re5	D5	327	327	1	8	303	95	96	be	85.75
238	9	Do5	C5	318	318	1	8	303	99	96	ni 	86
239	9	Do5	C5	318	318	1	4	606	95	96		86.5
240	9			-1	-1	1	8	303	100	0		86.75
241	9	Re5	D5	327	327	1	4	606	99	96	al	87.25
242	9	Do5	C5	318	318	1	8	303	95	96		87.5
243	9	Si4b5	B4b5	309	309	1	8	303	99	96	sa 	87.75
244	9	La4	A4	305	305	1	8	303	95	96		88
245	9	Si4b5	B4b5	309	309	1	4	606	95	96	da  	88.5
246	9			-1	-1	1	8	303	100	0		88.75
247	9	Si4b5	B4b5	309	309	1	8	303	95	96	Göz	89
248	9	La4	A4	305	305	1	8	303	95	96	le	89.25
249	9	Si4b5	B4b5	309	309	1	8	303	95	96	rim 	89.5
250	9	Do5	C5	318	318	1	8	303	95	96	ka	89.75
251	9	Si4b5	B4b5	309	309	1	8	303	99	96	pan	90
252	9	Si4b5	B4b5	309	309	1	4	606	95	96		90.5
253	9	Re5	D5	327	327	1	2	1212	95	96	sa 	91.5
254	9	Si4b5	B4b5	309	309	1	2	1212	95	96	da  	92.5
255	9	La4	A4	305	305	1	8	303	95	96	Yýl	92.75
256	9	Si4b5	B4b5	309	309	1	8	303	95	96	dýz	93
257	9	Do5	C5	318	318	1	8	303	95	96	la	93.25
258	9	Si4b5	B4b5	309	309	1	8	303	95	96	rýn 	93.5
259	9	Re5	D5	327	327	1	4	606	95	96	al	94
260	9	Si4b5	B4b5	309	309	1	8	303	99	96	týn	94.25
261	9	La4	A4	305	305	1	8	303	95	96		94.5
262	9	Sol4	G4	296	296	1	1	2424	95	96	da  	96.5
263	9			-1	-1	1	8	303	100	0		96.75
264	9	Sol5	G5	349	349	1	8	303	95	96	ARANAÐME 	97
265	9	Fa5	F5	340	340	1	8	303	95	96	.	97.25
266	9	Mi5b5	E5b5	331	331	1	8	303	95	96	.	97.5
267	9	Re5	D5	327	327	1	4	606	95	96	.	98
268	9	Re5	D5	327	327	1	16	152	95	96	.	98.125
269	9	Do5	C5	318	318	1	16	152	95	96	.	98.25
270	9	Si4b5	B4b5	309	309	1	16	152	95	96	.	98.375
271	9	Do5	C5	318	318	1	16	152	95	96	.	98.5
272	9	Re5	D5	327	327	1	1	2424	95	96	.	100.5
273	9			-1	-1	1	8	303	100	0	.	100.75
274	9	Mi5b5	E5b5	331	331	1	8	303	95	96	.	101
275	9	Re5	D5	327	327	1	8	303	95	96	.	101.25
276	9	Do5	C5	318	318	1	8	303	95	96	.	101.5
277	9	Si4b5	B4b5	309	309	1	4	606	95	96	.	102
278	9	Si4b5	B4b5	309	309	1	16	152	95	96	.	102.125
279	9	La4	A4	305	305	1	16	152	95	96	.	102.25
280	9	Si4b5	B4b5	309	309	1	16	152	95	96	.	102.375
281	9	Do5	C5	318	318	1	16	152	95	96	.	102.5
282	9	La4	A4	305	305	1	1	2424	95	96	.	104.5
283	9			-1	-1	1	8	303	100	0	.	104.75
284	9	Si4b5	B4b5	309	309	1	8	303	95	96	.	105
285	9	La4	A4	305	305	1	8	303	95	96	.	105.25
286	9	Si4b5	B4b5	309	309	1	8	303	95	96	.	105.5
287	9	Do5	C5	318	318	1	4	606	95	96	.	106
288	9	Si4b5	B4b5	309	309	1	4	606	95	96	.	106.5
289	9	Re5	D5	327	327	1	2	1212	95	96	.	107.5
290	9	Si4b5	B4b5	309	309	1	2	1212	95	96	.	108.5
291	9	La4	A4	305	305	1	8	303	95	96	.	108.75
292	9	Si4b5	B4b5	309	309	1	8	303	95	96	.	109
293	9	Do5	C5	318	318	1	8	303	95	96	.	109.25
294	9	Si4b5	B4b5	309	309	1	8	303	95	96	.	109.5
295	9	Re5	D5	327	327	1	4	606	95	96	.	110
296	9	Si4b5	B4b5	309	309	1	8	303	95	96	.	110.25
297	9	La4	A4	305	305	1	8	303	95	96	.	110.5
298	9	Sol4	G4	296	296	1	8	303	95	96	.	110.75
299	1	Sol4	G4	296	296	1	8	303	95	96	.	111
300	1	La4	A4	305	305	1	8	303	95	96	.	111.25
301	1	Si4b5	B4b5	309	309	1	8	303	95	96	.	111.5
302	1	Do5	C5	318	318	1	8	303	95	96	.	111.75
303	1	Re5	D5	327	327	1	8	303	95	96	.	112
304	1	Mi5b5	E5b5	331	331	1	8	303	95	96	.	112.25
305	1	Fa5	F5	340	340	1	8	303	95	96	.	112.5
306	9			-1	-1	1	8	303	100	0		112.75
307	9	Sol5	G5	349	349	1	8	303	95	96	ARANAÐME 	113
308	9	Fa5	F5	340	340	1	8	303	95	96	.	113.25
309	9	Mi5b5	E5b5	331	331	1	8	303	95	96	.	113.5
310	9	Re5	D5	327	327	1	4	606	95	96	.	114
311	9	Re5	D5	327	327	1	16	152	95	96	.	114.125
312	9	Do5	C5	318	318	1	16	152	95	96	.	114.25
313	9	Si4b5	B4b5	309	309	1	16	152	95	96	.	114.375
314	9	Do5	C5	318	318	1	16	152	95	96	.	114.5
315	9	Re5	D5	327	327	1	1	2424	95	96	.	116.5
316	9			-1	-1	1	8	303	100	0	.	116.75
317	9	Mi5b5	E5b5	331	331	1	8	303	95	96	.	117
318	9	Re5	D5	327	327	1	8	303	95	96	.	117.25
319	9	Do5	C5	318	318	1	8	303	95	96	.	117.5
320	9	Si4b5	B4b5	309	309	1	4	606	95	96	.	118
321	9	Si4b5	B4b5	309	309	1	16	152	95	96	.	118.125
322	9	La4	A4	305	305	1	16	152	95	96	.	118.25
323	9	Si4b5	B4b5	309	309	1	16	152	95	96	.	118.375
324	9	Do5	C5	318	318	1	16	152	95	96	.	118.5
325	9	La4	A4	305	305	1	1	2424	95	96	.	120.5
326	9			-1	-1	1	8	303	100	0	.	120.75
327	9	Si4b5	B4b5	309	309	1	8	303	95	96	.	121
328	9	La4	A4	305	305	1	8	303	95	96	.	121.25
329	9	Si4b5	B4b5	309	309	1	8	303	95	96	.	121.5
330	9	Do5	C5	318	318	1	4	606	95	96	.	122
331	9	Si4b5	B4b5	309	309	1	4	606	95	96	.	122.5
332	9	Re5	D5	327	327	1	2	1212	95	96	.	123.5
333	9	Si4b5	B4b5	309	309	1	2	1212	95	96	.	124.5
334	9	La4	A4	305	305	1	8	303	95	96	.	124.75
335	9	Si4b5	B4b5	309	309	1	8	303	95	96	.	125
336	9	Do5	C5	318	318	1	8	303	95	96	.	125.25
337	9	Si4b5	B4b5	309	309	1	8	303	95	96	.	125.5
338	9	Re5	D5	327	327	1	4	606	95	96	.	126
339	9	Si4b5	B4b5	309	309	1	8	303	95	96	.	126.25
340	9	La4	A4	305	305	1	8	303	95	96	.	126.5
341	9	Sol4	G4	296	296	1	8	303	95	96	.	126.75
342	1	Sol5	G5	349	349	1	8	303	95	96	.	127
343	1	Fa5	F5	340	340	1	8	303	95	96	.	127.25
344	1	Mi5b5	E5b5	331	331	1	8	303	95	96	.	127.5
345	1	Re5	D5	327	327	1	8	303	95	96	.	127.75
346	1	Do5	C5	318	318	1	8	303	95	96	.	128
347	1	Si4b5	B4b5	309	309	1	8	303	95	96	.	128.25
348	1	La4	A4	305	305	1	8	303	95	96	.	128.5
349	1	Sol4	G4	296	296	1	8	303	95	96	.	128.75
350	9	Sol4	G4	296	296	1	8	303	95	96	Be	129
351	9	La4	A4	305	305	1	8	303	95	96	nim 	129.25
352	9	Si4b5	B4b5	309	309	1	8	303	95	96	gön	129.5
353	9	Do5	C5	318	318	1	4	606	95	96	lüm 	130
354	9	Si4b5	B4b5	309	309	1	4	606	95	96	sar	130.5
355	9	Mi5b5	E5b5	331	331	1	2	1212	95	96	hoþ	131.5
356	9	Re5	D5	327	327	1	2	1212	95	96	tur  	132.5
357	9	Re5	D5	327	327	1	8	303	95	96	Yýl	132.75
358	9	Mi5b5	E5b5	331	331	1	8	303	95	96	dýz	133
359	9	Mi5b5	E5b5	331	331	1	8	303	95	96	la	133.25
360	9	Re5	D5	327	327	1	8	303	95	96	rýn 	133.5
361	9	Re5	D5	327	327	1	8	303	99	96	al	133.75
362	9	Do5	C5	318	318	1	8	303	95	96		134
363	9	Do5	C5	318	318	1	8	303	99	96	týn	134.25
364	9	Si4b5	B4b5	309	309	1	8	303	95	96		134.5
365	9	Re5	D5	327	327	1	1	2424	95	96	da  	136.5
366	9			-1	-1	1	8	303	100	0		136.75
367	9	Do5	C5	318	318	1	8	303	95	96	Se	137
368	9	Si4b5	B4b5	309	309	1	8	303	95	96	viþ	137.25
369	9	La4	A4	305	305	1	8	303	95	96	mek 	137.5
370	9	Si4b5	B4b5	309	309	1	4	606	95	96	ah 	138
371	9	Do5	C5	318	318	1	4	606	95	96	ne 	138.5
372	9	Re5	D5	327	327	1	2	1212	95	96	hoþ	139.5
373	9	Si4b5	B4b5	309	309	1	2	1212	95	96	tur  	140.5
374	9	La4	A4	305	305	1	8	303	95	96	Yýl	140.75
375	9	Si4b5	B4b5	309	309	1	8	303	95	96	dýz	141
376	9	Do5	C5	318	318	1	8	303	95	96	la	141.25
377	9	Si4b5	B4b5	309	309	1	8	303	95	96	rýn_	141.5
378	9	Re5	D5	327	327	1	4	606	95	96	al	142
379	9	Si4b5	B4b5	309	309	1	8	303	99	96	týn	142.25
380	9	La4	A4	305	305	1	8	303	95	96		142.5
381	9	Sol4	G4	296	296	1	8	303	95	96	da  	142.75
382	1	Sol5	G5	349	349	1	8	303	95	96	SAZ 	143
383	1	Fa5	F5	340	340	1	8	303	95	96	.	143.25
384	1	Mi5b5	E5b5	331	331	1	8	303	95	96	.	143.5
385	1	Re5	D5	327	327	1	8	303	95	96	.	143.75
386	1	Do5	C5	318	318	1	8	303	95	96	.	144
387	1	Si4b5	B4b5	309	309	1	8	303	95	96	.	144.25
388	1	La4	A4	305	305	1	8	303	95	96	.	144.5
389	1	Sol4	G4	296	296	1	8	303	95	96	.	144.75
390	9	Sol4	G4	296	296	1	8	303	95	96	Be	145
391	9	La4	A4	305	305	1	8	303	95	96	nim 	145.25
392	9	Si4b5	B4b5	309	309	1	8	303	95	96	gön	145.5
393	9	Do5	C5	318	318	1	4	606	95	96	lüm 	146
394	9	Si4b5	B4b5	309	309	1	4	606	95	96	sar	146.5
395	9	Mi5b5	E5b5	331	331	1	2	1212	95	96	hoþ	147.5
396	9	Re5	D5	327	327	1	2	1212	95	96	tur  	148.5
397	9	Re5	D5	327	327	1	8	303	95	96	Yýl	148.75
398	9	Mi5b5	E5b5	331	331	1	8	303	95	96	dýz	149
399	9	Mi5b5	E5b5	331	331	1	8	303	95	96	la	149.25
400	9	Re5	D5	327	327	1	8	303	95	96	rýn 	149.5
401	9	Re5	D5	327	327	1	8	303	99	96	al	149.75
402	9	Do5	C5	318	318	1	8	303	95	96		150
403	9	Do5	C5	318	318	1	8	303	99	96	týn	150.25
404	9	Si4b5	B4b5	309	309	1	8	303	95	96		150.5
405	9	Re5	D5	327	327	1	1	2424	95	96	da  	152.5
406	9			-1	-1	1	8	303	100	0		152.75
407	9	Do5	C5	318	318	1	8	303	95	96	Se	153
408	9	Si4b5	B4b5	309	309	1	8	303	95	96	viþ	153.25
409	9	La4	A4	305	305	1	8	303	95	96	mek 	153.5
410	9	Si4b5	B4b5	309	309	1	4	606	95	96	ah 	154
411	9	Do5	C5	318	318	1	4	606	95	96	ne 	154.5
412	9	Re5	D5	327	327	1	2	1212	95	96	hoþ	155.5
413	9	Si4b5	B4b5	309	309	1	2	1212	95	96	tur  	156.5
414	9	La4	A4	305	305	1	8	303	95	96	Yýl	156.75
415	9	Si4b5	B4b5	309	309	1	8	303	95	96	dýz	157
416	9	Do5	C5	318	318	1	8	303	95	96	la	157.25
417	9	Si4b5	B4b5	309	309	1	8	303	95	96	rýn_	157.5
418	9	Re5	D5	327	327	1	4	606	95	96	al	158
419	9	Si4b5	B4b5	309	309	1	8	303	99	96	týn	158.25
420	9	La4	A4	305	305	1	8	303	95	96		158.5
421	9	Sol4	G4	296	296	1	8	303	95	96	da  	158.75
422	1	Mi5b5	E5b5	331	331	1	16	152	95	96	SAZ 	158.875
423	1	Re5	D5	327	327	1	16	152	95	96	.	159
424	1	Do5#4	C5#4	322	322	1	8	303	95	96	.	159.25
425	1	Re5	D5	327	327	1	8	303	95	96	.	159.5
426	1	Mi5b5	E5b5	331	331	1	8	303	95	96	.	159.75
427	1	Mi5	E5	336	336	1	8	303	95	96	.	160
428	1	Fa5	F5	340	340	1	8	303	95	96	.	160.25
429	1	Fa5#4	F5#4	344	344	1	8	303	95	96	.	160.5
430	9	Sol5	G5	349	349	1	4	606	50	96	Yan	161
431	9	Fa5	F5	340	340	1	4	606	50	96	mam 	161.5
432	10	Mi5b5	E5b5	331	331	3	16	455	99	96	gön	161.875
433	8	Fa5	F5	340	340	0	0	0	95	96		161.875
434	9	Re5	D5	327	327	1	16	152	95	96		162
435	9	Re5	D5	327	327	1	8	303	95	96	lüm 	162.25
436	9			-1	-1	1	8	303	100	0		162.5
437	9			-1	-1	1	8	303	100	0		162.75
438	9	Fa5	F5	340	340	1	4	606	99	96	yan	163.25
439	9	Mi5b5	E5b5	331	331	1	8	303	95	96		163.5
440	9	Mi5b5	E5b5	331	331	1	8	303	99	96	sa 	163.75
441	9	Re5	D5	327	327	1	8	303	95	96		164
442	9	Re5	D5	327	327	1	4	606	95	96	da  	164.5
443	9	Mi5b5	E5b5	331	331	1	8	303	95	96	E	164.75
444	9	Mi5b5	E5b5	331	331	1	4	606	99	96	cel 	165.25
445	9	Re5	D5	327	327	1	8	303	95	96		165.5
446	9	Re5	D5	327	327	1	8	303	95	96	be	165.75
447	9	Do5	C5	318	318	1	8	303	99	96	ni 	166
448	9	Do5	C5	318	318	1	4	606	95	96		166.5
449	9			-1	-1	1	8	303	100	0		166.75
450	9	Re5	D5	327	327	1	4	606	99	96	al	167.25
451	9	Do5	C5	318	318	1	8	303	95	96		167.5
452	9	Si4b5	B4b5	309	309	1	8	303	99	96	sa 	167.75
453	9	La4	A4	305	305	1	8	303	95	96		168
454	9	Si4b5	B4b5	309	309	1	4	606	95	96	da  	168.5
455	9			-1	-1	1	8	303	100	0		168.75
456	9	Si4b5	B4b5	309	309	1	8	303	95	96	Göz	169
457	9	La4	A4	305	305	1	8	303	95	96	le	169.25
458	9	Si4b5	B4b5	309	309	1	8	303	95	96	rim 	169.5
459	9	Do5	C5	318	318	1	8	303	95	96	ka	169.75
460	9	Si4b5	B4b5	309	309	1	8	303	99	96	pan	170
461	9	Si4b5	B4b5	309	309	1	4	606	95	96		170.5
462	9	Re5	D5	327	327	1	2	1212	95	96	sa 	171.5
463	9	Si4b5	B4b5	309	309	1	2	1212	95	96	da  	172.5
464	9	La4	A4	305	305	1	8	303	95	96	Yýl	172.75
465	9	Si4b5	B4b5	309	309	1	8	303	95	96	dýz	173
466	9	Do5	C5	318	318	1	8	303	95	96	la	173.25
467	9	Si4b5	B4b5	309	309	1	8	303	95	96	rýn 	173.5
468	9	Re5	D5	327	327	1	4	606	95	96	al	174
469	9	Si4b5	B4b5	309	309	1	8	303	99	96	týn	174.25
470	9	La4	A4	305	305	1	8	303	95	96		174.5
471	9	Sol4	G4	296	296	1	8	303	95	96	da  	174.75
472	1	Mi5b5	E5b5	331	331	1	16	152	95	96	SAZ 	174.875
473	1	Re5	D5	327	327	1	16	152	95	96	.	175
474	1	Do5#4	C5#4	322	322	1	8	303	95	96	.	175.25
475	1	Re5	D5	327	327	1	8	303	95	96	.	175.5
476	1	Mi5b5	E5b5	331	331	1	8	303	95	96	.	175.75
477	1	Mi5	E5	336	336	1	8	303	95	96	.	176
478	1	Fa5	F5	340	340	1	8	303	95	96	.	176.25
479	1	Fa5#4	F5#4	344	344	1	8	303	95	96	.	176.5
480	9	Sol5	G5	349	349	1	4	606	50	96	Yan	177
481	9	Fa5	F5	340	340	1	4	606	50	96	mam 	177.5
482	10	Mi5b5	E5b5	331	331	3	16	455	99	96	gön	177.875
483	8	Fa5	F5	340	340	0	0	0	95	96		177.875
484	9	Re5	D5	327	327	1	16	152	95	96		178
485	9	Re5	D5	327	327	1	8	303	95	96	lüm 	178.25
486	9			-1	-1	1	8	303	100	0		178.5
487	9			-1	-1	1	8	303	100	0		178.75
488	9	Fa5	F5	340	340	1	4	606	99	96	yan	179.25
489	9	Mi5b5	E5b5	331	331	1	8	303	95	96		179.5
490	9	Mi5b5	E5b5	331	331	1	8	303	99	96	sa 	179.75
491	9	Re5	D5	327	327	1	8	303	95	96		180
492	9	Re5	D5	327	327	1	4	606	95	96	da  	180.5
493	9	Mi5b5	E5b5	331	331	1	8	303	95	96	E	180.75
494	9	Mi5b5	E5b5	331	331	1	4	606	99	96	cel 	181.25
495	9	Re5	D5	327	327	1	8	303	95	96		181.5
496	9	Re5	D5	327	327	1	8	303	95	96	be	181.75
497	9	Do5	C5	318	318	1	8	303	99	96	ni 	182
498	9	Do5	C5	318	318	1	4	606	95	96		182.5
499	9			-1	-1	1	8	303	100	0		182.75
500	9	Re5	D5	327	327	1	4	606	99	96	al	183.25
501	9	Do5	C5	318	318	1	8	303	95	96		183.5
502	9	Si4b5	B4b5	309	309	1	8	303	99	96	sa 	183.75
503	9	La4	A4	305	305	1	8	303	95	96		184
504	9	Si4b5	B4b5	309	309	1	4	606	95	96	da  	184.5
505	9			-1	-1	1	8	303	100	0		184.75
506	9	Si4b5	B4b5	309	309	1	8	303	95	96	Göz	185
507	9	La4	A4	305	305	1	8	303	95	96	le	185.25
508	9	Si4b5	B4b5	309	309	1	8	303	95	96	rim 	185.5
509	9	Do5	C5	318	318	1	8	303	95	96	ka	185.75
510	9	Si4b5	B4b5	309	309	1	8	303	99	96	pan	186
511	9	Si4b5	B4b5	309	309	1	4	606	95	96		186.5
512	9	Re5	D5	327	327	1	2	1212	95	96	sa 	187.5
513	9	Si4b5	B4b5	309	309	1	2	1212	95	96	da  	188.5
514	9	La4	A4	305	305	1	8	303	95	96	Yýl	188.75
515	9	Si4b5	B4b5	309	309	1	8	303	95	96	dýz	189
516	9	Do5	C5	318	318	1	8	303	95	96	la	189.25
517	9	Si4b5	B4b5	309	309	1	8	303	95	96	rýn 	189.5
518	9	Re5	D5	327	327	1	4	606	95	96	al	190
519	9	Si4b5	B4b5	309	309	1	8	303	99	96	týn	190.25
520	9	La4	A4	305	305	1	8	303	95	96		190.5
521	9	Sol4	G4	296	296	1	1	2424	95	96	da  	192.5
