Sira	Kod	Nota53	NotaAE	Koma53	KomaAE	Pay	Payda	Ms	LNS	Bas	Soz1	Offset
1	9	Si4b5	B4b5	309	309	1	8	385	95	96		0.25
2	9	Re5	D5	327	327	1	8	385	95	96		0.5
3	9	Sol5	G5	349	349	1	8	385	95	96		0.75
4	9			-1	-1	1	8	385	100	0		1
5	9	Re4	D4	274	274	1	16	192	95	96		1.125
6	9	Sol4	G4	296	296	1	16	192	95	96		1.25
7	9	Si4b5	B4b5	309	309	1	16	192	95	96		1.375
8	9	Re5	D5	327	327	1	16	192	95	96		1.5
9	9	Sol4	G4	296	296	1	16	192	95	96		1.625
10	9	Si4b5	B4b5	309	309	1	16	192	95	96		1.75
11	9	Re5	D5	327	327	1	16	192	95	96		1.875
12	9	Sol5	G5	349	349	1	16	192	95	96		2
13	9	Si4b5	B4b5	309	309	1	16	192	95	96		2.125
14	9	Re5	D5	327	327	1	16	192	95	96		2.25
15	9	Sol5	G5	349	349	1	16	192	95	96		2.375
16	9	Si5b5	B5b5	362	362	1	16	192	95	96		2.5
17	9	Re5	D5	327	327	1	16	192	95	96		2.625
18	9	Sol5	G5	349	349	1	16	192	95	96		2.75
19	9	Si5b5	B5b5	362	362	1	16	192	95	96		2.875
20	9	Re6	D6	380	380	1	16	192	95	96		3
21	9	Sol5	G5	349	349	1	16	192	95	96		3.125
22	9	Si5b5	B5b5	362	362	1	16	192	95	96		3.25
23	9	Mi6b5	E6b5	384	384	1	16	192	95	96		3.375
24	9	Sol6	G6	402	402	1	16	192	95	96		3.5
25	9	Sol6	G6	402	402	1	4	769	95	96		4
26	9	Re6	D6	380	380	1	24	128	95	96		4.083333
27	9	Sol6	G6	402	402	1	24	128	95	96		4.166667
28	9	Re6	D6	380	380	1	24	128	95	96		4.25
29	9	Si5b5	B5b5	362	362	1	24	128	95	96		4.333333
30	9	Re6	D6	380	380	1	24	128	95	96		4.416667
31	9	Si5b5	B5b5	362	362	1	24	128	95	96		4.5
32	9	Si5b5	B5b5	362	362	1	24	128	95	96		4.583333
33	9	Mi6b5	E6b5	384	384	1	24	128	95	96		4.666667
34	9	Do6	C6	371	371	1	24	128	95	96		4.75
35	9	La5	A5	358	358	1	24	128	95	96		4.833333
36	9	Do6	C6	371	371	1	24	128	95	96		4.916667
37	9	La5	A5	358	358	1	24	128	95	96		5
38	9	Si5b5	B5b5	362	362	1	24	128	95	96		5.083333
39	9	Re6	D6	380	380	1	24	128	95	96		5.166667
40	9	Si5b5	B5b5	362	362	1	24	128	95	96		5.25
41	9	Sol5	G5	349	349	1	24	128	95	96		5.333333
42	9	Si5b5	B5b5	362	362	1	24	128	95	96		5.416667
43	9	Sol5	G5	349	349	1	24	128	95	96		5.5
44	9	La5	A5	358	358	1	24	128	95	96		5.583333
45	9	Do6	C6	371	371	1	24	128	95	96		5.666667
46	9	La5	A5	358	358	1	24	128	95	96		5.75
47	9	Fa5#4	F5#4	344	344	1	24	128	95	96		5.833333
48	9	La5	A5	358	358	1	24	128	95	96		5.916667
49	9	Fa5#4	F5#4	344	344	1	24	128	95	96		6
50	9	Sol5	G5	349	349	1	24	128	95	96		6.083333
51	9	Si5b5	B5b5	362	362	1	24	128	95	96		6.166667
52	9	Sol5	G5	349	349	1	24	128	95	96		6.25
53	9	Mi5b5	E5b5	331	331	1	24	128	95	96		6.333333
54	9	Sol5	G5	349	349	1	24	128	95	96		6.416667
55	9	Mi5b5	E5b5	331	331	1	24	128	95	96		6.5
56	9	Fa5#4	F5#4	344	344	1	24	128	95	96		6.583333
57	9	La5	A5	358	358	1	24	128	95	96		6.666667
58	9	Fa5#4	F5#4	344	344	1	24	128	95	96		6.75
59	9	Re5	D5	327	327	1	24	128	95	96		6.833333
60	9	Fa5#4	F5#4	344	344	1	24	128	95	96		6.916667
61	9	Re5	D5	327	327	1	24	128	95	96		7
62	9	Mi5b5	E5b5	331	331	1	24	128	95	96		7.083333
63	9	Sol5	G5	349	349	1	24	128	95	96		7.166667
64	9	Mi5b5	E5b5	331	331	1	24	128	95	96		7.25
65	9	Do5	C5	318	318	1	24	128	95	96		7.333333
66	9	Mi5b5	E5b5	331	331	1	24	128	95	96		7.416667
67	9	Do5	C5	318	318	1	24	128	95	96		7.5
68	9	Re5	D5	327	327	1	24	128	95	96		7.583333
69	9	Fa5	F5	340	340	1	24	128	95	96		7.666667
70	9	Re5	D5	327	327	1	24	128	95	96		7.75
71	9	Si4b5	B4b5	309	309	1	24	128	95	96		7.833333
72	9	Re5	D5	327	327	1	24	128	95	96		7.916667
73	9	Si4b5	B4b5	309	309	1	24	128	95	96		8
74	9	Do5	C5	318	318	1	24	128	95	96		8.083333
75	9	Mi5b5	E5b5	331	331	1	24	128	95	96		8.166667
76	9	Do5	C5	318	318	1	24	128	95	96		8.25
77	9	La4	A4	305	305	1	24	128	95	96		8.333333
78	9	Do5	C5	318	318	1	24	128	95	96		8.416667
79	9	La4	A4	305	305	1	24	128	95	96		8.5
80	9	Si4b5	B4b5	309	309	1	24	128	95	96		8.583333
81	9	Re5	D5	327	327	1	24	128	95	96		8.666667
82	9	Si4b5	B4b5	309	309	1	24	128	95	96		8.75
83	9	Sol4	G4	296	296	1	24	128	95	96		8.833333
84	9	Si4b5	B4b5	309	309	1	24	128	95	96		8.916667
85	9	Sol4	G4	296	296	1	24	128	95	96		9
86	9	La4	A4	305	305	1	24	128	95	96		9.083333
87	9	Do5	C5	318	318	1	24	128	95	96		9.166667
88	9	La4	A4	305	305	1	24	128	95	96		9.25
89	9	Fa4#4	F4#4	291	291	1	24	128	95	96		9.333333
90	9	La4	A4	305	305	1	24	128	95	96		9.416667
91	9	Fa4#4	F4#4	291	291	1	24	128	95	96		9.5
92	9	Sol4	G4	296	296	1	4	769	95	96		10
93	9	Sol6	G6	402	402	1	16	192	95	96		10.125
94	9	Re6	D6	380	380	1	16	192	95	96		10.25
95	9	Si5b5	B5b5	362	362	1	16	192	95	96		10.375
96	9	Sol5	G5	349	349	1	16	192	95	96		10.5
97	9	Re5	D5	327	327	1	16	192	95	96		10.625
98	9	Si4b5	B4b5	309	309	1	16	192	95	96		10.75
99	9	Sol4	G4	296	296	1	8	385	101	96		11
100	9	Sol4	G4	296	296	1	32	96	50	96		11.0625
101	9	La4	A4	305	305	1	32	96	50	96		11.125
102	9	Si4b5	B4b5	309	309	1	32	96	50	96		11.1875
103	9	Sol4	G4	296	296	1	32	96	50	96		11.25
104	9	Re4	D4	274	274	1	32	96	50	96		11.3125
105	9	Fa4#4	F4#4	291	291	1	32	96	50	96		11.375
106	9	La4	A4	305	305	1	32	96	50	96		11.4375
107	9	Fa4#4	F4#4	291	291	1	32	96	50	96		11.5
108	9	Sol4	G4	296	296	1	32	96	50	96		11.5625
109	9	La4	A4	305	305	1	32	96	50	96		11.625
110	9	Si4b5	B4b5	309	309	1	32	96	50	96		11.6875
111	9	Sol4	G4	296	296	1	32	96	50	96		11.75
112	9	Re4	D4	274	274	1	32	96	50	96		11.8125
113	9	Fa4#4	F4#4	291	291	1	32	96	50	96		11.875
114	9	La4	A4	305	305	1	32	96	50	96		11.9375
115	9	Fa4#4	F4#4	291	291	1	32	96	50	96		12
116	9	Sol4	G4	296	296	1	32	96	95	96		12.0625
117	9	La4	A4	305	305	1	32	96	95	96		12.125
118	9	Si4b5	B4b5	309	309	1	32	96	95	96		12.1875
119	9	Sol4	G4	296	296	1	32	96	95	96		12.25
120	9	Re4	D4	274	274	1	32	96	95	96		12.3125
121	9	Fa4#4	F4#4	291	291	1	32	96	95	96		12.375
122	9	La4	A4	305	305	1	32	96	95	96		12.4375
123	9	Fa4#4	F4#4	291	291	1	32	96	95	96		12.5
124	9	Sol4	G4	296	296	1	32	96	95	96		12.5625
125	9	Si4b5	B4b5	309	309	1	32	96	95	96		12.625
126	9	Re5	D5	327	327	1	32	96	95	96		12.6875
127	9	Sol5	G5	349	349	1	32	96	95	96		12.75
128	9	Si5b5	B5b5	362	362	1	32	96	95	96		12.8125
129	9	Re6	D6	380	380	1	32	96	95	96		12.875
130	9	Fa6#4	F6#4	397	397	1	32	96	95	96		12.9375
131	9	Sol6	G6	402	402	1	32	96	95	96		13
132	52			0	0	1	4	0	78	0		13.5
133	9	Sol4	G4	296	296	1	32	96	50	96		13.5625
134	9	La4	A4	305	305	1	32	96	50	96		13.625
135	9	Si4b5	B4b5	309	309	1	32	96	50	96		13.6875
136	9	Sol4	G4	296	296	1	32	96	50	96		13.75
137	9	Re4	D4	274	274	1	32	96	50	96		13.8125
138	9	Fa4#4	F4#4	291	291	1	32	96	50	96		13.875
139	9	La4	A4	305	305	1	32	96	50	96		13.9375
140	9	Fa4#4	F4#4	291	291	1	32	96	50	96		14
141	9	Sol4	G4	296	296	1	32	96	50	96		14.0625
142	9	La4	A4	305	305	1	32	96	50	96		14.125
143	9	Si4b5	B4b5	309	309	1	32	96	50	96		14.1875
144	9	Sol4	G4	296	296	1	32	96	50	96		14.25
145	9	Re4	D4	274	274	1	32	96	50	96		14.3125
146	9	Fa4#4	F4#4	291	291	1	32	96	50	96		14.375
147	9	La4	A4	305	305	1	32	96	50	96		14.4375
148	9	Fa4#4	F4#4	291	291	1	32	96	50	96		14.5
149	9	Sol4	G4	296	296	1	32	96	95	96		14.5625
150	9	La4	A4	305	305	1	32	96	95	96		14.625
151	9	Si4b5	B4b5	309	309	1	32	96	95	96		14.6875
152	9	Sol4	G4	296	296	1	32	96	95	96		14.75
153	9	Re4	D4	274	274	1	32	96	95	96		14.8125
154	9	Fa4#4	F4#4	291	291	1	32	96	95	96		14.875
155	9	La4	A4	305	305	1	32	96	95	96		14.9375
156	9	Fa4#4	F4#4	291	291	1	32	96	95	96		15
157	9	Sol4	G4	296	296	1	32	96	95	96		15.0625
158	9	Si4b5	B4b5	309	309	1	32	96	95	96		15.125
159	9	Re5	D5	327	327	1	32	96	95	96		15.1875
160	9	Sol5	G5	349	349	1	32	96	95	96		15.25
161	9	Si5b5	B5b5	362	362	1	32	96	95	96		15.3125
162	9	Re6	D6	380	380	1	32	96	95	96		15.375
163	9	Fa6#4	F6#4	397	397	1	32	96	95	96		15.4375
164	9	Sol6	G6	402	402	1	32	96	95	96		15.5
165	9	Do5	C5	318	318	1	32	96	95	96		15.5625
166	9	Re5	D5	327	327	1	32	96	95	96		15.625
167	9	Mi5b5	E5b5	331	331	1	32	96	95	96		15.6875
168	9	Do5	C5	318	318	1	32	96	95	96		15.75
169	9	Sol4	G4	296	296	1	32	96	95	96		15.8125
170	9	Si4	B4	314	314	1	32	96	95	96		15.875
171	9	Re5	D5	327	327	1	32	96	95	96		15.9375
172	9	Si4	B4	314	314	1	32	96	95	96		16
173	9	Do5	C5	318	318	1	32	96	95	96		16.0625
174	9	Re5	D5	327	327	1	32	96	95	96		16.125
175	9	Mi5b5	E5b5	331	331	1	32	96	95	96		16.1875
176	9	Do5	C5	318	318	1	32	96	95	96		16.25
177	9	Sol4	G4	296	296	1	32	96	95	96		16.3125
178	9	Si4	B4	314	314	1	32	96	95	96		16.375
179	9	Re5	D5	327	327	1	32	96	95	96		16.4375
180	9	Si4	B4	314	314	1	32	96	95	96		16.5
181	9	Do5	C5	318	318	1	32	96	95	96		16.5625
182	9	Re5	D5	327	327	1	32	96	95	96		16.625
183	9	Mi5b5	E5b5	331	331	1	32	96	95	96		16.6875
184	9	Do5	C5	318	318	1	32	96	95	96		16.75
185	9	Sol4	G4	296	296	1	32	96	95	96		16.8125
186	9	Si4	B4	314	314	1	32	96	95	96		16.875
187	9	Re5	D5	327	327	1	32	96	95	96		16.9375
188	9	Si4	B4	314	314	1	32	96	95	96		17
189	9	Do5	C5	318	318	1	32	96	95	96		17.0625
190	9	Mi5b5	E5b5	331	331	1	32	96	95	96		17.125
191	9	Sol5	G5	349	349	1	32	96	95	96		17.1875
192	9	Do6	C6	371	371	1	32	96	95	96		17.25
193	9	Mi6b5	E6b5	384	384	1	32	96	95	96		17.3125
194	9	Sol6	G6	402	402	1	32	96	95	96		17.375
195	9	Si6	B6	420	420	1	32	96	95	96		17.4375
196	9	Do7	C7	424	424	1	32	96	95	96		17.5
197	9	La5b5	A5b5	353	353	1	32	96	95	96		17.5625
198	9	Sol5	G5	349	349	1	32	96	95	96		17.625
199	9	Fa5	F5	340	340	1	32	96	95	96		17.6875
200	9	Mi5	E5	336	336	1	32	96	95	96		17.75
201	9	Fa5	F5	340	340	1	32	96	95	96		17.8125
202	9	Mi5b5	E5b5	331	331	1	32	96	95	96		17.875
203	9	Re5	D5	327	327	1	32	96	95	96		17.9375
204	9	Do5	C5	318	318	1	32	96	95	96		18
205	9	Re5	D5	327	327	1	32	96	95	96		18.0625
206	9	Do5	C5	318	318	1	32	96	95	96		18.125
207	9	Si4b1	B4b1	313	313	1	32	96	95	96		18.1875
208	9	La4	A4	305	305	1	32	96	95	96		18.25
209	9	Sol4	G4	296	296	1	32	96	95	96		18.3125
210	9	Fa4	F4	287	287	1	32	96	95	96		18.375
211	9	Mi4b5	E4b5	278	278	1	32	96	95	96		18.4375
212	9	Re4	D4	274	274	1	32	96	95	96		18.5
213	9	Do4	C4	265	265	1	32	96	95	96		18.5625
214	9	Mi4b5	E4b5	278	278	1	32	96	95	96		18.625
215	9	Sol4	G4	296	296	1	32	96	95	96		18.6875
216	9	Do5	C5	318	318	1	32	96	95	96		18.75
217	9	Mi4b5	E4b5	278	278	1	32	96	95	96		18.8125
218	9	Sol4	G4	296	296	1	32	96	95	96		18.875
219	9	Do5	C5	318	318	1	32	96	95	96		18.9375
220	9	Mi5b5	E5b5	331	331	1	32	96	95	96		19
221	9	Sol4	G4	296	296	1	32	96	95	96		19.0625
222	9	Do5	C5	318	318	1	32	96	95	96		19.125
223	9	Mi5b5	E5b5	331	331	1	32	96	95	96		19.1875
224	9	Sol5	G5	349	349	1	32	96	95	96		19.25
225	9	Do5	C5	318	318	1	32	96	95	96		19.3125
226	9	Mi5b5	E5b5	331	331	1	32	96	95	96		19.375
227	9	Sol5	G5	349	349	1	32	96	95	96		19.4375
228	9	Do6	C6	371	371	1	32	96	95	96		19.5
229	9			-1	-1	1	32	96	100	0		19.5625
230	9	Si5	B5	367	367	1	32	96	95	96		19.625
231	9	Do6	C6	371	371	1	32	96	95	96		19.6875
232	9	Do6#4	C6#4	375	375	1	32	96	95	96		19.75
233	9	Re6	D6	380	380	1	32	96	95	96		19.8125
234	9	Si5	B5	367	367	1	32	96	95	96		19.875
235	9	La5b5	A5b5	353	353	1	32	96	95	96		19.9375
236	9	Fa5	F5	340	340	1	32	96	95	96		20
237	9	Si5	B5	367	367	1	32	96	95	96		20.0625
238	9	La5b5	A5b5	353	353	1	32	96	95	96		20.125
239	9	Fa5	F5	340	340	1	32	96	95	96		20.1875
240	9	Re5	D5	327	327	1	32	96	95	96		20.25
241	9	La5b5	A5b5	353	353	1	32	96	95	96		20.3125
242	9	Fa5	F5	340	340	1	32	96	95	96		20.375
243	9	Re5	D5	327	327	1	32	96	95	96		20.4375
244	9	Si4	B4	314	314	1	32	96	95	96		20.5
245	9	Do4	C4	265	265	1	32	96	95	96		20.5625
246	9	Mi4b5	E4b5	278	278	1	32	96	95	96		20.625
247	9	Sol4	G4	296	296	1	32	96	95	96		20.6875
248	9	Do5	C5	318	318	1	32	96	95	96		20.75
249	9	Mi4b5	E4b5	278	278	1	32	96	95	96		20.8125
250	9	Sol4	G4	296	296	1	32	96	95	96		20.875
251	9	Do5	C5	318	318	1	32	96	95	96		20.9375
252	9	Mi5b5	E5b5	331	331	1	32	96	95	96		21
253	9	Sol4	G4	296	296	1	32	96	95	96		21.0625
254	9	Do5	C5	318	318	1	32	96	95	96		21.125
255	9	Mi5b5	E5b5	331	331	1	32	96	95	96		21.1875
256	9	Sol5	G5	349	349	1	32	96	95	96		21.25
257	9	Do5	C5	318	318	1	32	96	95	96		21.3125
258	9	Mi5b5	E5b5	331	331	1	32	96	95	96		21.375
259	9	Sol5	G5	349	349	1	32	96	95	96		21.4375
260	9	Do6	C6	371	371	1	32	96	95	96		21.5
261	9			-1	-1	1	32	96	100	0		21.5625
262	9	Re5	D5	327	327	1	32	96	95	96		21.625
263	9	Mi5b5	E5b5	331	331	1	32	96	95	96		21.6875
264	9	Mi5	E5	336	336	1	32	96	95	96		21.75
265	9	Fa5	F5	340	340	1	32	96	95	96		21.8125
266	9	Re5	D5	327	327	1	32	96	95	96		21.875
267	9	Si4	B4	314	314	1	32	96	95	96		21.9375
268	9	La4b5	A4b5	300	300	1	32	96	95	96		22
269	9	Re5	D5	327	327	1	32	96	95	96		22.0625
270	9	Si4	B4	314	314	1	32	96	95	96		22.125
271	9	La4b5	A4b5	300	300	1	32	96	95	96		22.1875
272	9	Fa4	F4	287	287	1	32	96	95	96		22.25
273	9	Si4	B4	314	314	1	32	96	95	96		22.3125
274	9	La4	A4	305	305	1	32	96	95	96		22.375
275	9	Fa4	F4	287	287	1	32	96	95	96		22.4375
276	9	Re4	D4	274	274	1	32	96	95	96		22.5
277	9	Do4	C4	265	265	1	32	96	95	96		22.5625
278	9	Mi4b5	E4b5	278	278	1	32	96	95	96		22.625
279	9	Sol4	G4	296	296	1	32	96	95	96		22.6875
280	9	Do5	C5	318	318	1	32	96	95	96		22.75
281	9	Mi4b5	E4b5	278	278	1	32	96	95	96		22.8125
282	9	Sol4	G4	296	296	1	32	96	95	96		22.875
283	9	Do5	C5	318	318	1	32	96	95	96		22.9375
284	9	Mi5b5	E5b5	331	331	1	32	96	95	96		23
285	9	Sol4	G4	296	296	1	32	96	95	96		23.0625
286	9	Do5	C5	318	318	1	32	96	95	96		23.125
287	9	Mi5b5	E5b5	331	331	1	32	96	95	96		23.1875
288	9	Sol5	G5	349	349	1	32	96	95	96		23.25
289	9	Do5	C5	318	318	1	32	96	95	96		23.3125
290	9	Mi5b5	E5b5	331	331	1	32	96	95	96		23.375
291	9	Sol5	G5	349	349	1	32	96	95	96		23.4375
292	9	Do6	C6	371	371	1	32	96	95	96		23.5
293	9			-1	-1	1	32	96	100	0		23.5625
294	9	Si5	B5	367	367	1	32	96	95	96		23.625
295	9	Do6	C6	371	371	1	32	96	95	96		23.6875
296	9	Do6#4	C6#4	375	375	1	32	96	95	96		23.75
297	9	Re6	D6	380	380	1	32	96	95	96		23.8125
298	9	Si5	B5	367	367	1	32	96	95	96		23.875
299	9	La5b5	A5b5	353	353	1	32	96	95	96		23.9375
300	9	Fa5	F5	340	340	1	32	96	95	96		24
301	9	Si5	B5	367	367	1	32	96	95	96		24.0625
302	9	La5b5	A5b5	353	353	1	32	96	95	96		24.125
303	9	Fa5	F5	340	340	1	32	96	95	96		24.1875
304	9	Re5	D5	327	327	1	32	96	95	96		24.25
305	9	La5b5	A5b5	353	353	1	32	96	95	96		24.3125
306	9	Fa5	F5	340	340	1	32	96	95	96		24.375
307	9	Re5	D5	327	327	1	32	96	95	96		24.4375
308	9	Si4	B4	314	314	1	32	96	95	96		24.5
309	9	Do4	C4	265	265	1	32	96	95	96		24.5625
310	9	Mi4b5	E4b5	278	278	1	32	96	95	96		24.625
311	9	Sol4	G4	296	296	1	32	96	95	96		24.6875
312	9	Do5	C5	318	318	1	32	96	95	96		24.75
313	9	Mi4b5	E4b5	278	278	1	32	96	95	96		24.8125
314	9	Sol4	G4	296	296	1	32	96	95	96		24.875
315	9	Do5	C5	318	318	1	32	96	95	96		24.9375
316	9	Mi5b5	E5b5	331	331	1	32	96	95	96		25
317	9	Sol4	G4	296	296	1	32	96	95	96		25.0625
318	9	Do5	C5	318	318	1	32	96	95	96		25.125
319	9	Mi5b5	E5b5	331	331	1	32	96	95	96		25.1875
320	9	Sol5	G5	349	349	1	32	96	95	96		25.25
321	9	Do5	C5	318	318	1	32	96	95	96		25.3125
322	9	Mi5b5	E5b5	331	331	1	32	96	95	96		25.375
323	9	Sol5	G5	349	349	1	32	96	95	96		25.4375
324	9	Do6	C6	371	371	1	32	96	95	96		25.5
325	9			-1	-1	1	32	96	100	0		25.5625
326	9	Re5	D5	327	327	1	32	96	95	96		25.625
327	9	Mi5b5	E5b5	331	331	1	32	96	95	96		25.6875
328	9	Mi5	E5	336	336	1	32	96	95	96		25.75
329	9	Fa5	F5	340	340	1	32	96	95	96		25.8125
330	9	Re5	D5	327	327	1	32	96	95	96		25.875
331	9	Si4	B4	314	314	1	32	96	95	96		25.9375
332	9	La4b5	A4b5	300	300	1	32	96	95	96		26
333	9	Re5	D5	327	327	1	32	96	95	96		26.0625
334	9	Si4	B4	314	314	1	32	96	95	96		26.125
335	9	La4b5	A4b5	300	300	1	32	96	95	96		26.1875
336	9	Fa4	F4	287	287	1	32	96	95	96		26.25
337	9	Si4	B4	314	314	1	32	96	95	96		26.3125
338	9	La4	A4	305	305	1	32	96	95	96		26.375
339	9	Fa4	F4	287	287	1	32	96	95	96		26.4375
340	9	Re4	D4	274	274	1	32	96	95	96		26.5
341	9	Do4	C4	265	265	1	32	96	95	96		26.5625
342	9	Do6	C6	371	371	1	32	96	95	96		26.625
343	9	Si5b5	B5b5	362	362	1	32	96	95	96		26.6875
344	9	Si5	B5	367	367	1	32	96	95	96		26.75
345	9	La5	A5	358	358	1	32	96	95	96		26.8125
346	9	La5b5	A5b5	353	353	1	32	96	95	96		26.875
347	9	Sol5	G5	349	349	1	32	96	95	96		26.9375
348	9	Fa5#4	F5#4	344	344	1	32	96	95	96		27
349	9	Fa5	F5	340	340	1	32	96	95	96		27.0625
350	9	Mi5	E5	336	336	1	32	96	95	96		27.125
351	9	Mi5b5	E5b5	331	331	1	32	96	95	96		27.1875
352	9	Re5	D5	327	327	1	32	96	95	96		27.25
353	9	Do5#4	C5#4	322	322	1	32	96	95	96		27.3125
354	9	Do5	C5	318	318	1	32	96	95	96		27.375
355	9	Si4	B4	314	314	1	32	96	95	96		27.4375
356	9	Si4b5	B4b5	309	309	1	32	96	95	96		27.5
357	9	La4	A4	305	305	1	32	96	95	96		27.5625
358	9	La4b5	A4b5	300	300	1	32	96	95	96		27.625
359	9	Sol4	G4	296	296	1	32	96	95	96		27.6875
360	9	Fa4#4	F4#4	291	291	1	32	96	95	96		27.75
361	9	Fa4	F4	287	287	1	32	96	95	96		27.8125
362	9	Mi4	E4	283	283	1	32	96	95	96		27.875
363	9	Mi4b5	E4b5	278	278	1	32	96	95	96		27.9375
364	9	Re4	D4	274	274	1	32	96	95	96		28
365	9	Re6	D6	380	380	1	32	96	95	96		28.0625
366	9	Do6#4	C6#4	375	375	1	32	96	95	96		28.125
367	9	Do6	C6	371	371	1	32	96	95	96		28.1875
368	9	Si5	B5	367	367	1	32	96	95	96		28.25
369	9	Si5b5	B5b5	362	362	1	32	96	95	96		28.3125
370	9	La5	A5	358	358	1	32	96	95	96		28.375
371	9	La5b5	A5b5	353	353	1	32	96	95	96		28.4375
372	9	Sol5	G5	349	349	1	32	96	95	96		28.5
373	9	Fa5#4	F5#4	344	344	1	32	96	95	96		28.5625
374	9	Fa5	F5	340	340	1	32	96	95	96		28.625
375	9	Mi5	E5	336	336	1	32	96	95	96		28.6875
376	9	Mi5b5	E5b5	331	331	1	32	96	95	96		28.75
377	9	Re5	D5	327	327	1	32	96	95	96		28.8125
378	9	Do5#4	C5#4	322	322	1	32	96	95	96		28.875
379	9	Do5	C5	318	318	1	32	96	95	96		28.9375
380	9	Si4	B4	314	314	1	32	96	95	96		29
381	9	Si4b5	B4b5	309	309	1	32	96	95	96		29.0625
382	9	La4	A4	305	305	1	32	96	95	96		29.125
383	9	La4b5	A4b5	300	300	1	32	96	95	96		29.1875
384	9	Sol4	G4	296	296	1	32	96	95	96		29.25
385	9	Sol6	G6	402	402	1	32	96	95	96		29.3125
386	9	Fa6#4	F6#4	397	397	1	32	96	95	96		29.375
387	9	Fa6	F6	393	393	1	32	96	95	96		29.4375
388	9	Mi6	E6	389	389	1	32	96	95	96		29.5
389	9	Mi6b5	E6b5	384	384	1	32	96	95	96		29.5625
390	9	Re6	D6	380	380	1	32	96	95	96		29.625
391	9	Do6#4	C6#4	375	375	1	32	96	95	96		29.6875
392	9	Do6	C6	371	371	1	32	96	95	96		29.75
393	9	Si5	B5	367	367	1	32	96	95	96		29.8125
394	9	Si5b5	B5b5	362	362	1	32	96	95	96		29.875
395	9	La5	A5	358	358	1	32	96	95	96		29.9375
396	9	La5b5	A5b5	353	353	1	32	96	95	96		30
397	9	Sol5	G5	349	349	1	32	96	95	96		30.0625
398	9	Fa5#4	F5#4	344	344	1	32	96	95	96		30.125
399	9	Fa5	F5	340	340	1	32	96	95	96		30.1875
400	9	Mi5	E5	336	336	1	32	96	95	96		30.25
401	9	Mi5b5	E5b5	331	331	1	32	96	95	96		30.3125
402	9	Re5	D5	327	327	1	32	96	95	96		30.375
403	9	Do5#4	C5#4	322	322	1	32	96	95	96		30.4375
404	9	Do5	C5	318	318	1	32	96	95	96		30.5
405	9	Si4	B4	314	314	1	32	96	95	96		30.5625
406	9	Si4b5	B4b5	309	309	1	32	96	95	96		30.625
407	9	La4	A4	305	305	1	32	96	95	96		30.6875
408	9	La4b5	A4b5	300	300	1	32	96	95	96		30.75
409	9	Sol4	G4	296	296	1	32	96	95	96		30.8125
410	9	Si4b5	B4b5	309	309	1	32	96	95	96		30.875
411	9	Re5	D5	327	327	1	32	96	95	96		30.9375
412	9	Sol5	G5	349	349	1	32	96	95	96		31
413	9	Si4b5	B4b5	309	309	1	32	96	95	96		31.0625
414	9	Re5	D5	327	327	1	32	96	95	96		31.125
415	9	Sol5	G5	349	349	1	32	96	95	96		31.1875
416	9	Si5b5	B5b5	362	362	1	32	96	95	96		31.25
417	9	Sol5	G5	349	349	1	32	96	95	96		31.3125
418	9	Si5b5	B5b5	362	362	1	32	96	95	96		31.375
419	9	Re6	D6	380	380	1	32	96	95	96		31.4375
420	9	Fa6#4	F6#4	397	397	1	64	48	95	96		31.46875
421	9	Sol6	G6	402	402	1	64	48	95	96		31.5
422	9	Sol4	G4	296	296	1	32	96	95	96		31.5625
423	9	La4	A4	305	305	1	32	96	95	96		31.625
424	9	Si4b5	B4b5	309	309	1	32	96	95	96		31.6875
425	9	Sol4	G4	296	296	1	32	96	95	96		31.75
426	9	Re4	D4	274	274	1	32	96	95	96		31.8125
427	9	Fa4#4	F4#4	291	291	1	32	96	95	96		31.875
428	9	La4	A4	305	305	1	32	96	95	96		31.9375
429	9	Fa4#4	F4#4	291	291	1	32	96	95	96		32
430	9	Sol4	G4	296	296	1	32	96	95	96		32.0625
431	9	La4	A4	305	305	1	32	96	95	96		32.125
432	9	Si4b5	B4b5	309	309	1	32	96	95	96		32.1875
433	9	Sol4	G4	296	296	1	32	96	95	96		32.25
434	9	Re4	D4	274	274	1	32	96	95	96		32.3125
435	9	Fa4#4	F4#4	291	291	1	32	96	95	96		32.375
436	9	La4	A4	305	305	1	32	96	95	96		32.4375
437	9	Fa4#4	F4#4	291	291	1	32	96	95	96		32.5
438	9	Sol4	G4	296	296	1	32	96	95	96		32.5625
439	9	La4	A4	305	305	1	32	96	95	96		32.625
440	9	Si4b5	B4b5	309	309	1	32	96	95	96		32.6875
441	9	Sol4	G4	296	296	1	32	96	95	96		32.75
442	9	Re4	D4	274	274	1	32	96	95	96		32.8125
443	9	Fa4#4	F4#4	291	291	1	32	96	95	96		32.875
444	9	La4	A4	305	305	1	32	96	95	96		32.9375
445	9	Fa4#4	F4#4	291	291	1	32	96	95	96		33
446	9	Sol4	G4	296	296	1	32	96	95	96		33.0625
447	9	Si4b5	B4b5	309	309	1	32	96	95	96		33.125
448	9	Re5	D5	327	327	1	32	96	95	96		33.1875
449	9	Sol5	G5	349	349	1	32	96	95	96		33.25
450	9	Si5b5	B5b5	362	362	1	32	96	95	96		33.3125
451	9	Re6	D6	380	380	1	32	96	95	96		33.375
452	9	Fa6#4	F6#4	397	397	1	32	96	95	96		33.4375
453	9	Sol6	G6	402	402	1	32	96	95	96		33.5
454	9	Do5	C5	318	318	1	32	96	95	96		33.5625
455	9	Re5	D5	327	327	1	32	96	95	96		33.625
456	9	Mi5b5	E5b5	331	331	1	32	96	95	96		33.6875
457	9	Do5	C5	318	318	1	32	96	95	96		33.75
458	9	Sol4	G4	296	296	1	32	96	95	96		33.8125
459	9	Si4	B4	314	314	1	32	96	95	96		33.875
460	9	Re5	D5	327	327	1	32	96	95	96		33.9375
461	9	Si4	B4	314	314	1	32	96	95	96		34
462	9	Do5	C5	318	318	1	32	96	95	96		34.0625
463	9	Re5	D5	327	327	1	32	96	95	96		34.125
464	9	Mi5b5	E5b5	331	331	1	32	96	95	96		34.1875
465	9	Do5	C5	318	318	1	32	96	95	96		34.25
466	9	Sol4	G4	296	296	1	32	96	95	96		34.3125
467	9	Si4	B4	314	314	1	32	96	95	96		34.375
468	9	Re5	D5	327	327	1	32	96	95	96		34.4375
469	9	Si4	B4	314	314	1	32	96	95	96		34.5
470	9	Do5	C5	318	318	1	32	96	95	96		34.5625
471	9	Re5	D5	327	327	1	32	96	95	96		34.625
472	9	Mi5b5	E5b5	331	331	1	32	96	95	96		34.6875
473	9	Do5	C5	318	318	1	32	96	95	96		34.75
474	9	Sol4	G4	296	296	1	32	96	95	96		34.8125
475	9	Si4	B4	314	314	1	32	96	95	96		34.875
476	9	Re5	D5	327	327	1	32	96	95	96		34.9375
477	9	Si4	B4	314	314	1	32	96	95	96		35
478	9	Do5	C5	318	318	1	32	96	95	96		35.0625
479	9	Mi5b5	E5b5	331	331	1	32	96	95	96		35.125
480	9	Sol5	G5	349	349	1	32	96	95	96		35.1875
481	9	Do6	C6	371	371	1	32	96	95	96		35.25
482	9	Mi6b5	E6b5	384	384	1	32	96	95	96		35.3125
483	9	Sol6	G6	402	402	1	32	96	95	96		35.375
484	9	Si6	B6	420	420	1	32	96	95	96		35.4375
485	9	Do7	C7	424	424	1	32	96	95	96		35.5
486	9	Fa5#4	F5#4	344	344	1	32	96	95	96		35.5625
487	9	Sol5	G5	349	349	1	32	96	95	96		35.625
488	9	La5	A5	358	358	1	32	96	95	96		35.6875
489	9	Fa5#4	F5#4	344	344	1	32	96	95	96		35.75
490	9	Re5	D5	327	327	1	32	96	95	96		35.8125
491	9	Mi5b5	E5b5	331	331	1	32	96	95	96		35.875
492	9	Fa5#4	F5#4	344	344	1	32	96	95	96		35.9375
493	9	Re5	D5	327	327	1	32	96	95	96		36
494	9	Mi5b5	E5b5	331	331	1	32	96	95	96		36.0625
495	9	Fa5#4	F5#4	344	344	1	32	96	95	96		36.125
496	9	Sol5	G5	349	349	1	32	96	95	96		36.1875
497	9	Mi5b5	E5b5	331	331	1	32	96	95	96		36.25
498	9	Do5	C5	318	318	1	32	96	95	96		36.3125
499	9	Re5	D5	327	327	1	32	96	95	96		36.375
500	9	Mi5b5	E5b5	331	331	1	32	96	95	96		36.4375
501	9	Do5	C5	318	318	1	32	96	95	96		36.5
502	9	Re5	D5	327	327	1	32	96	95	96		36.5625
503	9	Mi5b5	E5b5	331	331	1	32	96	95	96		36.625
504	9	Fa5	F5	340	340	1	32	96	95	96		36.6875
505	9	Re5	D5	327	327	1	32	96	95	96		36.75
506	9	Si4b5	B4b5	309	309	1	32	96	95	96		36.8125
507	9	Do5	C5	318	318	1	32	96	95	96		36.875
508	9	Re5	D5	327	327	1	32	96	95	96		36.9375
509	9	Si4b5	B4b5	309	309	1	32	96	95	96		37
510	9	Do5	C5	318	318	1	32	96	95	96		37.0625
511	9	Re5	D5	327	327	1	32	96	95	96		37.125
512	9	Mi5b5	E5b5	331	331	1	32	96	95	96		37.1875
513	9	Do5	C5	318	318	1	32	96	95	96		37.25
514	9	La4	A4	305	305	1	32	96	95	96		37.3125
515	9	Si4b5	B4b5	309	309	1	32	96	95	96		37.375
516	9	Do5	C5	318	318	1	32	96	95	96		37.4375
517	9	La4	A4	305	305	1	32	96	95	96		37.5
518	9	Si4b5	B4b5	309	309	1	32	96	95	96		37.5625
519	9	Do5	C5	318	318	1	32	96	95	96		37.625
520	9	Re5	D5	327	327	1	32	96	95	96		37.6875
521	9	Si4b5	B4b5	309	309	1	32	96	95	96		37.75
522	9	Sol4	G4	296	296	1	32	96	95	96		37.8125
523	9	La4	A4	305	305	1	32	96	95	96		37.875
524	9	Si4b5	B4b5	309	309	1	32	96	95	96		37.9375
525	9	Sol4	G4	296	296	1	32	96	95	96		38
526	9	La4	A4	305	305	1	32	96	95	96		38.0625
527	9	Si4b5	B4b5	309	309	1	32	96	95	96		38.125
528	9	Do5	C5	318	318	1	32	96	95	96		38.1875
529	9	La4	A4	305	305	1	32	96	95	96		38.25
530	9	Fa4#4	F4#4	291	291	1	32	96	95	96		38.3125
531	9	Sol4	G4	296	296	1	32	96	95	96		38.375
532	9	La4	A4	305	305	1	32	96	95	96		38.4375
533	9	Fa4#4	F4#4	291	291	1	32	96	95	96		38.5
534	9	Do5	C5	318	318	1	32	96	95	96		38.5625
535	9	La4	A4	305	305	1	32	96	95	96		38.625
536	9	Do5	C5	318	318	1	32	96	95	96		38.6875
537	9	Mi5b5	E5b5	331	331	1	32	96	95	96		38.75
538	9	Do5	C5	318	318	1	32	96	95	96		38.8125
539	9	Mi5b5	E5b5	331	331	1	32	96	95	96		38.875
540	9	Fa5#4	F5#4	344	344	1	32	96	95	96		38.9375
541	9	Mi5b5	E5b5	331	331	1	32	96	95	96		39
542	9	Fa5#4	F5#4	344	344	1	16	192	95	96		39.125
543	9	La5	A5	358	358	1	16	192	95	96		39.25
544	9	Do6	C6	371	371	1	16	192	95	96		39.375
545	9	Mi6b5	E6b5	384	384	1	16	192	95	96		39.5
546	9	Sol4	G4	296	296	1	32	96	95	96		39.5625
547	9	Si4b5	B4b5	309	309	1	32	96	95	96		39.625
548	9	Sol4	G4	296	296	1	32	96	95	96		39.6875
549	9	Si4b5	B4b5	309	309	1	32	96	95	96		39.75
550	9	Re5	D5	327	327	1	32	96	95	96		39.8125
551	9	Si4b5	B4b5	309	309	1	32	96	95	96		39.875
552	9	Re5	D5	327	327	1	32	96	95	96		39.9375
553	9	Sol5	G5	349	349	1	32	96	95	96		40
554	9	Re5	D5	327	327	1	32	96	95	96		40.0625
555	9	Sol5	G5	349	349	1	32	96	95	96		40.125
556	9	Si5b5	B5b5	362	362	1	32	96	95	96		40.1875
557	9	Sol5	G5	349	349	1	32	96	95	96		40.25
558	9	Si5b5	B5b5	362	362	1	32	96	95	96		40.3125
559	9	Re6	D6	380	380	1	32	96	95	96		40.375
560	9	Sol6	G6	402	402	1	32	96	95	96		40.4375
561	9	Re6	D6	380	380	1	32	96	95	96		40.5
562	9	La4	A4	305	305	1	32	96	95	96		40.5625
563	9	Do5	C5	318	318	1	32	96	95	96		40.625
564	9	La4	A4	305	305	1	32	96	95	96		40.6875
565	9	Do5	C5	318	318	1	32	96	95	96		40.75
566	9	Mi5b5	E5b5	331	331	1	32	96	95	96		40.8125
567	9	Do5	C5	318	318	1	32	96	95	96		40.875
568	9	Mi5b5	E5b5	331	331	1	32	96	95	96		40.9375
569	9	Fa5#4	F5#4	344	344	1	32	96	95	96		41
570	9	Mi5b5	E5b5	331	331	1	32	96	95	96		41.0625
571	9	Fa5#4	F5#4	344	344	1	32	96	95	96		41.125
572	9	La5	A5	358	358	1	32	96	95	96		41.1875
573	9	Sol5	G5	349	349	1	32	96	95	96		41.25
574	9	La5	A5	358	358	1	32	96	95	96		41.3125
575	9	Do6	C6	371	371	1	32	96	95	96		41.375
576	9	Mi6b5	E6b5	384	384	1	32	96	95	96		41.4375
577	9	Do6	C6	371	371	1	32	96	95	96		41.5
578	9	Do6	C6	371	371	1	32	96	95	96		41.5625
579	9	Mi6b5	E6b5	384	384	1	32	96	95	96		41.625
580	9	Do6	C6	371	371	1	32	96	95	96		41.6875
581	9	La5	A5	358	358	1	32	96	95	96		41.75
582	9	Fa5#4	F5#4	344	344	1	32	96	95	96		41.8125
583	9	La5	A5	358	358	1	32	96	95	96		41.875
584	9	Do6	C6	371	371	1	32	96	95	96		41.9375
585	9	Mi6b5	E6b5	384	384	1	32	96	95	96		42
586	9	Si5b5	B5b5	362	362	1	32	96	95	96		42.0625
587	9	Re6	D6	380	380	1	32	96	95	96		42.125
588	9	Si5b5	B5b5	362	362	1	32	96	95	96		42.1875
589	9	Sol5	G5	349	349	1	32	96	95	96		42.25
590	9	Re5	D5	327	327	1	32	96	95	96		42.3125
591	9	Sol5	G5	349	349	1	32	96	95	96		42.375
592	9	Si5b5	B5b5	362	362	1	32	96	95	96		42.4375
593	9	Re6	D6	380	380	1	32	96	95	96		42.5
594	9	La5	A5	358	358	1	32	96	95	96		42.5625
595	9	Do6	C6	371	371	1	32	96	95	96		42.625
596	9	La5	A5	358	358	1	32	96	95	96		42.6875
597	9	Fa5#4	F5#4	344	344	1	32	96	95	96		42.75
598	9	Re5	D5	327	327	1	32	96	95	96		42.8125
599	9	Fa5#4	F5#4	344	344	1	32	96	95	96		42.875
600	9	La5	A5	358	358	1	32	96	95	96		42.9375
601	9	Do6	C6	371	371	1	32	96	95	96		43
602	9	Fa5#4	F5#4	344	344	1	32	96	95	96		43.0625
603	9	La5	A5	358	358	1	32	96	95	96		43.125
604	9	Fa5#4	F5#4	344	344	1	32	96	95	96		43.1875
605	9	Mi5b5	E5b5	331	331	1	32	96	95	96		43.25
606	9	Do5	C5	318	318	1	32	96	95	96		43.3125
607	9	Mi5b5	E5b5	331	331	1	32	96	95	96		43.375
608	9	Fa5#4	F5#4	344	344	1	32	96	95	96		43.4375
609	9	La5	A5	358	358	1	32	96	95	96		43.5
610	9	Mi5b5	E5b5	331	331	1	32	96	95	96		43.5625
611	9	Fa5#4	F5#4	344	344	1	32	96	95	96		43.625
612	9	Mi5b5	E5b5	331	331	1	32	96	95	96		43.6875
613	9	Do5	C5	318	318	1	32	96	95	96		43.75
614	9	La4	A4	305	305	1	32	96	95	96		43.8125
615	9	Do5	C5	318	318	1	32	96	95	96		43.875
616	9	Mi5b5	E5b5	331	331	1	32	96	95	96		43.9375
617	9	Fa5#4	F5#4	344	344	1	32	96	95	96		44
618	9	Do5	C5	318	318	1	32	96	95	96		44.0625
619	9	Mi5b5	E5b5	331	331	1	32	96	95	96		44.125
620	9	Do5	C5	318	318	1	32	96	95	96		44.1875
621	9	La4	A4	305	305	1	32	96	95	96		44.25
622	9	Fa4#4	F4#4	291	291	1	32	96	95	96		44.3125
623	9	La4	A4	305	305	1	32	96	95	96		44.375
624	9	Do5	C5	318	318	1	32	96	95	96		44.4375
625	9	Mi5b5	E5b5	331	331	1	32	96	95	96		44.5
626	9	La4	A4	305	305	1	32	96	95	96		44.5625
627	9	Do5	C5	318	318	1	32	96	95	96		44.625
628	9	La4	A4	305	305	1	32	96	95	96		44.6875
629	9	Fa4#4	F4#4	291	291	1	32	96	95	96		44.75
630	9	Re4	D4	274	274	1	32	96	95	96		44.8125
631	9	Fa4#4	F4#4	291	291	1	32	96	95	96		44.875
632	9	La4	A4	305	305	1	32	96	95	96		44.9375
633	9	Do5	C5	318	318	1	32	96	95	96		45
634	9	Fa4#4	F4#4	291	291	1	32	96	95	96		45.0625
635	9	La4	A4	305	305	1	32	96	95	96		45.125
636	9	Do5	C5	318	318	1	32	96	95	96		45.1875
637	9	Mi5b5	E5b5	331	331	1	32	96	95	96		45.25
638	9	La4	A4	305	305	1	32	96	95	96		45.3125
639	9	Do5	C5	318	318	1	32	96	95	96		45.375
640	9	Mi5b5	E5b5	331	331	1	32	96	95	96		45.4375
641	9	Fa5#4	F5#4	344	344	1	32	96	95	96		45.5
642	9	Do5	C5	318	318	1	32	96	95	96		45.5625
643	9	Mi5b5	E5b5	331	331	1	32	96	95	96		45.625
644	9	Fa5#4	F5#4	344	344	1	32	96	95	96		45.6875
645	9	La5	A5	358	358	1	32	96	95	96		45.75
646	9	Mi5b5	E5b5	331	331	1	32	96	95	96		45.8125
647	9	Fa5#4	F5#4	344	344	1	32	96	95	96		45.875
648	9	La5	A5	358	358	1	32	96	95	96		45.9375
649	9	Do6	C6	371	371	1	32	96	95	96		46
650	9	Fa5#4	F5#4	344	344	1	32	96	95	96		46.0625
651	9	La5	A5	358	358	1	32	96	95	96		46.125
652	9	Do6	C6	371	371	1	32	96	95	96		46.1875
653	9	Mi6b5	E6b5	384	384	1	32	96	95	96		46.25
654	9	La5	A5	358	358	1	32	96	95	96		46.3125
655	9	Do6	C6	371	371	1	32	96	95	96		46.375
656	9	Mi6b5	E6b5	384	384	1	32	96	95	96		46.4375
657	9	Fa6#4	F6#4	397	397	1	32	96	95	96		46.5
658	9	Sol6	G6	402	402	1	32	96	95	96		46.5625
659	9	Re6	D6	380	380	1	32	96	95	96		46.625
660	9	Si5b5	B5b5	362	362	1	32	96	95	96		46.6875
661	9	Sol5	G5	349	349	1	32	96	95	96		46.75
662	9	Re6	D6	380	380	1	32	96	95	96		46.8125
663	9	Si5b5	B5b5	362	362	1	32	96	95	96		46.875
664	9	Sol5	G5	349	349	1	32	96	95	96		46.9375
665	9	Re5	D5	327	327	1	32	96	95	96		47
666	9	Si5b5	B5b5	362	362	1	32	96	95	96		47.0625
667	9	Sol5	G5	349	349	1	32	96	95	96		47.125
668	9	Re5	D5	327	327	1	32	96	95	96		47.1875
669	9	Si4b5	B4b5	309	309	1	32	96	95	96		47.25
670	9	Sol5	G5	349	349	1	32	96	95	96		47.3125
671	9	Re5	D5	327	327	1	32	96	95	96		47.375
672	9	Si4b5	B4b5	309	309	1	32	96	95	96		47.4375
673	9	Sol4	G4	296	296	1	32	96	95	96		47.5
674	9	Sol6	G6	402	402	1	32	96	95	96		47.5625
675	9	Re6	D6	380	380	1	32	96	95	96		47.625
676	9	Si5b5	B5b5	362	362	1	32	96	95	96		47.6875
677	9	Sol5	G5	349	349	1	32	96	95	96		47.75
678	9	Re6	D6	380	380	1	32	96	95	96		47.8125
679	9	Si5b5	B5b5	362	362	1	32	96	95	96		47.875
680	9	Sol5	G5	349	349	1	32	96	95	96		47.9375
681	9	Re5	D5	327	327	1	32	96	95	96		48
682	9	Si5b5	B5b5	362	362	1	32	96	95	96		48.0625
683	9	Sol5	G5	349	349	1	32	96	95	96		48.125
684	9	Re5	D5	327	327	1	32	96	95	96		48.1875
685	9	Si4b5	B4b5	309	309	1	32	96	95	96		48.25
686	9	Sol5	G5	349	349	1	32	96	95	96		48.3125
687	9	Re5	D5	327	327	1	32	96	95	96		48.375
688	9	Si4b5	B4b5	309	309	1	32	96	95	96		48.4375
689	9	Sol4	G4	296	296	1	32	96	95	96		48.5
690	9	Do6	C6	371	371	1	32	96	95	96		48.5625
691	9	Mi6b5	E6b5	384	384	1	32	96	95	96		48.625
692	9	Do6	C6	371	371	1	32	96	95	96		48.6875
693	9	La5	A5	358	358	1	32	96	95	96		48.75
694	9	Fa5	F5	340	340	1	32	96	95	96		48.8125
695	9	La5	A5	358	358	1	32	96	95	96		48.875
696	9	Fa5	F5	340	340	1	32	96	95	96		48.9375
697	9	Mi5b5	E5b5	331	331	1	32	96	95	96		49
698	9	Do5	C5	318	318	1	32	96	95	96		49.0625
699	9	Mi5b5	E5b5	331	331	1	32	96	95	96		49.125
700	9	Do5	C5	318	318	1	32	96	95	96		49.1875
701	9	La4	A4	305	305	1	32	96	95	96		49.25
702	9	Fa4	F4	287	287	1	32	96	95	96		49.3125
703	9	La4	A4	305	305	1	32	96	95	96		49.375
704	9	Fa4	F4	287	287	1	32	96	95	96		49.4375
705	9	Re4	D4	274	274	1	32	96	95	96		49.5
706	9	Do6	C6	371	371	1	32	96	95	96		49.5625
707	9	Mi6b5	E6b5	384	384	1	32	96	95	96		49.625
708	9	Do6	C6	371	371	1	32	96	95	96		49.6875
709	9	La5	A5	358	358	1	32	96	95	96		49.75
710	9	Fa5	F5	340	340	1	32	96	95	96		49.8125
711	9	La5	A5	358	358	1	32	96	95	96		49.875
712	9	Fa5	F5	340	340	1	32	96	95	96		49.9375
713	9	Mi5b5	E5b5	331	331	1	32	96	95	96		50
714	9	Do5	C5	318	318	1	32	96	95	96		50.0625
715	9	Mi5b5	E5b5	331	331	1	32	96	95	96		50.125
716	9	Do5	C5	318	318	1	32	96	95	96		50.1875
717	9	La4	A4	305	305	1	32	96	95	96		50.25
718	9	Fa4	F4	287	287	1	32	96	95	96		50.3125
719	9	La4	A4	305	305	1	32	96	95	96		50.375
720	9	Fa4	F4	287	287	1	32	96	95	96		50.4375
721	9	Re4	D4	274	274	1	32	96	95	96		50.5
722	9	Re6	D6	380	380	1	32	96	95	96		50.5625
723	9	Sol6	G6	402	402	1	32	96	95	96		50.625
724	9	Re6	D6	380	380	1	32	96	95	96		50.6875
725	9	Si5b5	B5b5	362	362	1	32	96	95	96		50.75
726	9	Sol5	G5	349	349	1	32	96	95	96		50.8125
727	9	Si5b5	B5b5	362	362	1	32	96	95	96		50.875
728	9	Sol5	G5	349	349	1	32	96	95	96		50.9375
729	9	Re5	D5	327	327	1	32	96	95	96		51
730	9	Si4b5	B4b5	309	309	1	32	96	95	96		51.0625
731	9	Re5	D5	327	327	1	32	96	95	96		51.125
732	9	Do5	C5	318	318	1	32	96	95	96		51.1875
733	9	Sol4	G4	296	296	1	32	96	95	96		51.25
734	9	Mi4b5	E4b5	278	278	1	32	96	95	96		51.3125
735	9	Sol4	G4	296	296	1	32	96	95	96		51.375
736	9	Fa4#4	F4#4	291	291	1	32	96	95	96		51.4375
737	9	Re4	D4	274	274	1	32	96	95	96		51.5
738	9	Re6	D6	380	380	1	32	96	95	96		51.5625
739	9	Sol6	G6	402	402	1	32	96	95	96		51.625
740	9	Re6	D6	380	380	1	32	96	95	96		51.6875
741	9	Si5b5	B5b5	362	362	1	32	96	95	96		51.75
742	9	Sol5	G5	349	349	1	32	96	95	96		51.8125
743	9	Si5b5	B5b5	362	362	1	32	96	95	96		51.875
744	9	Sol5	G5	349	349	1	32	96	95	96		51.9375
745	9	Re5	D5	327	327	1	32	96	95	96		52
746	9	Si4b5	B4b5	309	309	1	32	96	95	96		52.0625
747	9	Re5	D5	327	327	1	32	96	95	96		52.125
748	9	Do5	C5	318	318	1	32	96	95	96		52.1875
749	9	Sol4	G4	296	296	1	32	96	95	96		52.25
750	9	Mi4b5	E4b5	278	278	1	32	96	95	96		52.3125
751	9	Sol4	G4	296	296	1	32	96	95	96		52.375
752	9	Fa4#4	F4#4	291	291	1	32	96	95	96		52.4375
753	9	Re4	D4	274	274	1	32	96	95	96		52.5
754	9	Do6	C6	371	371	1	32	96	95	96		52.5625
755	9	Mi6b5	E6b5	384	384	1	32	96	95	96		52.625
756	9	Do6	C6	371	371	1	32	96	95	96		52.6875
757	9	La5	A5	358	358	1	32	96	95	96		52.75
758	9	Fa5#4	F5#4	344	344	1	32	96	95	96		52.8125
759	9	La5	A5	358	358	1	32	96	95	96		52.875
760	9	Fa5#4	F5#4	344	344	1	32	96	95	96		52.9375
761	9	Mi5b5	E5b5	331	331	1	32	96	95	96		53
762	9	Do5	C5	318	318	1	32	96	95	96		53.0625
763	9	Mi5b5	E5b5	331	331	1	32	96	95	96		53.125
764	9	Do5	C5	318	318	1	32	96	95	96		53.1875
765	9	La4	A4	305	305	1	32	96	95	96		53.25
766	9	Fa4#4	F4#4	291	291	1	32	96	95	96		53.3125
767	9	La4	A4	305	305	1	32	96	95	96		53.375
768	9	Fa4#4	F4#4	291	291	1	32	96	95	96		53.4375
769	9	Do4	C4	265	265	1	32	96	95	96		53.5
770	9	Do6	C6	371	371	1	32	96	95	96		53.5625
771	9	Mi6b5	E6b5	384	384	1	32	96	95	96		53.625
772	9	Do6	C6	371	371	1	32	96	95	96		53.6875
773	9	La5	A5	358	358	1	32	96	95	96		53.75
774	9	Fa5#4	F5#4	344	344	1	32	96	95	96		53.8125
775	9	La5	A5	358	358	1	32	96	95	96		53.875
776	9	Fa5#4	F5#4	344	344	1	32	96	95	96		53.9375
777	9	Mi5b5	E5b5	331	331	1	32	96	95	96		54
778	9	Do5	C5	318	318	1	32	96	95	96		54.0625
779	9	Mi5b5	E5b5	331	331	1	32	96	95	96		54.125
780	9	Do5	C5	318	318	1	32	96	95	96		54.1875
781	9	La4	A4	305	305	1	32	96	95	96		54.25
782	9	Fa4#4	F4#4	291	291	1	32	96	95	96		54.3125
783	9	La4	A4	305	305	1	32	96	95	96		54.375
784	9	Fa4#4	F4#4	291	291	1	32	96	95	96		54.4375
785	9	Do4	C4	265	265	1	32	96	95	96		54.5
786	9	Re4	D4	274	274	1	32	96	95	96		54.5625
787	9	Sol4	G4	296	296	1	32	96	95	96		54.625
788	9	Si4b5	B4b5	309	309	1	32	96	95	96		54.6875
789	9	Re5	D5	327	327	1	32	96	95	96		54.75
790	9	Sol4	G4	296	296	1	32	96	95	96		54.8125
791	9	Si4b5	B4b5	309	309	1	32	96	95	96		54.875
792	9	Re5	D5	327	327	1	32	96	95	96		54.9375
793	9	Sol5	G5	349	349	1	32	96	95	96		55
794	9	Si4b5	B4b5	309	309	1	32	96	95	96		55.0625
795	9	Re5	D5	327	327	1	32	96	95	96		55.125
796	9	Sol5	G5	349	349	1	32	96	95	96		55.1875
797	9	Si5b5	B5b5	362	362	1	32	96	95	96		55.25
798	9	Re5	D5	327	327	1	32	96	95	96		55.3125
799	9	Sol5	G5	349	349	1	32	96	95	96		55.375
800	9	Si5b5	B5b5	362	362	1	32	96	95	96		55.4375
801	9	Re6	D6	380	380	1	32	96	95	96		55.5
802	9	Re4	D4	274	274	1	32	96	95	96		55.5625
803	9	Fa4#4	F4#4	291	291	1	32	96	95	96		55.625
804	9	La4	A4	305	305	1	32	96	95	96		55.6875
805	9	Do5	C5	318	318	1	32	96	95	96		55.75
806	9	Fa4#4	F4#4	291	291	1	32	96	95	96		55.8125
807	9	La4	A4	305	305	1	32	96	95	96		55.875
808	9	Do5	C5	318	318	1	32	96	95	96		55.9375
809	9	Mi5b5	E5b5	331	331	1	32	96	95	96		56
810	9	La4	A4	305	305	1	32	96	95	96		56.0625
811	9	Do5	C5	318	318	1	32	96	95	96		56.125
812	9	Mi5b5	E5b5	331	331	1	32	96	95	96		56.1875
813	9	Fa5#4	F5#4	344	344	1	32	96	95	96		56.25
814	9	Do5	C5	318	318	1	32	96	95	96		56.3125
815	9	Mi5b5	E5b5	331	331	1	32	96	95	96		56.375
816	9	Fa5#4	F5#4	344	344	1	32	96	95	96		56.4375
817	9	La5	A5	358	358	1	32	96	95	96		56.5
818	9	Re4	D4	274	274	1	32	96	95	96	FÝNAL	56.5625
819	9	Mi4b5	E4b5	278	278	1	32	96	95	96		56.625
820	9	Re4	D4	274	274	1	32	96	95	96		56.6875
821	9	Mi4b5	E4b5	278	278	1	32	96	95	96		56.75
822	9	Fa4#4	F4#4	291	291	1	32	96	95	96		56.8125
823	9	Sol4	G4	296	296	1	32	96	95	96		56.875
824	9	Fa4#4	F4#4	291	291	1	32	96	95	96		56.9375
825	9	Sol4	G4	296	296	1	32	96	95	96		57
826	9	Mi4b5	E4b5	278	278	1	32	96	95	96		57.0625
827	9	Fa4#4	F4#4	291	291	1	32	96	95	96		57.125
828	9	Mi4b5	E4b5	278	278	1	32	96	95	96		57.1875
829	9	Fa4#4	F4#4	291	291	1	32	96	95	96		57.25
830	9	Sol4	G4	296	296	1	32	96	95	96		57.3125
831	9	La4	A4	305	305	1	32	96	95	96		57.375
832	9	Sol4	G4	296	296	1	32	96	95	96		57.4375
833	9	La4	A4	305	305	1	32	96	95	96		57.5
834	9	Fa4#4	F4#4	291	291	1	32	96	95	96		57.5625
835	9	Sol4	G4	296	296	1	32	96	95	96		57.625
836	9	Fa4#4	F4#4	291	291	1	32	96	95	96		57.6875
837	9	Sol4	G4	296	296	1	32	96	95	96		57.75
838	9	La4	A4	305	305	1	32	96	95	96		57.8125
839	9	Si4b5	B4b5	309	309	1	32	96	95	96		57.875
840	9	La4	A4	305	305	1	32	96	95	96		57.9375
841	9	Si4b5	B4b5	309	309	1	32	96	95	96		58
842	9	Sol4	G4	296	296	1	32	96	95	96		58.0625
843	9	La4	A4	305	305	1	32	96	95	96		58.125
844	9	Sol4	G4	296	296	1	32	96	95	96		58.1875
845	9	La4	A4	305	305	1	32	96	95	96		58.25
846	9	Si4b5	B4b5	309	309	1	32	96	95	96		58.3125
847	9	Do5	C5	318	318	1	32	96	95	96		58.375
848	9	Si4b5	B4b5	309	309	1	32	96	95	96		58.4375
849	9	Do5	C5	318	318	1	32	96	95	96		58.5
850	9	La4	A4	305	305	1	32	96	95	96		58.5625
851	9	Si4b5	B4b5	309	309	1	32	96	95	96		58.625
852	9	La4	A4	305	305	1	32	96	95	96		58.6875
853	9	Si4b5	B4b5	309	309	1	32	96	95	96		58.75
854	9	Do5	C5	318	318	1	32	96	95	96		58.8125
855	9	Re5	D5	327	327	1	32	96	95	96		58.875
856	9	Do5	C5	318	318	1	32	96	95	96		58.9375
857	9	Re5	D5	327	327	1	32	96	95	96		59
858	9	Si4b5	B4b5	309	309	1	32	96	95	96		59.0625
859	9	Do5	C5	318	318	1	32	96	95	96		59.125
860	9	Si4b5	B4b5	309	309	1	32	96	95	96		59.1875
861	9	Do5	C5	318	318	1	32	96	95	96		59.25
862	9	Re5	D5	327	327	1	32	96	95	96		59.3125
863	9	Mi5b5	E5b5	331	331	1	32	96	95	96		59.375
864	9	Re5	D5	327	327	1	32	96	95	96		59.4375
865	9	Mi5b5	E5b5	331	331	1	32	96	95	96		59.5
866	9	Do5	C5	318	318	1	32	96	95	96		59.5625
867	9	Re5	D5	327	327	1	32	96	95	96		59.625
868	9	Do5	C5	318	318	1	32	96	95	96		59.6875
869	9	Re5	D5	327	327	1	32	96	95	96		59.75
870	9	Mi5b5	E5b5	331	331	1	32	96	95	96		59.8125
871	9	Fa5#4	F5#4	344	344	1	32	96	95	96		59.875
872	9	Mi5b5	E5b5	331	331	1	32	96	95	96		59.9375
873	9	Fa5#4	F5#4	344	344	1	32	96	95	96		60
874	9	Re5	D5	327	327	1	32	96	95	96		60.0625
875	9	Mi5b5	E5b5	331	331	1	32	96	95	96		60.125
876	9	Re5	D5	327	327	1	32	96	95	96		60.1875
877	9	Mi5b5	E5b5	331	331	1	32	96	95	96		60.25
878	9	Fa5#4	F5#4	344	344	1	32	96	95	96		60.3125
879	9	Sol5	G5	349	349	1	32	96	95	96		60.375
880	9	Fa5#4	F5#4	344	344	1	32	96	95	96		60.4375
881	9	Sol5	G5	349	349	1	32	96	95	96		60.5
882	9	Mi5b5	E5b5	331	331	1	32	96	95	96		60.5625
883	9	Fa5#4	F5#4	344	344	1	32	96	95	96		60.625
884	9	Mi5b5	E5b5	331	331	1	32	96	95	96		60.6875
885	9	Fa5#4	F5#4	344	344	1	32	96	95	96		60.75
886	9	Sol5	G5	349	349	1	32	96	95	96		60.8125
887	9	La5	A5	358	358	1	32	96	95	96		60.875
888	9	Sol5	G5	349	349	1	32	96	95	96		60.9375
889	9	La5	A5	358	358	1	32	96	95	96		61
890	9	Fa5#4	F5#4	344	344	1	32	96	95	96		61.0625
891	9	Sol5	G5	349	349	1	32	96	95	96		61.125
892	9	Fa5#4	F5#4	344	344	1	32	96	95	96		61.1875
893	9	Sol5	G5	349	349	1	32	96	95	96		61.25
894	9	La5	A5	358	358	1	32	96	95	96		61.3125
895	9	Si5b5	B5b5	362	362	1	32	96	95	96		61.375
896	9	La5	A5	358	358	1	32	96	95	96		61.4375
897	9	Si5b5	B5b5	362	362	1	32	96	95	96		61.5
898	9	Sol5	G5	349	349	1	32	96	95	96		61.5625
899	9	La5	A5	358	358	1	32	96	95	96		61.625
900	9	Sol5	G5	349	349	1	32	96	95	96		61.6875
901	9	La5	A5	358	358	1	32	96	95	96		61.75
902	9	Si5b5	B5b5	362	362	1	32	96	95	96		61.8125
903	9	Do6	C6	371	371	1	32	96	95	96		61.875
904	9	Si5b5	B5b5	362	362	1	32	96	95	96		61.9375
905	9	Do6	C6	371	371	1	32	96	95	96		62
906	9	La5	A5	358	358	1	32	96	95	96		62.0625
907	9	Si5b5	B5b5	362	362	1	32	96	95	96		62.125
908	9	La5	A5	358	358	1	32	96	95	96		62.1875
909	9	Si5b5	B5b5	362	362	1	32	96	95	96		62.25
910	9	Do6	C6	371	371	1	32	96	95	96		62.3125
911	9	Re6	D6	380	380	1	32	96	95	96		62.375
912	9	Do6	C6	371	371	1	32	96	95	96		62.4375
913	9	Re6	D6	380	380	1	32	96	95	96		62.5
914	9	Si5b5	B5b5	362	362	1	32	96	95	96		62.5625
915	9	La5	A5	358	358	1	32	96	95	96		62.625
916	9	Sol5	G5	349	349	1	32	96	95	96		62.6875
917	9	Fa5#4	F5#4	344	344	1	32	96	95	96		62.75
918	9	Sol5	G5	349	349	1	32	96	95	96		62.8125
919	9	Fa5	F5	340	340	1	32	96	95	96		62.875
920	9	Mi5b5	E5b5	331	331	1	32	96	95	96		62.9375
921	9	Re5	D5	327	327	1	32	96	95	96		63
922	9	Mi5b5	E5b5	331	331	1	32	96	95	96		63.0625
923	9	Re5	D5	327	327	1	32	96	95	96		63.125
924	9	Do5	C5	318	318	1	32	96	95	96		63.1875
925	9	Si4	B4	314	314	1	32	96	95	96		63.25
926	9	Do5	C5	318	318	1	32	96	95	96		63.3125
927	9	Si4b5	B4b5	309	309	1	32	96	95	96		63.375
928	9	La4	A4	305	305	1	32	96	95	96		63.4375
929	9	Sol4	G4	296	296	1	32	96	95	96		63.5
930	9	Re6	D6	380	380	1	32	96	95	96		63.5625
931	9	Do6	C6	371	371	1	32	96	95	96		63.625
932	9	Si5b5	B5b5	362	362	1	32	96	95	96		63.6875
933	9	La5	A5	358	358	1	32	96	95	96		63.75
934	9	Si5b5	B5b5	362	362	1	32	96	95	96		63.8125
935	9	La5	A5	358	358	1	32	96	95	96		63.875
936	9	Sol5	G5	349	349	1	32	96	95	96		63.9375
937	9	Fa5#4	F5#4	344	344	1	32	96	95	96		64
938	9	Sol5	G5	349	349	1	32	96	95	96		64.0625
939	9	Fa5	F5	340	340	1	32	96	95	96		64.125
940	9	Mi5b5	E5b5	331	331	1	32	96	95	96		64.1875
941	9	Re5	D5	327	327	1	32	96	95	96		64.25
942	9	Mi5b5	E5b5	331	331	1	32	96	95	96		64.3125
943	9	Re5	D5	327	327	1	32	96	95	96		64.375
944	9	Do5	C5	318	318	1	32	96	95	96		64.4375
945	9	Si4	B4	314	314	1	32	96	95	96		64.5
946	9	Mi6b5	E6b5	384	384	1	32	96	95	96		64.5625
947	9	Re6	D6	380	380	1	32	96	95	96		64.625
948	9	Do6	C6	371	371	1	32	96	95	96		64.6875
949	9	Si5	B5	367	367	1	32	96	95	96		64.75
950	9	Do6	C6	371	371	1	32	96	95	96		64.8125
951	9	Si5b5	B5b5	362	362	1	32	96	95	96		64.875
952	9	La5	A5	358	358	1	32	96	95	96		64.9375
953	9	Sol5	G5	349	349	1	32	96	95	96		65
954	9	La5	A5	358	358	1	32	96	95	96		65.0625
955	9	Sol5	G5	349	349	1	32	96	95	96		65.125
956	9	Fa5#4	F5#4	344	344	1	32	96	95	96		65.1875
957	9	Mi5b5	E5b5	331	331	1	32	96	95	96		65.25
958	9	Fa5#4	F5#4	344	344	1	32	96	95	96		65.3125
959	9	Mi5b5	E5b5	331	331	1	32	96	95	96		65.375
960	9	Re5	D5	327	327	1	32	96	95	96		65.4375
961	9	Do5	C5	318	318	1	32	96	95	96		65.5
962	9	Re5	D5	327	327	1	32	96	95	96		65.5625
963	9	Do5	C5	318	318	1	32	96	95	96		65.625
964	9	Si4b5	B4b5	309	309	1	32	96	95	96		65.6875
965	9	La4	A4	305	305	1	32	96	95	96		65.75
966	9	Sol4	G4	296	296	1	32	96	95	96		65.8125
967	9	Re4	D4	274	274	1	32	96	95	96		65.875
968	9	Mi4b5	E4b5	278	278	1	32	96	95	96		65.9375
969	9	Fa4#4	F4#4	291	291	1	32	96	95	96		66
970	9	Sol4	G4	296	296	1	32	96	95	96		66.0625
971	9	La4	A4	305	305	1	32	96	95	96		66.125
972	9	Si4b5	B4b5	309	309	1	32	96	95	96		66.1875
973	9	Do5	C5	318	318	1	32	96	95	96		66.25
974	9	Re5	D5	327	327	1	16	192	95	96		66.375
975	9	Sol4	G4	296	296	1	16	192	95	96		66.5
976	9	La4	A4	305	305	1	16	192	95	96		66.625
977	9	Si4b5	B4b5	309	309	1	16	192	95	96		66.75
978	9	Do5	C5	318	318	1	32	96	95	96		66.8125
979	9	Re5	D5	327	327	1	32	96	95	96		66.875
980	9	Mi5b5	E5b5	331	331	1	32	96	95	96		66.9375
981	9	Fa5#4	F5#4	344	344	1	32	96	95	96		67
982	9	Sol5	G5	349	349	1	32	96	95	96		67.0625
983	9	Re5	D5	327	327	1	32	96	95	96		67.125
984	9	Mi5b5	E5b5	331	331	1	32	96	95	96		67.1875
985	9	Fa5#4	F5#4	344	344	1	32	96	95	96		67.25
986	9	Sol5	G5	349	349	1	32	96	95	96		67.3125
987	9	La5	A5	358	358	1	32	96	95	96		67.375
988	9	Si5b5	B5b5	362	362	1	32	96	95	96		67.4375
989	9	Do6	C6	371	371	1	32	96	95	96		67.5
990	9	Re6	D6	380	380	1	32	96	95	96		67.5625
991	9	Sol5	G5	349	349	1	32	96	95	96		67.625
992	9	La5	A5	358	358	1	32	96	95	96		67.6875
993	9	Si5b5	B5b5	362	362	1	32	96	95	96		67.75
994	9	Do6	C6	371	371	1	32	96	95	96		67.8125
995	9	Re6	D6	380	380	1	32	96	95	96		67.875
996	9	Mi6b5	E6b5	384	384	1	32	96	95	96		67.9375
997	9	Fa6#4	F6#4	397	397	1	32	96	95	96		68
998	9	Sol5	G5	349	349	1	32	96	95	96		68.0625
999	9	Re5	D5	327	327	1	32	96	95	96		68.125
1000	9	Mi5b5	E5b5	331	331	1	32	96	95	96		68.1875
1001	9	Fa5#4	F5#4	344	344	1	32	96	95	96		68.25
1002	9	Sol5	G5	349	349	1	32	96	95	96		68.3125
1003	9	La5	A5	358	358	1	32	96	95	96		68.375
1004	9	Si5b5	B5b5	362	362	1	32	96	95	96		68.4375
1005	9	Do6	C6	371	371	1	32	96	95	96		68.5
1006	9	Re6	D6	380	380	1	32	96	95	96		68.5625
1007	9	Sol5	G5	349	349	1	32	96	95	96		68.625
1008	9	La5	A5	358	358	1	32	96	95	96		68.6875
1009	9	Si5b5	B5b5	362	362	1	32	96	95	96		68.75
1010	9	Do6	C6	371	371	1	32	96	95	96		68.8125
1011	9	Re6	D6	380	380	1	32	96	95	96		68.875
1012	9	Mi6b5	E6b5	384	384	1	32	96	95	96		68.9375
1013	9	Fa6#4	F6#4	397	397	1	32	96	95	96		69
1014	9	Sol6	G6	402	402	1	4	769	95	96		69.5
1015	9	Re4	D4	274	274	1	16	192	95	96		69.625
1016	9	Sol4	G4	296	296	1	16	192	95	96		69.75
1017	9	Si4b1	B4b1	313	313	1	16	192	95	96		69.875
1018	9	Re5	D5	327	327	1	16	192	95	96		70
1019	9	Sol4	G4	296	296	1	16	192	95	96		70.125
1020	9	Si4b1	B4b1	313	313	1	16	192	95	96		70.25
1021	9	Re5	D5	327	327	1	16	192	95	96		70.375
1022	9	Sol5	G5	349	349	1	16	192	95	96		70.5
1023	9	Si4b1	B4b1	313	313	1	16	192	95	96		70.625
1024	9	Re5	D5	327	327	1	16	192	95	96		70.75
1025	9	Sol5	G5	349	349	1	16	192	95	96		70.875
1026	9	Si5b1	B5b1	366	366	1	16	192	95	96		71
1027	9	Re5	D5	327	327	1	16	192	95	96		71.125
1028	9	Sol5	G5	349	349	1	16	192	95	96		71.25
1029	9	Si5b1	B5b1	366	366	1	16	192	95	96		71.375
1030	9	Re6	D6	380	380	1	16	192	95	96		71.5
1031	9	Sol5	G5	349	349	1	16	192	95	96		71.625
1032	9	Si5	B5	367	367	1	16	192	95	96		71.75
1033	9	Mi6b5	E6b5	384	384	1	16	192	95	96		71.875
1034	9	Sol6	G6	402	402	1	16	192	95	96		72
1035	9	Sol6	G6	402	402	1	4	769	101	96		72.5
