Sira	Kod	Nota53	NotaAE	Koma53	KomaAE	Pay	Payda	Ms	LNS	Bas	Soz1	Offset
1	9	Sol4	G4	296	296	1	4	541	95	96	ARANAÐME 	0.2222222
2	9	Re5	D5	327	327	1	16	135	95	96	.	0.2777778
3	9	Do5#4	C5#4	322	322	1	16	135	95	96	.	0.3333333
4	9	Re5	D5	327	327	1	8	270	95	96	.	0.4444444
5	9	La4	A4	305	305	1	4	541	95	96	.	0.6666667
6	9	Do5	C5	318	318	1	16	135	95	96	.	0.7222222
7	9	Si4b5	B4b5	309	309	1	16	135	95	96	.	0.7777778
8	9	La4	A4	305	305	1	16	135	95	96	.	0.8333333
9	9	Sol4	G4	296	296	1	16	135	95	96	.	0.8888889
10	9	Fa4#4	F4#4	291	291	1	16	135	95	96	.	0.9444444
11	9	La4	A4	305	305	1	16	135	95	96	.	1
12	9	Sol4	G4	296	296	3	8	811	95	96	.	1.333333
13	9	Re5	D5	327	327	1	8	270	95	96	.	1.444444
14	9	Mi5b5	E5b5	331	331	1	8	270	95	96	.	1.555556
15	9	Fa5#4	F5#4	344	344	1	8	270	95	96	.	1.666667
16	9	Sol5	G5	349	349	1	4	541	95	96	.	1.888889
17	9			-1	-1	1	8	270	100	0	.	2
18	9	Re5	D5	327	327	1	4	541	95	96	.	2.222222
19	9	La5	A5	358	358	1	16	135	95	96	.	2.277778
20	9	Sol5	G5	349	349	1	16	135	95	96	.	2.333333
21	9	La5	A5	358	358	1	8	270	95	96	.	2.444444
22	9	Fa5#4	F5#4	344	344	1	4	541	95	96	.	2.666667
23	9	La5	A5	358	358	1	16	135	95	96	.	2.722222
24	9	Sol5	G5	349	349	1	16	135	95	96	.	2.777778
25	9	Fa5#4	F5#4	344	344	1	16	135	95	96	.	2.833333
26	9	Mi5b5	E5b5	331	331	1	16	135	95	96	.	2.888889
27	9	Re5	D5	327	327	1	16	135	95	96	.	2.944444
28	9	Do5#4	C5#4	322	322	1	16	135	95	96	.	3
29	9	Re5	D5	327	327	3	8	811	95	96	.	3.333333
30	9	La4	A4	305	305	1	8	270	95	96	.	3.444444
31	9	Si4b5	B4b5	309	309	1	8	270	95	96	.	3.555556
32	9	Do5	C5	318	318	1	8	270	95	96	.	3.666667
33	9	Re5	D5	327	327	1	8	270	95	96	.	3.777778
34	9	Mi5b5	E5b5	331	331	1	8	270	95	96	.	3.888889
35	9	Mi5	E5	336	336	1	8	270	95	96	.	4
36	9	Fa5	F5	340	340	1	2	1081	95	96	.	4.444445
37	9			-1	-1	1	4	541	100	0	.	4.666667
38	9	Mi5b5	E5b5	331	331	1	8	270	95	96	.	4.777778
39	9	Re5	D5	327	327	1	8	270	95	96	.	4.888889
40	9	Do5	C5	318	318	1	8	270	95	96	.	5
41	9	Sol5	G5	349	349	1	2	1081	95	96	.	5.444445
42	9			-1	-1	1	4	541	100	0	.	5.666667
43	9	Re5	D5	327	327	1	8	270	95	96	.	5.777778
44	9	Do5	C5	318	318	1	8	270	95	96	.	5.888889
45	9	Si4b5	B4b5	309	309	1	8	270	95	96	.	6
46	9	Re5	D5	327	327	1	8	270	95	96	.	6.111111
47	9	Mi5b5	E5b5	331	331	1	16	135	95	96	.	6.166667
48	9	Re5	D5	327	327	1	16	135	95	96	.	6.222222
49	9	Do5	C5	318	318	1	8	270	95	96	.	6.333333
50	9	Re5	D5	327	327	1	16	135	95	96	.	6.388889
51	9	Do5	C5	318	318	1	16	135	95	96	.	6.444445
52	9	Si4b5	B4b5	309	309	1	8	270	95	96	.	6.555555
53	9	Do5	C5	318	318	1	16	135	95	96	.	6.611111
54	9	Si4b5	B4b5	309	309	1	16	135	95	96	.	6.666667
55	9	La4	A4	305	305	1	8	270	95	96	.	6.777778
56	9	Si4b5	B4b5	309	309	1	16	135	95	96	.	6.833333
57	9	La4	A4	305	305	1	16	135	95	96	.	6.888889
58	9	Sol4	G4	296	296	1	16	135	95	96	.	6.944445
59	9	Fa4#4	F4#4	291	291	1	16	135	95	96	.	7
60	9	Sol4	G4	296	296	3	8	811	95	96	.	7.333333
61	9	Re4	D4	274	274	1	8	270	95	96	.	7.444445
62	9	Mi4b5	E4b5	278	278	1	8	270	95	96	.	7.555555
63	9	Fa4#4	F4#4	291	291	1	8	270	95	96	.	7.666667
64	9	Sol4	G4	296	296	3	8	811	95	96	.	8
65	52			0	0	1	8	0	127	95		8.111111
66	9	Sol4	G4	296	296	1	4	541	95	96	ARANAÐME 	8.333333
67	9	Re5	D5	327	327	1	16	135	95	96	.	8.388889
68	9	Do5#4	C5#4	322	322	1	16	135	95	96	.	8.444445
69	9	Re5	D5	327	327	1	8	270	95	96	.	8.555555
70	9	La4	A4	305	305	1	4	541	95	96	.	8.777778
71	9	Do5	C5	318	318	1	16	135	95	96	.	8.833333
72	9	Si4b5	B4b5	309	309	1	16	135	95	96	.	8.888889
73	9	La4	A4	305	305	1	16	135	95	96	.	8.944445
74	9	Sol4	G4	296	296	1	16	135	95	96	.	9
75	9	Fa4#4	F4#4	291	291	1	16	135	95	96	.	9.055555
76	9	La4	A4	305	305	1	16	135	95	96	.	9.111111
77	9	Sol4	G4	296	296	3	8	811	95	96	.	9.444445
78	9	Re5	D5	327	327	1	8	270	95	96	.	9.555555
79	9	Mi5b5	E5b5	331	331	1	8	270	95	96	.	9.666667
80	9	Fa5#4	F5#4	344	344	1	8	270	95	96	.	9.777778
81	9	Sol5	G5	349	349	1	4	541	95	96	.	10
82	9			-1	-1	1	8	270	100	0	.	10.11111
83	9	Re5	D5	327	327	1	4	541	95	96	.	10.33333
84	9	La5	A5	358	358	1	16	135	95	96	.	10.38889
85	9	Sol5	G5	349	349	1	16	135	95	96	.	10.44444
86	9	La5	A5	358	358	1	8	270	95	96	.	10.55556
87	9	Fa5#4	F5#4	344	344	1	4	541	95	96	.	10.77778
88	9	La5	A5	358	358	1	16	135	95	96	.	10.83333
89	9	Sol5	G5	349	349	1	16	135	95	96	.	10.88889
90	9	Fa5#4	F5#4	344	344	1	16	135	95	96	.	10.94444
91	9	Mi5b5	E5b5	331	331	1	16	135	95	96	.	11
92	9	Re5	D5	327	327	1	16	135	95	96	.	11.05556
93	9	Do5#4	C5#4	322	322	1	16	135	95	96	.	11.11111
94	9	Re5	D5	327	327	3	8	811	95	96	.	11.44444
95	9	La4	A4	305	305	1	8	270	95	96	.	11.55556
96	9	Si4b5	B4b5	309	309	1	8	270	95	96	.	11.66667
97	9	Do5	C5	318	318	1	8	270	95	96	.	11.77778
98	9	Re5	D5	327	327	1	8	270	95	96	.	11.88889
99	9	Mi5b5	E5b5	331	331	1	8	270	95	96	.	12
100	9	Mi5	E5	336	336	1	8	270	95	96	.	12.11111
101	9	Fa5	F5	340	340	1	2	1081	95	96	.	12.55556
102	9			-1	-1	1	4	541	100	0	.	12.77778
103	9	Mi5b5	E5b5	331	331	1	8	270	95	96	.	12.88889
104	9	Re5	D5	327	327	1	8	270	95	96	.	13
105	9	Do5	C5	318	318	1	8	270	95	96	.	13.11111
106	9	Sol5	G5	349	349	1	2	1081	95	96	.	13.55556
107	9			-1	-1	1	4	541	100	0	.	13.77778
108	9	Re5	D5	327	327	1	8	270	95	96	.	13.88889
109	9	Do5	C5	318	318	1	8	270	95	96	.	14
110	9	Si4b5	B4b5	309	309	1	8	270	95	96	.	14.11111
111	9	Re5	D5	327	327	1	8	270	95	96	.	14.22222
112	9	Mi5b5	E5b5	331	331	1	16	135	95	96	.	14.27778
113	9	Re5	D5	327	327	1	16	135	95	96	.	14.33333
114	9	Do5	C5	318	318	1	8	270	95	96	.	14.44444
115	9	Re5	D5	327	327	1	16	135	95	96	.	14.5
116	9	Do5	C5	318	318	1	16	135	95	96	.	14.55556
117	9	Si4b5	B4b5	309	309	1	8	270	95	96	.	14.66667
118	9	Do5	C5	318	318	1	16	135	95	96	.	14.72222
119	9	Si4b5	B4b5	309	309	1	16	135	95	96	.	14.77778
120	9	La4	A4	305	305	1	8	270	95	96	.	14.88889
121	9	Si4b5	B4b5	309	309	1	16	135	95	96	.	14.94444
122	9	La4	A4	305	305	1	16	135	95	96	.	15
123	9	Sol4	G4	296	296	1	16	135	95	96	.	15.05556
124	9	Fa4#4	F4#4	291	291	1	16	135	95	96	.	15.11111
125	9	Sol4	G4	296	296	3	8	811	95	96	.	15.44444
126	9	Re4	D4	274	274	1	8	270	95	96	.	15.55556
127	9	Mi4b5	E4b5	278	278	1	8	270	95	96	.	15.66667
128	9	Fa4#4	F4#4	291	291	1	8	270	95	96	.	15.77778
129	9	Sol4	G4	296	296	3	8	811	95	96	.	16.11111
130	9	Sol4	G4	296	296	1	4	541	95	96	Gel 	16.33333
131	9	Sol4	G4	296	296	1	8	270	95	96	gü	16.44444
132	9	Sol4	G4	296	296	1	8	270	95	96	ze	16.55556
133	9	Re5	D5	327	327	5	8	1352	95	96	lim 	17.11111
134	9	La4	A4	305	305	1	4	541	95	96	Çam	17.33333
135	9	Si4b5	B4b5	309	309	1	8	270	99	96	lý	17.44444
136	9	La4	A4	305	305	1	8	270	95	96		17.55556
137	9	Sol4	G4	296	296	1	8	270	99	96	ca	17.66667
138	9	Fa4#4	F4#4	291	291	1	8	270	95	96		17.77778
139	9	Sol4	G4	296	296	1	4	541	95	96	ya 	18
140	9			-1	-1	1	8	270	100	0		18.11111
141	9	Sol4	G4	296	296	1	16	135	99	96	bu 	18.16667
142	9	Fa4#4	F4#4	291	291	1	16	135	99	96		18.22222
143	9	Sol4	G4	296	296	1	8	270	99	96		18.33333
144	9	La4	A4	305	305	1	16	135	99	96		18.38889
145	9	Sol4	G4	296	296	1	16	135	99	96		18.44444
146	9	La4	A4	305	305	1	8	270	99	96		18.55556
147	9	Si4b5	B4b5	309	309	1	16	135	99	96		18.61111
148	9	La4	A4	305	305	1	16	135	99	96		18.66667
149	9	Si4b5	B4b5	309	309	1	8	270	99	96		18.77778
150	9	Do5	C5	318	318	1	8	270	99	96		18.88889
151	9	Si4b5	B4b5	309	309	1	8	270	95	96		19
152	9	Do5	C5	318	318	1	8	270	95	96	ge	19.11111
153	9	Re5	D5	327	327	3	8	811	95	96	ce  	19.44444
154	9	Fa5	F5	340	340	1	16	135	95	96	SAZ 	19.5
155	9	Mi5b5	E5b5	331	331	1	16	135	95	96	.	19.55556
156	9	Re5	D5	327	327	1	16	135	95	96	.	19.61111
157	9	Do5	C5	318	318	1	16	135	95	96	.	19.66667
158	9	Si4b5	B4b5	309	309	1	16	135	95	96	.	19.72222
159	9	La4	A4	305	305	1	16	135	95	96	.	19.77778
160	9	Sol4	G4	296	296	1	4	541	95	96	.	20
161	9			-1	-1	1	8	270	100	0		20.11111
162	9	Sol4	G4	296	296	1	4	541	95	96	Gel 	20.33333
163	9	Sol4	G4	296	296	1	8	270	95	96	gü	20.44444
164	9	Sol4	G4	296	296	1	8	270	95	96	ze	20.55556
165	9	Re5	D5	327	327	5	8	1352	95	96	lim 	21.11111
166	9	La4	A4	305	305	1	4	541	95	96	Çam	21.33333
167	9	Si4b5	B4b5	309	309	1	8	270	99	96	lý	21.44444
168	9	La4	A4	305	305	1	8	270	95	96		21.55556
169	9	Sol4	G4	296	296	1	8	270	99	96	ca	21.66667
170	9	Fa4#4	F4#4	291	291	1	8	270	95	96		21.77778
171	9	Sol4	G4	296	296	1	4	541	95	96	ya 	22
172	9			-1	-1	1	8	270	100	0		22.11111
173	9	Sol4	G4	296	296	1	16	135	99	96	bu 	22.16667
174	9	Fa4#4	F4#4	291	291	1	16	135	99	96		22.22222
175	9	Sol4	G4	296	296	1	8	270	99	96		22.33333
176	9	La4	A4	305	305	1	16	135	99	96		22.38889
177	9	Sol4	G4	296	296	1	16	135	99	96		22.44444
178	9	La4	A4	305	305	1	8	270	99	96		22.55556
179	9	Si4b5	B4b5	309	309	1	16	135	99	96		22.61111
180	9	La4	A4	305	305	1	16	135	99	96		22.66667
181	9	Si4b5	B4b5	309	309	1	8	270	99	96		22.77778
182	9	Do5	C5	318	318	1	8	270	99	96		22.88889
183	9	Si4b5	B4b5	309	309	1	8	270	95	96		23
184	9	Do5	C5	318	318	1	8	270	95	96	ge	23.11111
185	9	Re5	D5	327	327	3	8	811	95	96	ce  	23.44444
186	9	La4	A4	305	305	1	8	270	95	96	SAZ 	23.55556
187	9	Si4b5	B4b5	309	309	1	8	270	95	96	.	23.66667
188	9	Do5	C5	318	318	1	8	270	95	96	.	23.77778
189	9	Re5	D5	327	327	1	8	270	95	96	.	23.88889
190	9	Mi5b5	E5b5	331	331	1	8	270	95	96	.	24
191	9	Mi5	E5	336	336	1	8	270	95	96	.	24.11111
192	9	Fa5	F5	340	340	1	2	1081	95	96	Gün 	24.55556
193	9			-1	-1	1	4	541	100	0		24.77778
194	9	Mi5b5	E5b5	331	331	1	8	270	99	96	doð	24.88889
195	9	Re5	D5	327	327	1	8	270	95	96		25
196	9	Do5	C5	318	318	1	8	270	95	96	ma	25.11111
197	9	Sol5	G5	349	349	1	2	1081	95	96	dan 	25.55556
198	9			-1	-1	1	4	541	100	0		25.77778
199	9	Re5	D5	327	327	1	8	270	95	96	a 	25.88889
200	9	Do5	C5	318	318	1	8	270	95	96	ca	26
201	9	Si4b5	B4b5	309	309	1	8	270	95	96	ným 	26.11111
202	9	Sol5	G5	349	349	1	8	270	95	96	gö	26.22222
203	9	Sol5	G5	349	349	1	8	270	95	96	rü	26.33333
204	9	Fa5	F5	340	340	1	8	270	95	96	þe	26.44444
205	9	Mi5b5	E5b5	331	331	1	8	270	95	96	lim 	26.55556
206	9	Re5	D5	327	327	1	8	270	99	96	giz	26.66667
207	9	Do5	C5	318	318	1	8	270	99	96		26.77778
208	9	Do5	C5	318	318	1	8	270	99	96		26.88889
209	9	Re5	D5	327	327	1	16	135	99	96		26.94444
210	9	Do5	C5	318	318	1	16	135	95	96		27
211	9	Si4b5	B4b5	309	309	1	16	135	99	96	li	27.05556
212	9	La4	A4	305	305	1	16	135	95	96		27.11111
213	9	Si4b5	B4b5	309	309	3	8	811	95	96	ce  	27.44444
214	9	Fa5	F5	340	340	1	8	270	95	96	SAZ 	27.55556
215	9	Sol5	G5	349	349	1	8	270	95	96	.	27.66667
216	9	La5	A5	358	358	1	8	270	95	96	.	27.77778
217	9	Si5b5	B5b5	362	362	3	8	811	95	96	.	28.11111
218	9	Si5b5	B5b5	362	362	1	2	1081	95	96	Gün 	28.55556
219	9			-1	-1	1	4	541	100	0		28.77778
220	9	Sol5	G5	349	349	1	8	270	99	96	doð	28.88889
221	9	Fa5#4	F5#4	344	344	1	8	270	95	96		29
222	9	Sol5	G5	349	349	1	8	270	95	96	ma	29.11111
223	9	La5	A5	358	358	1	2	1081	95	96	dan 	29.55556
224	9			-1	-1	1	4	541	100	0		29.77778
225	9	Fa5#4	F5#4	344	344	1	8	270	95	96	a 	29.88889
226	9	Mi5b5	E5b5	331	331	1	8	270	95	96	ca	30
227	9	Re5	D5	327	327	1	8	270	95	96	ným 	30.11111
228	9	Re5	D5	327	327	1	8	270	95	96	gö	30.22222
229	9	Mi5b5	E5b5	331	331	1	8	270	95	96	rü	30.33333
230	9	Do5	C5	318	318	1	8	270	95	96	þe	30.44444
231	9	Re5	D5	327	327	1	8	270	95	96	lim 	30.55556
232	9	Si4b5	B4b5	309	309	1	8	270	99	96	giz	30.66667
233	9	La4	A4	305	305	1	8	270	99	96		30.77778
234	9	Re5	D5	327	327	1	16	135	99	96		30.83333
235	9	Do5	C5	318	318	1	16	135	99	96		30.88889
236	9	Si4b5	B4b5	309	309	1	16	135	99	96		30.94444
237	9	La4	A4	305	305	1	16	135	95	96		31
238	9	Sol4	G4	296	296	1	16	135	99	96	li	31.05556
239	9	Fa4#4	F4#4	291	291	1	16	135	95	96		31.11111
240	9	Sol4	G4	296	296	3	8	811	95	96	ce  	31.44444
241	9	Re5	D5	327	327	1	8	270	95	96	SAZ 	31.55556
242	9	Mi5b5	E5b5	331	331	1	8	270	95	96	.	31.66667
243	9	Fa5#4	F5#4	344	344	1	8	270	95	96	.	31.77778
244	9	Sol5	G5	349	349	3	8	811	95	96	.	32.11111
245	9	Si5b5	B5b5	362	362	1	4	541	95	96	Bül	32.33333
246	9	Si5b5	B5b5	362	362	1	8	270	99	96	bül	32.44444
247	9	La5	A5	358	358	1	8	270	95	96		32.55556
248	9	La5	A5	358	358	1	16	135	99	96	le	32.61111
249	9	Sol5	G5	349	349	1	16	135	99	96		32.66667
250	9	Fa5#4	F5#4	344	344	1	16	135	99	96		32.72222
251	9	Sol5	G5	349	349	1	16	135	95	96		32.77778
252	9	La5	A5	358	358	3	8	811	95	96	rin 	33.11111
253	9	Re5	D5	327	327	1	4	541	95	96	ef	33.33333
254	9	Si4b5	B4b5	309	309	1	8	270	99	96	ga	33.44444
255	9	La4	A4	305	305	1	8	270	95	96		33.55556
256	9	Si4b5	B4b5	309	309	1	16	135	99	96	ný	33.61111
257	9	La4	A4	305	305	1	16	135	99	96		33.66667
258	9	Sol4	G4	296	296	1	16	135	99	96		33.72222
259	9	Fa4#4	F4#4	291	291	1	16	135	95	96		33.77778
260	9	Sol4	G4	296	296	3	8	811	95	96	ný 	34.11111
261	9	Sol5	G5	349	349	1	8	270	95	96	din	34.22222
262	9	Sol5	G5	349	349	1	8	270	95	96	le	34.33333
263	9	Fa5	F5	340	340	1	8	270	95	96	ye	34.44444
264	9	Mi5b5	E5b5	331	331	1	8	270	95	96	lim 	34.55556
265	9	Re5	D5	327	327	1	8	270	99	96	yan	34.66667
266	9	Do5	C5	318	318	1	8	270	99	96		34.77778
267	9	Re5	D5	327	327	1	16	135	99	96		34.83333
268	9	Do5	C5	318	318	1	16	135	99	96		34.88889
269	9	Si4b5	B4b5	309	309	1	8	270	95	96		35
270	9	Do5	C5	318	318	1	8	270	95	96	ya	35.11111
271	52			0	0	1	8	0	78	0		35.22222
272	9	Re5	D5	327	327	3	8	2308	95	96	na  	35.55556
273	9	Fa5	F5	340	340	1	8	769	95	96	SAZ 	35.66667
274	9	Mi5b1	E5b1	335	335	1	8	769	95	96	.	35.77778
275	9	Sol5b4	G5b4	345	345	1	8	769	95	96	.	35.88889
276	9	Fa5	F5	340	340	3	8	2308	95	96	.	36.22222
277	9	Re5	D5	327	327	1	8	769	99	96	Bül	36.33333
278	9	Mi5b1	E5b1	335	335	1	8	769	95	96		36.44444
279	9	Fa5	F5	340	340	1	4	1538	95	96	bül	36.66667
280	10	Fa5	F5	340	340	1	8	769	99	96	le	36.77778
281	8	Sol5b4	G5b4	345	345	0	0	0	99	96		36.77778
282	9	Fa5	F5	340	340	1	16	385	99	96		36.83333
283	9	Mi5b1	E5b1	335	335	1	16	385	95	96		36.88889
284	9	Fa5	F5	340	340	3	8	2308	95	96	rin 	37.22222
285	9	Re5	D5	327	327	1	4	1538	95	96	ef	37.44444
286	9	Re5	D5	327	327	1	8	769	99	96	ga	37.55556
287	9	Si4b1	B4b1	313	313	1	8	769	95	96		37.66667
288	9	Re5	D5	327	327	1	16	385	99	96	ný	37.72222
289	9	Do5	C5	318	318	1	16	385	99	96		37.77778
290	9	Si4b1	B4b1	313	313	1	16	385	99	96		37.83333
291	9	La4#4	A4#4	309	309	1	16	385	95	96		37.88889
292	9	Si4b1	B4b1	313	313	3	8	2308	95	96	ný 	38.22222
293	52			0	0	1	8	0	108	0		38.33333
294	9	Sol5	G5	349	349	1	8	556	95	96	din	38.44444
295	9	La5	A5	358	358	1	8	556	95	96	le	38.55556
296	9	Sol5	G5	349	349	1	8	556	95	96	ye	38.66667
297	9	La5	A5	358	358	1	8	556	95	96	lim 	38.77778
298	9	Fa5	F5	340	340	1	8	556	99	96	yan	38.88889
299	9	Sol5	G5	349	349	1	8	556	99	96		39
300	9	Fa5	F5	340	340	1	8	556	99	96		39.11111
301	9	Mi5b5	E5b5	331	331	1	8	556	95	96		39.22222
302	9	Mi5b5	E5b5	331	331	1	16	278	99	96	ya	39.27778
303	9	Re5	D5	327	327	1	16	278	95	96		39.33333
304	9	Re5	D5	327	327	3	8	1667	95	96	na  	39.66667
305	9	La4	A4	305	305	1	8	556	95	96	SAZ 	39.77778
306	9	Si4b5	B4b5	309	309	1	8	556	95	96	.	39.88889
307	9	Do5	C5	318	318	1	8	556	95	96	.	40
308	9	Re5	D5	327	327	1	8	556	95	96	.	40.11111
309	9	Mi5b5	E5b5	331	331	1	8	556	95	96	.	40.22222
310	9	Mi5	E5	336	336	1	8	556	95	96	.	40.33333
311	9	Fa5	F5	340	340	3	4	3333	50	96	Kum	41
312	9	Mi5b5	E5b5	331	331	1	8	556	99	96	ru 	41.11111
313	9	Re5	D5	327	327	1	8	556	95	96		41.22222
314	9	Do5	C5	318	318	1	8	556	95	96	gi	41.33333
315	9	Sol5	G5	349	349	1	2	2222	95	96	bi 	41.77778
316	9			-1	-1	1	4	1111	100	0		42
317	9	Re5	D5	327	327	1	8	556	95	96	a 	42.11111
318	9	Do5	C5	318	318	1	8	556	95	96	ca	42.22222
319	9	Si4b5	B4b5	309	309	1	8	556	95	96	ným 	42.33333
320	9	Sol5	G5	349	349	1	8	556	95	96	se	42.44444
321	9	Sol5	G5	349	349	1	8	556	95	96	vi	42.55556
322	9	Fa5	F5	340	340	1	8	556	95	96	þe	42.66667
323	9	Mi5b5	E5b5	331	331	1	8	556	95	96	lim 	42.77778
324	9	Re5	D5	327	327	1	8	556	99	96	can 	42.88889
325	9	Do5	C5	318	318	1	8	556	99	96		43
326	9	Do5	C5	318	318	1	8	556	99	96		43.11111
327	9	Re5	D5	327	327	1	16	278	99	96		43.16667
328	9	Do5	C5	318	318	1	16	278	95	96		43.22222
329	9	Si4b5	B4b5	309	309	1	16	278	99	96	ca	43.27778
330	9	La4	A4	305	305	1	16	278	95	96		43.33333
331	9	Si4b5	B4b5	309	309	3	8	1667	95	96	na  	43.66667
332	9	Fa5	F5	340	340	1	8	556	95	96	SAZ 	43.77778
333	9	Sol5	G5	349	349	1	8	556	95	96	.	43.88889
334	9	La5	A5	358	358	1	8	556	95	96	.	44
335	9	Si5b5	B5b5	362	362	3	8	1667	95	96	.	44.33333
336	9	Si5b5	B5b5	362	362	3	4	3333	50	96	Kum	45
337	9	Sol5	G5	349	349	1	8	556	99	96	ru 	45.11111
338	9	Fa5#4	F5#4	344	344	1	8	556	95	96		45.22222
339	9	Sol5	G5	349	349	1	8	556	95	96	gi	45.33333
340	9	La5	A5	358	358	1	2	2222	95	96	bi 	45.77778
341	9			-1	-1	1	4	1111	100	0		46
342	9	Fa5#4	F5#4	344	344	1	8	556	95	96	a 	46.11111
343	9	Mi5b5	E5b5	331	331	1	8	556	95	96	ca	46.22222
344	9	Re5	D5	327	327	1	8	556	95	96	ným 	46.33333
345	9	Re5	D5	327	327	1	8	556	95	96	se	46.44444
346	9	Mi5b5	E5b5	331	331	1	8	556	95	96	vi	46.55556
347	9	Do5	C5	318	318	1	8	556	95	96	þe	46.66667
348	9	Re5	D5	327	327	1	8	556	95	96	lim 	46.77778
349	9	Si4b5	B4b5	309	309	1	8	556	99	96	can 	46.88889
350	9	La4	A4	305	305	1	8	556	99	96		47
351	9	Re5	D5	327	327	1	16	278	99	96		47.05556
352	9	Do5	C5	318	318	1	16	278	99	96		47.11111
353	9	Si4b5	B4b5	309	309	1	16	278	99	96		47.16667
354	9	La4	A4	305	305	1	16	278	95	96		47.22222
355	9	Sol4	G4	296	296	1	16	278	99	96	ca	47.27778
356	9	Fa4#4	F4#4	291	291	1	16	278	95	96		47.33333
357	9	Sol4	G4	296	296	3	8	1667	95	96	na  	47.66667
358	9	Re4	D4	274	274	1	8	556	95	96	SAZ 	47.77778
359	9	Mi4b5	E4b5	278	278	1	8	556	95	96	.	47.88889
360	9	Fa4#4	F4#4	291	291	1	8	556	95	96	.	48
361	9	Sol4	G4	296	296	3	8	1667	95	96	.	48.33333
