Sira	Kod	Nota53	NotaAE	Koma53	KomaAE	Pay	Payda	Ms	LNS	Bas	Soz1	Offset
1	0	Es	Sus	-1	-1	0	0	0	100	0		0
2	9			-1	-1	1	8	312	100	0	ARANAÐME 	0.125
3	9			-1	-1	1	4	625	100	0	.	0.375
4	9			-1	-1	1	8	312	100	0	.	0.5
5	9			-1	-1	1	4	625	100	0	.	0.75
6	9			-1	-1	1	4	625	100	0	.	1
7	9			-1	-1	1	8	312	100	0	.	1.125
8	9			-1	-1	1	4	625	100	0	.	1.375
9	9			-1	-1	1	8	312	100	0	.	1.5
10	9			-1	-1	1	4	625	100	0	.	1.75
11	9			-1	-1	1	4	625	100	0	.	2
12	9			-1	-1	1	8	312	100	0	.	2.125
13	9	Sol4	G4	296	296	1	16	156	95	96	.	2.1875
14	9	La4	A4	305	305	1	16	156	95	96	.	2.25
15	9	La4	A4	305	305	1	16	156	95	96	.	2.3125
16	9	Sol4	G4	296	296	1	16	156	95	96	.	2.375
17	9	La4	A4	305	305	1	16	156	95	96	.	2.4375
18	9	Sol4	G4	296	296	1	16	156	95	96	.	2.5
19	9	Mi4	E4	283	283	1	16	156	95	96	.	2.5625
20	9	Fa4#4	F4#4	291	291	1	16	156	95	96	.	2.625
21	9	Sol4	G4	296	296	1	8	312	95	96	.	2.75
22	9	Mi4	E4	283	283	1	8	312	95	96	.	2.875
23	9	Re4	D4	274	274	1	8	312	95	96	.	3
24	9			-1	-1	1	8	312	100	0	.	3.125
25	9	Sol4	G4	296	296	1	16	156	95	96	.	3.1875
26	9	La4	A4	305	305	1	16	156	95	96	.	3.25
27	9	La4	A4	305	305	1	16	156	95	96	.	3.3125
28	9	Sol4	G4	296	296	1	16	156	95	96	.	3.375
29	9	La4	A4	305	305	1	16	156	95	96	.	3.4375
30	9	Sol4	G4	296	296	1	16	156	95	96	.	3.5
31	9	Mi4	E4	283	283	1	16	156	95	96	.	3.5625
32	9	Fa4#4	F4#4	291	291	1	16	156	95	96	.	3.625
33	9	Sol4	G4	296	296	1	8	312	95	96	.	3.75
34	9	Mi4	E4	283	283	1	8	312	95	96	.	3.875
35	9	Re4	D4	274	274	1	8	312	95	96	.	4
36	9			-1	-1	1	8	312	100	0	.	4.125
37	9	Sol4	G4	296	296	1	8	312	95	96	.	4.25
38	9	Si4b1	B4b1	313	313	1	8	312	95	96	.	4.375
39	9	Do5	C5	318	318	1	8	312	95	96	.	4.5
40	9	Re5	D5	327	327	1	2	1250	95	96	.	5
41	9			-1	-1	1	8	312	100	0	.	5.125
42	9	Do5	C5	318	318	1	16	156	95	96	.	5.1875
43	9	Re5	D5	327	327	1	16	156	95	96	.	5.25
44	9	Mi5	E5	336	336	1	16	156	95	96	.	5.3125
45	9	Re5	D5	327	327	1	16	156	95	96	.	5.375
46	9	Do5	C5	318	318	1	16	156	95	96	.	5.4375
47	9	Re5	D5	327	327	1	16	156	95	96	.	5.5
48	9	Mi5	E5	336	336	1	16	156	95	96	.	5.5625
49	9	Re5	D5	327	327	1	16	156	95	96	.	5.625
50	9	Do5	C5	318	318	1	16	156	95	96	.	5.6875
51	9	Si4b1	B4b1	313	313	1	16	156	95	96	.	5.75
52	9	Do5	C5	318	318	1	16	156	95	96	.	5.8125
53	9	Si4b1	B4b1	313	313	1	16	156	95	96	.	5.875
54	9	La4	A4	305	305	1	8	312	95	96	.	6
55	9			-1	-1	1	8	312	100	0	.	6.125
56	9	Re4	D4	274	274	1	8	312	95	96	.	6.25
57	9	Fa4#4	F4#4	291	291	1	8	312	95	96	.	6.375
58	9	La4	A4	305	305	1	8	312	95	96	.	6.5
59	9	Do5	C5	318	318	1	2	1250	95	96	.	7
60	9			-1	-1	1	8	312	100	0	.	7.125
61	9	Si4b1	B4b1	313	313	1	16	156	95	96	.	7.1875
62	9	Do5	C5	318	318	1	16	156	95	96	.	7.25
63	9	Re5	D5	327	327	1	16	156	95	96	.	7.3125
64	9	Do5	C5	318	318	1	16	156	95	96	.	7.375
65	9	Si4b1	B4b1	313	313	1	16	156	95	96	.	7.4375
66	9	Do5	C5	318	318	1	16	156	95	96	.	7.5
67	9	Re5	D5	327	327	1	16	156	95	96	.	7.5625
68	9	Do5	C5	318	318	1	16	156	95	96	.	7.625
69	9	Si4b1	B4b1	313	313	1	16	156	95	96	.	7.6875
70	9	La4	A4	305	305	1	16	156	95	96	.	7.75
71	9	Si4b1	B4b1	313	313	1	16	156	95	96	.	7.8125
72	9	La4	A4	305	305	1	16	156	95	96	.	7.875
73	9	Sol4	G4	296	296	1	8	312	95	96	.	8
74	9			-1	-1	1	8	312	100	0	.	8.125
75	9	Sol4	G4	296	296	1	16	156	95	96	.	8.1875
76	9	La4	A4	305	305	1	16	156	95	96	.	8.25
77	9	La4	A4	305	305	1	16	156	95	96	.	8.3125
78	9	Sol4	G4	296	296	1	16	156	95	96	.	8.375
79	9	La4	A4	305	305	1	16	156	95	96	.	8.4375
80	9	Sol4	G4	296	296	1	16	156	95	96	.	8.5
81	9	Mi4	E4	283	283	1	16	156	95	96	.	8.5625
82	9	Fa4#4	F4#4	291	291	1	16	156	95	96	.	8.625
83	9	Sol4	G4	296	296	1	8	312	95	96	.	8.75
84	9	Mi4	E4	283	283	1	8	312	95	96	.	8.875
85	9	Re4	D4	274	274	1	8	312	95	96	.	9
86	9			-1	-1	1	8	312	100	0	.	9.125
87	9	Sol4	G4	296	296	1	16	156	95	96	.	9.1875
88	9	La4	A4	305	305	1	16	156	95	96	.	9.25
89	9	La4	A4	305	305	1	16	156	95	96	.	9.3125
90	9	Sol4	G4	296	296	1	16	156	95	96	.	9.375
91	9	La4	A4	305	305	1	16	156	95	96	.	9.4375
92	9	Sol4	G4	296	296	1	16	156	95	96	.	9.5
93	9	Mi4	E4	283	283	1	16	156	95	96	.	9.5625
94	9	Fa4#4	F4#4	291	291	1	16	156	95	96	.	9.625
95	9	Sol4	G4	296	296	1	8	312	95	96	.	9.75
96	9	Mi4	E4	283	283	1	8	312	95	96	.	9.875
97	9	Re4	D4	274	274	1	8	312	95	96	.	10
98	9			-1	-1	1	8	312	100	0	.	10.125
99	9	Si4b1	B4b1	313	313	1	16	156	95	96	.	10.1875
100	9	Do5	C5	318	318	1	16	156	95	96	.	10.25
101	9	Do5	C5	318	318	1	16	156	95	96	.	10.3125
102	9	Do5	C5	318	318	1	16	156	95	96	.	10.375
103	9	Do5	C5	318	318	1	16	156	95	96	.	10.4375
104	9	Si4b1	B4b1	313	313	1	16	156	95	96	.	10.5
105	9	Si4b1	B4b1	313	313	1	16	156	95	96	.	10.5625
106	9	La4	A4	305	305	1	16	156	95	96	.	10.625
107	9	La4	A4	305	305	1	16	156	95	96	.	10.6875
108	9	Sol4	G4	296	296	1	16	156	95	96	.	10.75
109	9	Sol4	G4	296	296	1	16	156	95	96	.	10.8125
110	9	Fa4#4	F4#4	291	291	1	16	156	95	96	.	10.875
111	9	Fa4#4	F4#4	291	291	1	16	156	95	96	.	10.9375
112	9	Mi4	E4	283	283	1	16	156	95	96	.	11
113	9	Fa4#4	F4#4	291	291	1	4	625	95	96	.	11.25
114	9	Sol4	G4	296	296	1	4	625	95	96	.	11.5
115	9	La4	A4	305	305	1	4	625	95	96	.	11.75
116	9	Si4b1	B4b1	313	313	1	16	156	95	96	.	11.8125
117	9	La4	A4	305	305	1	16	156	95	96	.	11.875
118	9	Sol4	G4	296	296	1	8	312	95	96	.	12
119	9			-1	-1	1	4	625	100	0		12.25
120	9	Si4b1	B4b1	313	313	1	8	312	95	96	O 	12.375
121	9	Do5	C5	318	318	1	8	312	95	96	du	12.5
122	9	Re5	D5	327	327	1	4	625	95	96	dak	12.75
123	9	Re5	D5	327	327	1	8	312	99	96	lar 	12.875
124	9	Do5	C5	318	318	1	8	312	95	96		13
125	9	Re5	D5	327	327	1	16	156	95	96	yi	13.0625
126	9	Mi5	E5	336	336	1	16	156	95	96	ne 	13.125
127	9	Re5	D5	327	327	1	4	625	50	96	SAZ 	13.375
128	9	Si4b1	B4b1	313	313	1	16	156	95	96	.	13.4375
129	9	La4	A4	305	305	1	16	156	95	96	.	13.5
130	9	Sol4	G4	296	296	1	16	156	95	96	.	13.5625
131	9	La4	A4	305	305	1	16	156	95	96	.	13.625
132	9	Si4b1	B4b1	313	313	1	16	156	95	96	.	13.6875
133	9	Do5	C5	318	318	1	16	156	95	96	.	13.75
134	9	Re5	D5	327	327	1	4	625	95	96	.	14
135	9	Do5	C5	318	318	1	16	156	95	96	.	14.0625
136	9	Si4b1	B4b1	313	313	1	16	156	95	96	.	14.125
137	9	La4	A4	305	305	1	16	156	95	96	.	14.1875
138	9	Sol4	G4	296	296	1	16	156	95	96	.	14.25
139	9	La4	A4	305	305	1	8	312	95	96	yi	14.375
140	9	Si4b1	B4b1	313	313	1	8	312	95	96	ne 	14.5
141	9	Do5	C5	318	318	3	16	469	99	96	yaz 	14.6875
142	9	Si4b1	B4b1	313	313	1	16	156	95	96		14.75
143	9	Do5	C5	318	318	3	16	469	99	96	gel	14.9375
144	9	Si4b1	B4b1	313	313	1	16	156	95	96		15
145	9	Do5	C5	318	318	1	16	156	99	96	di 	15.0625
146	9	Re5	D5	327	327	1	16	156	95	96		15.125
147	9	Do5	C5	318	318	1	4	625	50	96	de 	15.375
148	9	Do5	C5	318	318	1	16	156	95	96	SAZ 	15.4375
149	9	Si4b1	B4b1	313	313	1	16	156	95	96	.	15.5
150	9	La4	A4	305	305	1	16	156	95	96	.	15.5625
151	9	Si4b1	B4b1	313	313	1	16	156	95	96	.	15.625
152	9	La4	A4	305	305	1	16	156	95	96	.	15.6875
153	9	Si4b1	B4b1	313	313	1	16	156	95	96	.	15.75
154	9	Do5	C5	318	318	1	4	625	95	96	.	16
155	10	Re5	D5	327	327	1	8	312	99	96	bül	16.125
156	8	Mi5	E5	336	336	0	0	0	99	96		16.125
157	9	Re5	D5	327	327	1	16	156	99	96		16.1875
158	9	Do5	C5	318	318	1	16	156	99	96		16.25
159	10	Mi5	E5	336	336	1	8	312	99	96		16.375
160	8	Fa5	F5	340	340	0	0	0	99	96		16.375
161	9	Mi5	E5	336	336	1	16	156	99	96		16.4375
162	9	Re5	D5	327	327	1	16	156	99	96		16.5
163	10	Do5	C5	318	318	1	8	312	99	96		16.625
164	8	Re5	D5	327	327	0	0	0	99	96		16.625
165	9	Do5	C5	318	318	1	16	156	99	96		16.6875
166	9	Si4b1	B4b1	313	313	1	16	156	99	96		16.75
167	9	La4	A4	305	305	1	4	625	95	96		17
168	10	Do5	C5	318	318	1	8	312	99	96	bül	17.125
169	8	Re5	D5	327	327	0	0	0	99	96		17.125
170	9	Do5	C5	318	318	1	16	156	99	96		17.1875
171	9	Si4b1	B4b1	313	313	1	16	156	99	96		17.25
172	10	Re5	D5	327	327	1	8	312	99	96		17.375
173	8	Mi5	E5	336	336	0	0	0	99	96		17.375
174	9	Re5	D5	327	327	1	16	156	99	96		17.4375
175	9	Do5	C5	318	318	1	16	156	99	96		17.5
176	10	Si4b1	B4b1	313	313	1	8	312	99	96		17.625
177	8	Do5	C5	318	318	0	0	0	99	96		17.625
178	9	Si4b1	B4b1	313	313	1	16	156	99	96		17.6875
179	9	La4	A4	305	305	1	16	156	99	96		17.75
180	9	Sol4	G4	296	296	1	16	156	99	96		17.8125
181	9	La4	A4	305	305	1	16	156	99	96		17.875
182	9	Sol4	G4	296	296	1	16	156	99	96		17.9375
183	9	La4	A4	305	305	1	16	156	99	96		18
184	9	Si4b1	B4b1	313	313	1	16	156	99	96		18.0625
185	9	Si4b1	B4b1	313	313	1	16	156	99	96		18.125
186	9	La4	A4	305	305	1	16	156	99	96		18.1875
187	9	Si4b1	B4b1	313	313	1	16	156	95	96		18.25
188	9	Do5	C5	318	318	1	16	156	99	96	le	18.3125
189	9	Do5	C5	318	318	1	16	156	95	96		18.375
190	9	Si4b1	B4b1	313	313	1	16	156	99	96	þi	18.4375
191	9	La4	A4	305	305	1	16	156	95	96		18.5
192	9	Sol4	G4	296	296	1	4	625	95	96	yor  	18.75
193	9			-1	-1	1	4	625	100	0		19
194	9			-1	-1	1	8	312	100	0		19.125
195	9	Si4b1	B4b1	313	313	1	16	156	95	96	SAZ 	19.1875
196	9	Do5	C5	318	318	1	16	156	95	96	.	19.25
197	9	Do5	C5	318	318	1	16	156	95	96	.	19.3125
198	9	Do5	C5	318	318	1	16	156	95	96	.	19.375
199	9	Do5	C5	318	318	1	16	156	95	96	.	19.4375
200	9	Si4b1	B4b1	313	313	1	16	156	95	96	.	19.5
201	9	Si4b1	B4b1	313	313	1	16	156	95	96	.	19.5625
202	9	La4	A4	305	305	1	16	156	95	96	.	19.625
203	9	La4	A4	305	305	1	16	156	95	96	.	19.6875
204	9	Sol4	G4	296	296	1	16	156	95	96	.	19.75
205	9	Sol4	G4	296	296	1	16	156	95	96	.	19.8125
206	9	Fa4#4	F4#4	291	291	1	16	156	95	96	.	19.875
207	9	Fa4#4	F4#4	291	291	1	16	156	95	96	.	19.9375
208	9	Mi4	E4	283	283	1	16	156	95	96	.	20
209	9	Fa4#4	F4#4	291	291	1	4	625	95	96	.	20.25
210	9	Sol4	G4	296	296	1	4	625	95	96	.	20.5
211	9	La4	A4	305	305	1	4	625	95	96	.	20.75
212	9	Si4b1	B4b1	313	313	1	16	156	95	96	.	20.8125
213	9	La4	A4	305	305	1	16	156	95	96	.	20.875
214	9	Sol4	G4	296	296	1	8	312	95	96	.	21
215	52			0	0	1	8	0	127	65		21.125
216	9			-1	-1	1	4	625	100	0		21.375
217	9	Si4b1	B4b1	313	313	1	8	312	95	96	O 	21.5
218	9	Do5	C5	318	318	1	8	312	95	96	du	21.625
219	9	Re5	D5	327	327	1	4	625	95	96	dak	21.875
220	9	Re5	D5	327	327	1	8	312	99	96	lar 	22
221	9	Do5	C5	318	318	1	8	312	95	96		22.125
222	9	Re5	D5	327	327	1	16	156	95	96	yi	22.1875
223	9	Mi5	E5	336	336	1	16	156	95	96	ne 	22.25
224	9	Re5	D5	327	327	1	4	625	50	96	SAZ 	22.5
225	9	Si4b1	B4b1	313	313	1	16	156	95	96	.	22.5625
226	9	La4	A4	305	305	1	16	156	95	96	.	22.625
227	9	Sol4	G4	296	296	1	16	156	95	96	.	22.6875
228	9	La4	A4	305	305	1	16	156	95	96	.	22.75
229	9	Si4b1	B4b1	313	313	1	16	156	95	96	.	22.8125
230	9	Do5	C5	318	318	1	16	156	95	96	.	22.875
231	9	Re5	D5	327	327	1	4	625	95	96	.	23.125
232	9	Do5	C5	318	318	1	16	156	95	96	.	23.1875
233	9	Si4b1	B4b1	313	313	1	16	156	95	96	.	23.25
234	9	La4	A4	305	305	1	16	156	95	96	.	23.3125
235	9	Sol4	G4	296	296	1	16	156	95	96	.	23.375
236	9	La4	A4	305	305	1	8	312	95	96	yi	23.5
237	9	Si4b1	B4b1	313	313	1	8	312	95	96	ne 	23.625
238	9	Do5	C5	318	318	3	16	469	99	96	yaz 	23.8125
239	9	Si4b1	B4b1	313	313	1	16	156	95	96		23.875
240	9	Do5	C5	318	318	3	16	469	99	96	gel	24.0625
241	9	Si4b1	B4b1	313	313	1	16	156	95	96		24.125
242	9	Do5	C5	318	318	1	16	156	99	96	di 	24.1875
243	9	Re5	D5	327	327	1	16	156	95	96		24.25
244	9	Do5	C5	318	318	1	4	625	50	96	de 	24.5
245	9	Do5	C5	318	318	1	16	156	95	96	SAZ 	24.5625
246	9	Si4b1	B4b1	313	313	1	16	156	95	96	.	24.625
247	9	La4	A4	305	305	1	16	156	95	96	.	24.6875
248	9	Si4b1	B4b1	313	313	1	16	156	95	96	.	24.75
249	9	La4	A4	305	305	1	16	156	95	96	.	24.8125
250	9	Si4b1	B4b1	313	313	1	16	156	95	96	.	24.875
251	9	Do5	C5	318	318	1	4	625	95	96	.	25.125
252	10	Re5	D5	327	327	1	8	312	99	96	bül	25.25
253	8	Mi5	E5	336	336	0	0	0	99	96		25.25
254	9	Re5	D5	327	327	1	16	156	99	96		25.3125
255	9	Do5	C5	318	318	1	16	156	99	96		25.375
256	10	Mi5	E5	336	336	1	8	312	99	96		25.5
257	8	Fa5	F5	340	340	0	0	0	99	96		25.5
258	9	Mi5	E5	336	336	1	16	156	99	96		25.5625
259	9	Re5	D5	327	327	1	16	156	99	96		25.625
260	10	Do5	C5	318	318	1	8	312	99	96		25.75
261	8	Re5	D5	327	327	0	0	0	99	96		25.75
262	9	Do5	C5	318	318	1	16	156	99	96		25.8125
263	9	Si4b1	B4b1	313	313	1	16	156	99	96		25.875
264	9	La4	A4	305	305	1	4	625	95	96		26.125
265	10	Do5	C5	318	318	1	8	312	99	96	bül	26.25
266	8	Re5	D5	327	327	0	0	0	99	96		26.25
267	9	Do5	C5	318	318	1	16	156	99	96		26.3125
268	9	Si4b1	B4b1	313	313	1	16	156	99	96		26.375
269	10	Re5	D5	327	327	1	8	312	99	96		26.5
270	8	Mi5	E5	336	336	0	0	0	99	96		26.5
271	9	Re5	D5	327	327	1	16	156	99	96		26.5625
272	9	Do5	C5	318	318	1	16	156	99	96		26.625
273	10	Si4b1	B4b1	313	313	1	8	312	99	96		26.75
274	8	Do5	C5	318	318	0	0	0	99	96		26.75
275	9	Si4b1	B4b1	313	313	1	16	156	99	96		26.8125
276	9	La4	A4	305	305	1	16	156	99	96		26.875
277	9	Sol4	G4	296	296	1	16	156	99	96		26.9375
278	9	La4	A4	305	305	1	16	156	99	96		27
279	9	Sol4	G4	296	296	1	16	156	99	96		27.0625
280	9	La4	A4	305	305	1	16	156	99	96		27.125
281	9	Si4b1	B4b1	313	313	1	16	156	99	96		27.1875
282	9	Si4b1	B4b1	313	313	1	16	156	99	96		27.25
283	9	La4	A4	305	305	1	16	156	99	96		27.3125
284	9	Si4b1	B4b1	313	313	1	16	156	95	96		27.375
285	9	Do5	C5	318	318	1	16	156	99	96	le	27.4375
286	9	Do5	C5	318	318	1	16	156	95	96		27.5
287	9	Si4b1	B4b1	313	313	1	16	156	99	96	þi	27.5625
288	9	La4	A4	305	305	1	16	156	95	96		27.625
289	9	Sol4	G4	296	296	1	4	625	95	96	yor  	27.875
290	9			-1	-1	1	4	625	100	0		28.125
291	9			-1	-1	1	8	312	100	0		28.25
292	9	Fa5#4	F5#4	344	344	1	16	156	95	96	SAZ 	28.3125
293	9	Sol5	G5	349	349	1	16	156	95	96	.	28.375
294	9	Sol5	G5	349	349	1	16	156	95	96	.	28.4375
295	9	Sol5	G5	349	349	1	16	156	95	96	.	28.5
296	9	Sol5	G5	349	349	1	16	156	95	96	.	28.5625
297	9	Fa5#4	F5#4	344	344	1	16	156	95	96	.	28.625
298	9	Mi5	E5	336	336	1	16	156	95	96	.	28.6875
299	9	Fa5#4	F5#4	344	344	1	16	156	95	96	.	28.75
300	9	Sol5	G5	349	349	1	8	312	95	96	.	28.875
301	9	Mi5	E5	336	336	1	8	312	95	96	.	29
302	9	Re5	D5	327	327	1	8	312	95	96	.	29.125
303	9			-1	-1	1	8	312	100	0		29.25
304	9	Sol5	G5	349	349	1	16	156	95	96	.	29.3125
305	9	La5	A5	358	358	1	16	156	95	96	.	29.375
306	9	La5	A5	358	358	1	16	156	95	96	.	29.4375
307	9	La5	A5	358	358	1	16	156	95	96	.	29.5
308	9	La5	A5	358	358	1	16	156	95	96	.	29.5625
309	9	Sol5	G5	349	349	1	16	156	95	96	.	29.625
310	9	Si5b1	B5b1	366	366	1	16	156	95	96	.	29.6875
311	9	La5	A5	358	358	1	16	156	95	96	.	29.75
312	9	Sol5	G5	349	349	1	16	156	95	96	.	29.8125
313	9	Fa5#4	F5#4	344	344	1	16	156	95	96	.	29.875
314	9	Sol5	G5	349	349	1	4	625	95	96	.	30.125
315	9	Sol5	G5	349	349	1	1	2500	99	96	Ah 	31.125
316	9	Sol5	G5	349	349	1	16	156	99	96		31.1875
317	9	Sol5	G5	349	349	1	16	156	99	96		31.25
318	9	Fa5#4	F5#4	344	344	1	16	156	99	96		31.3125
319	9	Mi5	E5	336	336	1	16	156	99	96		31.375
320	9	Re5	D5	327	327	1	16	156	99	96		31.4375
321	9	Do5	C5	318	318	1	16	156	99	96		31.5
322	9	Si4b1	B4b1	313	313	1	16	156	99	96		31.5625
323	9	La4	A4	305	305	1	16	156	99	96		31.625
324	9	Sol4	G4	296	296	1	16	156	99	96		31.6875
325	9	La4	A4	305	305	1	16	156	99	96		31.75
326	9	Si4b1	B4b1	313	313	1	16	156	99	96		31.8125
327	9	Do5	C5	318	318	1	16	156	99	96		31.875
328	9	Re5	D5	327	327	1	16	156	99	96		31.9375
329	9	Mi5	E5	336	336	1	16	156	99	96		32
330	9	Fa5#4	F5#4	344	344	1	16	156	99	96		32.0625
331	9	Sol5	G5	349	349	1	16	156	95	96		32.125
332	9	La5	A5	358	358	7	4	4375	95	96	ah 	33.875
333	9	Si5b1	B5b1	366	366	3	16	469	99	96	ah 	34.0625
334	9	La5	A5	358	358	1	16	156	99	96		34.125
335	9	Sol5	G5	349	349	1	16	156	95	96		34.1875
336	9			-1	-1	1	8	312	100	0		34.3125
337	9	Sol5	G5	349	349	1	16	156	95	96	SAZ 	34.375
338	9	Sol5	G5	349	349	1	8	312	95	96	.	34.5
339	9	Fa5#4	F5#4	344	344	1	8	312	95	96	.	34.625
340	9	Sol5	G5	349	349	1	4	625	95	96	.	34.875
341	9	Do6	C6	371	371	3	16	469	99	96	ah 	35.0625
342	9	Si5b1	B5b1	366	366	1	16	156	99	96		35.125
343	9	La5	A5	358	358	1	16	156	95	96		35.1875
344	9			-1	-1	1	8	312	100	0		35.3125
345	9	La5	A5	358	358	1	16	156	95	96	SAZ 	35.375
346	9	La5	A5	358	358	1	8	312	95	96	.	35.5
347	9	Sol5	G5	349	349	1	8	312	95	96	.	35.625
348	9	La5	A5	358	358	1	4	625	95	96	.	35.875
349	9	Si5b1	B5b1	366	366	3	16	469	99	96	ah 	36.0625
350	9	La5	A5	358	358	1	16	156	99	96		36.125
351	9	Sol5	G5	349	349	1	16	156	95	96		36.1875
352	9			-1	-1	1	8	312	100	0		36.3125
353	9	Sol5	G5	349	349	1	16	156	95	96	SAZ 	36.375
354	9	Sol5	G5	349	349	1	8	312	95	96	.	36.5
355	9	Fa5#4	F5#4	344	344	1	8	312	95	96	.	36.625
356	9	Sol5	G5	349	349	1	4	625	95	96	.	36.875
357	9	La5	A5	358	358	3	16	469	99	96	ah 	37.0625
358	9	Sol5	G5	349	349	1	16	156	99	96		37.125
359	9	Fa5#4	F5#4	344	344	1	16	156	95	96		37.1875
360	9			-1	-1	1	8	312	100	0		37.3125
361	9	Fa5#4	F5#4	344	344	1	16	156	95	96	SAZ 	37.375
362	9	Fa5#4	F5#4	344	344	1	8	312	95	96	.	37.5
363	9	Mi5	E5	336	336	1	8	312	95	96	.	37.625
364	9	Fa5#4	F5#4	344	344	1	4	625	95	96	.	37.875
365	9	Sol5	G5	349	349	3	16	469	99	96	ah 	38.0625
366	9	Fa5#4	F5#4	344	344	1	16	156	99	96		38.125
367	9	Mi5	E5	336	336	1	16	156	95	96		38.1875
368	9			-1	-1	1	8	312	100	0		38.3125
369	9	Mi5	E5	336	336	1	16	156	95	96	SAZ 	38.375
370	9	Mi5	E5	336	336	1	8	312	95	96	.	38.5
371	9	Re5	D5	327	327	1	8	312	95	96	.	38.625
372	9	Mi5	E5	336	336	1	4	625	95	96	.	38.875
373	9	Fa5#4	F5#4	344	344	3	16	469	99	96	ah  	39.0625
374	9	Mi5	E5	336	336	1	16	156	99	96		39.125
375	9	Re5	D5	327	327	1	16	156	95	96		39.1875
376	9			-1	-1	1	8	312	100	0		39.3125
377	9	Sol5	G5	349	349	1	16	156	95	96	SAZ 	39.375
378	9	Fa5#4	F5#4	344	344	1	16	156	95	96	.	39.4375
379	9	Sol5	G5	349	349	1	16	156	95	96	.	39.5
380	9	Mi5	E5	336	336	1	16	156	95	96	.	39.5625
381	9	Fa5#4	F5#4	344	344	1	16	156	95	96	.	39.625
382	9	Re5	D5	327	327	1	16	156	95	96	.	39.6875
383	9	Mi5	E5	336	336	1	16	156	95	96	.	39.75
384	9	Do5	C5	318	318	1	16	156	95	96	.	39.8125
385	9	Re5	D5	327	327	1	16	156	95	96	.	39.875
386	9	Si4b1	B4b1	313	313	1	16	156	95	96	.	39.9375
387	9	Do5	C5	318	318	1	16	156	95	96	.	40
388	9	La4	A4	305	305	1	16	156	95	96	.	40.0625
389	9	Si4b1	B4b1	313	313	1	16	156	95	96	.	40.125
390	9	Sol4	G4	296	296	1	8	312	95	96	.	40.25
391	9	Do5	C5	318	318	1	8	312	95	96	.	40.375
392	9			-1	-1	1	4	625	100	0		40.625
393	9	Si4b1	B4b1	313	313	1	8	312	95	96	Ha 	40.75
394	9	Re5	D5	327	327	1	8	312	95	96	ha 	40.875
395	9			-1	-1	1	4	625	100	0		41.125
396	9	Do5	C5	318	318	1	8	312	50	96	SAZ 	41.25
397	9	Mi5	E5	336	336	1	8	312	50	96	.	41.375
398	9	Re5	D5	327	327	1	8	312	50	96	.	41.5
399	9	Sol5	G5	349	349	1	8	312	50	96	.	41.625
400	9	Fa5#4	F5#4	344	344	1	8	312	50	96	.	41.75
401	9	La5	A5	358	358	1	8	312	50	96	.	41.875
402	9			-1	-1	1	4	625	100	0		42.125
403	9	Sol5	G5	349	349	1	8	312	50	96	ha 	42.25
404	9	Si5b1	B5b1	366	366	1	8	312	50	96	ha 	42.375
405	9			-1	-1	1	4	625	100	0		42.625
406	9	Sol5	G5	349	349	1	8	312	50	96	SAZ 	42.75
407	9	Si5b1	B5b1	366	366	1	8	312	50	96	.	42.875
408	9			-1	-1	1	4	625	100	0		43.125
409	9	Sol5	G5	349	349	1	8	312	95	96	ha 	43.25
410	9	Si5b1	B5b1	366	366	1	8	312	95	96	ha 	43.375
411	9	Sol5	G5	349	349	1	8	312	95	96	ha 	43.5
412	9	Si5b1	B5b1	366	366	1	8	312	95	96	ha 	43.625
413	9	Sol5	G5	349	349	1	8	312	95	96	ha 	43.75
414	9	Si5b1	B5b1	366	366	1	8	312	95	96	ha 	43.875
415	9			-1	-1	1	8	312	100	0		44
416	9	Si5b1	B5b1	366	366	1	8	312	50	96	SAZ 	44.125
417	9	Do6	C6	371	371	1	8	312	50	96	.	44.25
418	9	La5	A5	358	358	1	8	312	50	96	.	44.375
419	9			-1	-1	1	8	312	100	0		44.5
420	9	La5	A5	358	358	1	8	312	95	96	ha 	44.625
421	9	Re6	D6	380	380	5	4	3125	99	96	ha  	45.875
422	9	Do6	C6	371	371	1	16	156	99	96		45.9375
423	9	Si5b1	B5b1	366	366	1	16	156	99	96		46
424	9	La5	A5	358	358	1	16	156	99	96		46.0625
425	9	Sol5	G5	349	349	1	16	156	95	96		46.125
426	9	Fa5#4	F5#4	344	344	1	1	2500	95	96		47.125
427	9	Sol5	G5	349	349	3	16	469	99	96	Ah 	47.3125
428	9	Fa5#4	F5#4	344	344	1	16	156	95	96		47.375
429	9	Mi5	E5	336	336	1	8	312	95	96	o 	47.5
430	9	Fa5#4	F5#4	344	344	1	8	312	95	96	ya	47.625
431	10	Sol5	G5	349	349	1	8	312	99	96	nak	47.75
432	8	La5	A5	358	358	0	0	0	99	96		47.75
433	9	Sol5	G5	349	349	1	16	156	99	96		47.8125
434	9	Fa5#4	F5#4	344	344	1	16	156	95	96		47.875
435	9	Sol5	G5	349	349	1	4	625	95	96	lar 	48.125
436	9	Mi5	E5	336	336	1	8	312	95	96	SAZ 	48.25
437	9	Sol5	G5	349	349	1	8	312	95	96	.	48.375
438	9	Mi5	E5	336	336	1	8	312	95	96	.	48.5
439	9	Sol5	G5	349	349	1	8	312	95	96	.	48.625
440	9			-1	-1	1	8	312	100	0		48.75
441	9	Fa5#4	F5#4	344	344	1	16	156	95	96	.	48.8125
442	9	Mi5	E5	336	336	1	16	156	95	96	.	48.875
443	9	Sol5	G5	349	349	1	4	625	50	96	.	49.125
444	9	Mi5	E5	336	336	1	8	312	95	96	.	49.25
445	9	Sol5	G5	349	349	1	8	312	95	96	.	49.375
446	9	Mi5	E5	336	336	1	8	312	95	96	.	49.5
447	9	Sol5	G5	349	349	1	8	312	95	96	.	49.625
448	9			-1	-1	1	8	312	100	0		49.75
449	9	Fa5#4	F5#4	344	344	1	16	156	95	96	.	49.8125
450	9	Mi5	E5	336	336	1	16	156	95	96	.	49.875
451	9	Sol5	G5	349	349	1	4	625	50	96	.	50.125
452	9			-1	-1	1	4	625	100	0		50.375
453	9	Fa5#4	F5#4	344	344	1	8	312	95	96	ne 	50.5
454	9	Sol5	G5	349	349	1	8	312	95	96	gü	50.625
455	10	La5	A5	358	358	1	8	312	99	96	zel 	50.75
456	8	Si5b1	B5b1	366	366	0	0	0	99	96		50.75
457	9	La5	A5	358	358	1	16	156	99	96		50.8125
458	9	Sol5	G5	349	349	1	16	156	95	96		50.875
459	9	La5	A5	358	358	1	4	625	95	96	de 	51.125
460	9	Fa5#4	F5#4	344	344	1	8	312	95	96	SAZ 	51.25
461	9	La5	A5	358	358	1	8	312	95	96	.	51.375
462	9	Fa5#4	F5#4	344	344	1	8	312	95	96	.	51.5
463	9	La5	A5	358	358	1	8	312	95	96	.	51.625
464	9			-1	-1	1	8	312	100	0		51.75
465	9	Sol5	G5	349	349	1	16	156	95	96	.	51.8125
466	9	Fa5#4	F5#4	344	344	1	16	156	95	96	.	51.875
467	9	La5	A5	358	358	1	4	625	50	96	.	52.125
468	9	Fa5#4	F5#4	344	344	1	8	312	95	96	.	52.25
469	9	La5	A5	358	358	1	8	312	95	96	.	52.375
470	9	Fa5#4	F5#4	344	344	1	8	312	95	96	.	52.5
471	9	La5	A5	358	358	1	8	312	95	96	.	52.625
472	9			-1	-1	1	8	312	100	0		52.75
473	9	Sol5	G5	349	349	1	16	156	95	96	.	52.8125
474	9	Fa5#4	F5#4	344	344	1	16	156	95	96	.	52.875
475	9	La5	A5	358	358	1	4	625	50	96	.	53.125
476	9			-1	-1	1	4	625	100	0		53.375
477	9	Mi5	E5	336	336	1	8	312	95	96	a	53.5
478	9	Fa5#4	F5#4	344	344	1	8	312	95	96	çý	53.625
479	9	Sol5	G5	349	349	3	2	3750	95	96	lýp 	55.125
480	9			-1	-1	1	8	312	100	0		55.25
481	9	Sol5	G5	349	349	1	16	156	99	96	gül 	55.3125
482	9	La5	A5	358	358	1	16	156	99	96		55.375
483	9	Fa5#4	F5#4	344	344	1	16	156	99	96		55.4375
484	9	Sol5	G5	349	349	1	16	156	99	96		55.5
485	9	Mi5	E5	336	336	1	16	156	99	96		55.5625
486	9	Fa5#4	F5#4	344	344	1	16	156	99	96		55.625
487	9	Re5	D5	327	327	1	8	312	99	96		55.75
488	9	Do5	C5	318	318	1	8	312	99	96		55.875
489	9	Mi5	E5	336	336	1	4	625	50	96		56.125
490	9			-1	-1	1	8	312	100	0		56.25
491	9	Mi5	E5	336	336	1	16	156	99	96	gül 	56.3125
492	9	Fa5	F5	340	340	1	16	156	99	96		56.375
493	9	Re5	D5	327	327	1	16	156	99	96		56.4375
494	9	Mi5	E5	336	336	1	16	156	99	96		56.5
495	9	Do5	C5	318	318	1	16	156	99	96		56.5625
496	9	Re5	D5	327	327	1	16	156	99	96		56.625
497	9	Si4b1	B4b1	313	313	1	8	312	99	96		56.75
498	9	La4	A4	305	305	1	8	312	99	96		56.875
499	9	Re5	D5	327	327	1	4	625	50	96		57.125
500	9			-1	-1	1	8	312	100	0		57.25
501	9	Re5	D5	327	327	1	16	156	99	96	gül	57.3125
502	9	Mi5	E5	336	336	1	16	156	99	96		57.375
503	9	Do5	C5	318	318	1	16	156	99	96		57.4375
504	9	Re5	D5	327	327	1	16	156	99	96		57.5
505	9	Si4b1	B4b1	313	313	1	16	156	99	96		57.5625
506	9	Do5	C5	318	318	1	16	156	99	96		57.625
507	9	La4	A4	305	305	1	8	312	99	96		57.75
508	9	Sol4	G4	296	296	1	8	312	99	96		57.875
509	9	Do5	C5	318	318	1	4	625	95	96		58.125
510	9	La4	A4	305	305	3	4	1875	95	96		58.875
511	10	Do5	C5	318	318	1	16	156	99	96	le	58.9375
512	8	Re5	D5	327	327	0	0	0	99	96		58.9375
513	9	Do5	C5	318	318	1	16	156	95	96		59
514	9	Si4b1	B4b1	313	313	1	16	156	99	96	þi	59.0625
515	9	La4	A4	305	305	1	16	156	95	96		59.125
516	9	Sol4	G4	296	296	1	8	312	95	96	yor  	59.25
517	9	Sol4	G4	296	296	1	16	156	95	96	SAZ 	59.3125
518	9	La4	A4	305	305	1	16	156	95	96	.	59.375
519	9	La4	A4	305	305	1	16	156	95	96	.	59.4375
520	9	Sol4	G4	296	296	1	16	156	95	96	.	59.5
521	9	La4	A4	305	305	1	16	156	95	96	.	59.5625
522	9	Sol4	G4	296	296	1	16	156	95	96	.	59.625
523	9	Mi4	E4	283	283	1	16	156	95	96	.	59.6875
524	9	Fa4#4	F4#4	291	291	1	16	156	95	96	.	59.75
525	9	Sol4	G4	296	296	1	8	312	95	96	.	59.875
526	9	Mi4	E4	283	283	1	8	312	95	96	.	60
527	9	Re4	D4	274	274	1	8	312	95	96	.	60.125
528	9			-1	-1	1	8	312	100	0	.	60.25
529	9	Sol4	G4	296	296	1	16	156	95	96	.	60.3125
530	9	La4	A4	305	305	1	16	156	95	96	.	60.375
531	9	La4	A4	305	305	1	16	156	95	96	.	60.4375
532	9	Sol4	G4	296	296	1	16	156	95	96	.	60.5
533	9	La4	A4	305	305	1	16	156	95	96	.	60.5625
534	9	Sol4	G4	296	296	1	16	156	95	96	.	60.625
535	9	Mi4	E4	283	283	1	16	156	95	96	.	60.6875
536	9	Fa4#4	F4#4	291	291	1	16	156	95	96	.	60.75
537	9	Sol4	G4	296	296	1	8	312	95	96	.	60.875
538	9	Mi4	E4	283	283	1	8	312	95	96	.	61
539	9	Re4	D4	274	274	1	8	312	95	96	.	61.125
540	9			-1	-1	1	8	312	100	0	.	61.25
541	9	Si4b1	B4b1	313	313	1	16	156	95	96	.	61.3125
542	9	Do5	C5	318	318	1	16	156	95	96	.	61.375
543	9	Do5	C5	318	318	1	16	156	95	96	.	61.4375
544	9	Do5	C5	318	318	1	16	156	95	96	.	61.5
545	9	Do5	C5	318	318	1	16	156	95	96	.	61.5625
546	9	Si4b1	B4b1	313	313	1	16	156	95	96	.	61.625
547	9	Si4b1	B4b1	313	313	1	16	156	95	96	.	61.6875
548	9	La4	A4	305	305	1	16	156	95	96	.	61.75
549	9	La4	A4	305	305	1	16	156	95	96	.	61.8125
550	9	Sol4	G4	296	296	1	16	156	95	96	.	61.875
551	9	Sol4	G4	296	296	1	16	156	95	96	.	61.9375
552	9	Fa4#4	F4#4	291	291	1	16	156	95	96	.	62
553	9	Fa4#4	F4#4	291	291	1	16	156	95	96	.	62.0625
554	9	Mi4	E4	283	283	1	16	156	95	96	.	62.125
555	9	Fa4#4	F4#4	291	291	1	4	625	95	96	.	62.375
556	9	Sol4	G4	296	296	1	4	625	95	96	.	62.625
557	9	La4	A4	305	305	1	4	625	95	96	.	62.875
558	9	Si4b1	B4b1	313	313	1	16	156	95	96	.	62.9375
559	9	La4	A4	305	305	1	16	156	95	96	.	63
560	9	Sol4	G4	296	296	1	8	312	95	96	.	63.125
561	9			-1	-1	1	8	312	100	0	.	63.25
562	9	Re5	D5	327	327	1	8	312	95	96	.	63.375
563	9	Mi5b5	E5b5	331	331	1	8	312	95	96	.	63.5
564	9	Fa5#4	F5#4	344	344	1	8	312	95	96	.	63.625
565	9	Sol5	G5	349	349	1	16	156	95	96	.	63.6875
566	9	La5	A5	358	358	1	16	156	95	96	.	63.75
567	9	Fa5#4	F5#4	344	344	1	16	156	95	96	.	63.8125
568	9	Sol5	G5	349	349	1	16	156	95	96	.	63.875
569	9	Mi5b5	E5b5	331	331	1	16	156	95	96	.	63.9375
570	9	Fa5#4	F5#4	344	344	1	16	156	95	96	.	64
571	9	Re5	D5	327	327	1	16	156	95	96	.	64.0625
572	9	Mi5b5	E5b5	331	331	1	16	156	95	96	.	64.125
573	9	Do5	C5	318	318	1	8	312	95	96	.	64.25
574	9	Mi5b5	E5b5	331	331	1	8	312	95	96	.	64.375
575	9	Re5	D5	327	327	1	8	312	95	96	.	64.5
576	9	Do5	C5	318	318	1	8	312	95	96	.	64.625
577	9	Si4b1	B4b1	313	313	1	16	156	95	96	.	64.6875
578	9	Do5	C5	318	318	1	16	156	95	96	.	64.75
579	9	Si4b1	B4b1	313	313	1	16	156	95	96	.	64.8125
580	9	Do5	C5	318	318	1	16	156	95	96	.	64.875
581	9	Re5	D5	327	327	1	16	156	95	96	.	64.9375
582	9	Do5	C5	318	318	1	16	156	95	96	.	65
583	9	Si4b1	B4b1	313	313	1	16	156	95	96	.	65.0625
584	9	La4	A4	305	305	1	16	156	95	96	.	65.125
585	9	Sol4	G4	296	296	1	8	312	95	96	.	65.25
586	9	Re5	D5	327	327	1	8	312	95	96	.	65.375
587	9	Mi5b5	E5b5	331	331	1	8	312	95	96	.	65.5
588	9	Fa5#4	F5#4	344	344	1	8	312	95	96	.	65.625
589	9	Sol5	G5	349	349	1	16	156	95	96	.	65.6875
590	9	La5	A5	358	358	1	16	156	95	96	.	65.75
591	9	Fa5#4	F5#4	344	344	1	16	156	95	96	.	65.8125
592	9	Sol5	G5	349	349	1	16	156	95	96	.	65.875
593	9	Mi5b5	E5b5	331	331	1	16	156	95	96	.	65.9375
594	9	Fa5#4	F5#4	344	344	1	16	156	95	96	.	66
595	9	Re5	D5	327	327	1	16	156	95	96	.	66.0625
596	9	Mi5b5	E5b5	331	331	1	16	156	95	96	.	66.125
597	9	Do5	C5	318	318	1	8	312	95	96	.	66.25
598	9	Re5	D5	327	327	1	8	312	95	96	.	66.375
599	9	Mi5b5	E5b5	331	331	1	8	312	95	96	.	66.5
600	9	Fa5#4	F5#4	344	344	1	8	312	95	96	.	66.625
601	9	Sol5	G5	349	349	1	2	1250	95	96	.	67.125
602	9			-1	-1	1	4	625	100	0		67.375
603	9	Re5	D5	327	327	1	8	312	95	96	Gü	67.5
604	9	Re5	D5	327	327	1	8	312	95	96	lü	67.625
605	9	Re5	D5	327	327	3	16	469	99	96	yor	67.8125
606	9	Do5	C5	318	318	1	16	156	95	96		67.875
607	9	Si4b5	B4b5	309	309	3	16	469	99	96	sun 	68.0625
608	9	La4	A4	305	305	1	16	156	95	96		68.125
609	9	Si4b5	B4b5	309	309	1	16	156	99	96	gü	68.1875
610	9	La4	A4	305	305	1	16	156	95	96		68.25
611	9	Sol4	G4	296	296	1	4	625	50	96	lüm 	68.5
612	9	Re5	D5	327	327	1	8	312	95	96	SAZ 	68.625
613	9	Mi5b5	E5b5	331	331	1	8	312	95	96	.	68.75
614	9	Fa5#4	F5#4	344	344	1	8	312	95	96	.	68.875
615	9	Sol5	G5	349	349	1	4	625	95	96	.	69.125
616	9			-1	-1	1	4	625	100	0		69.375
617	9	Re5	D5	327	327	1	8	312	95	96	gü	69.5
618	9	Re5	D5	327	327	1	8	312	95	96	lü	69.625
619	9	Re5	D5	327	327	3	16	469	99	96	yor	69.8125
620	9	Do5	C5	318	318	1	16	156	95	96		69.875
621	9	Si4b5	B4b5	309	309	3	16	469	99	96	sun 	70.0625
622	9	La4	A4	305	305	1	16	156	95	96		70.125
623	9	Si4b5	B4b5	309	309	1	16	156	99	96	gü	70.1875
624	9	La4	A4	305	305	1	16	156	95	96		70.25
625	9	Sol4	G4	296	296	1	4	625	50	96	lüm 	70.5
626	9	Re5	D5	327	327	1	8	312	95	96	ha 	70.625
627	9	Sol5	G5	349	349	1	8	312	95	96	ha 	70.75
628	9	La5	A5	358	358	1	8	312	95	96	ha 	70.875
629	9	Si5b1	B5b1	366	366	1	4	625	95	96	ha 	71.125
630	9			-1	-1	1	8	312	100	0		71.25
631	9	Si5b1	B5b1	366	366	7	8	2187	95	96	ha 	72.125
632	9			-1	-1	1	8	312	100	0		72.25
633	9	La5	A5	358	358	1	8	312	50	96	ha 	72.375
634	9	Do6	C6	371	371	1	8	312	50	96	ha 	72.5
635	9	Si5b5	B5b5	362	362	1	8	312	50	96	ha 	72.625
636	9	La5	A5	358	358	1	8	312	50	96	ha 	72.75
637	9	Re5	D5	327	327	1	8	312	50	96	ha 	72.875
638	9	Mi5	E5	336	336	1	8	312	50	96	ha 	73
639	9	Fa5#4	F5#4	344	344	1	8	312	50	96	ha 	73.125
640	9	La5	A5	358	358	1	8	312	95	96	ha 	73.25
641	9	La5	A5	358	358	7	8	2187	95	96	ha 	74.125
642	9			-1	-1	1	8	312	100	0		74.25
643	9	Sol5	G5	349	349	1	8	312	50	96	ha 	74.375
644	9	Si5b5	B5b5	362	362	1	8	312	50	96	ha 	74.5
645	9	La5	A5	358	358	1	8	312	50	96	ha 	74.625
646	9	Sol5	G5	349	349	1	8	312	50	96	ha 	74.75
647	9	Re5	D5	327	327	1	8	312	50	96	ha 	74.875
648	9	Mi5	E5	336	336	1	8	312	50	96	ha 	75
649	9	Fa5#4	F5#4	344	344	1	8	312	50	96	ha 	75.125
650	9	Sol5	G5	349	349	1	8	312	95	96	ha 	75.25
651	9	Sol5	G5	349	349	7	8	2187	95	96	ha 	76.125
652	9			-1	-1	1	8	312	100	0		76.25
653	9	Fa5#4	F5#4	344	344	1	8	312	95	96	ha 	76.375
654	9	La5	A5	358	358	1	8	312	95	96	ha 	76.5
655	9	Sol5	G5	349	349	1	8	312	95	96	ha 	76.625
656	9	Fa5#4	F5#4	344	344	1	8	312	95	96	ha 	76.75
657	9	Sol5	G5	349	349	1	8	312	95	96	ha 	76.875
658	9	La5	A5	358	358	1	8	312	95	96	ha 	77
659	9	Si5b5	B5b5	362	362	1	8	312	95	96	ha 	77.125
660	9			-1	-1	1	8	312	100	0		77.25
661	9	Si5b5	B5b5	362	362	1	8	312	95	96	ha 	77.375
662	9	La5	A5	358	358	1	8	312	95	96	ha 	77.5
663	9	Sol5	G5	349	349	1	8	312	95	96	ha 	77.625
664	9	Fa5#4	F5#4	344	344	1	8	312	95	96	ha 	77.75
665	9	Mi5	E5	336	336	1	8	312	95	96	ha 	77.875
666	9	Re5	D5	327	327	1	8	312	95	96	ha 	78
667	9	Do5#4	C5#4	322	322	1	8	312	95	96	ha 	78.125
668	9	Re5	D5	327	327	1	8	312	95	96	SAZ 	78.25
669	9	Do5#4	C5#4	322	322	1	16	156	95	96	.	78.3125
670	9	Re5	D5	327	327	1	16	156	95	96	.	78.375
671	9	Re5	D5	327	327	1	16	156	95	96	.	78.4375
672	9	Do5#4	C5#4	322	322	1	16	156	95	96	.	78.5
673	9	Re5	D5	327	327	1	8	312	95	96	.	78.625
674	9	La4	A4	305	305	1	16	156	95	96	.	78.6875
675	9	Si4b1	B4b1	313	313	1	8	312	95	96	.	78.8125
676	9	Sol4	G4	296	296	1	16	156	95	96	.	78.875
677	9	La4	A4	305	305	1	8	312	95	96	.	79
678	9	Fa4#4	F4#4	291	291	1	8	312	95	96	.	79.125
679	9	Sol4	G4	296	296	1	4	625	95	96	.	79.375
680	9			-1	-1	1	8	312	100	0		79.5
681	9	Re5	D5	327	327	1	16	156	95	96	.	79.5625
682	9	Mi5b1	E5b1	335	335	1	16	156	95	96	.	79.625
683	9	Fa5	F5	340	340	1	16	156	95	96	.	79.6875
684	9	Sol5	G5	349	349	1	16	156	95	96	.	79.75
685	9	Fa5	F5	340	340	1	16	156	95	96	.	79.8125
686	9	Mi5b1	E5b1	335	335	1	16	156	95	96	.	79.875
687	9	Sol5	G5	349	349	1	4	625	95	96	.	80.125
688	9			-1	-1	1	4	625	100	0		80.375
689	9	Sol5	G5	349	349	1	8	312	95	96	gü	80.5
690	9	Sol5	G5	349	349	1	8	312	95	96	lü	80.625
691	9	Sol5	G5	349	349	3	16	469	99	96	yor	80.8125
692	9	Fa5	F5	340	340	1	16	156	95	96		80.875
693	9	Mi5b1	E5b1	335	335	1	16	156	99	96	sun 	80.9375
694	9	Re5	D5	327	327	1	16	156	99	96		81
695	9	Fa5	F5	340	340	1	16	156	99	96		81.0625
696	9	Sol5	G5	349	349	1	16	156	95	96		81.125
697	9	Fa5	F5	340	340	1	16	156	99	96	sa	81.1875
698	9	Mi5b1	E5b1	335	335	1	16	156	95	96		81.25
699	9	Re5	D5	327	327	1	4	625	50	96	na 	81.5
700	9	Fa5	F5	340	340	1	16	156	95	96	SAZ 	81.5625
701	9	Sol5	G5	349	349	1	16	156	95	96	.	81.625
702	9	Sol5	G5	349	349	1	16	156	95	96	.	81.6875
703	9	Mi5b1	E5b1	335	335	1	16	156	95	96	.	81.75
704	9	Fa5	F5	340	340	1	16	156	95	96	.	81.8125
705	9	Mi5b1	E5b1	335	335	1	16	156	95	96	.	81.875
706	9	Sol5	G5	349	349	1	4	625	95	96	.	82.125
707	9			-1	-1	1	8	312	100	0		82.25
708	9	La5	A5	358	358	1	8	312	99	96	bül 	82.375
709	9	La5	A5	358	358	1	8	312	99	96		82.5
710	9	Sol5	G5	349	349	1	8	312	99	96		82.625
711	9	La5	A5	358	358	1	8	312	99	96		82.75
712	9	Sol5	G5	349	349	1	8	312	99	96		82.875
713	9	La5	A5	358	358	3	16	469	99	96		83.0625
714	9	Sol5	G5	349	349	1	16	156	99	96		83.125
715	9	Fa5	F5	340	340	1	8	312	95	96		83.25
716	9	Sol5	G5	349	349	1	8	312	99	96	bül	83.375
717	9	Sol5	G5	349	349	1	8	312	99	96		83.5
718	9	Fa5	F5	340	340	1	8	312	99	96		83.625
719	9	Sol5	G5	349	349	1	8	312	99	96		83.75
720	9	Fa5	F5	340	340	1	8	312	99	96		83.875
721	9	Sol5	G5	349	349	3	16	469	99	96		84.0625
722	9	Fa5	F5	340	340	1	16	156	99	96		84.125
723	9	Mi5b1	E5b1	335	335	1	8	312	95	96		84.25
724	9	Fa5	F5	340	340	1	8	312	99	96	bül 	84.375
725	9	Fa5	F5	340	340	1	8	312	99	96		84.5
726	9	Mi5b1	E5b1	335	335	1	8	312	99	96		84.625
727	9	Fa5	F5	340	340	1	8	312	99	96		84.75
728	9	Mi5b1	E5b1	335	335	1	8	312	99	96		84.875
729	9	Fa5	F5	340	340	3	16	469	99	96		85.0625
730	9	Mi5b1	E5b1	335	335	1	16	156	99	96		85.125
731	9	Re5	D5	327	327	1	4	625	95	96		85.375
732	9	Mi5b1	E5b1	335	335	1	8	312	95	96	ba	85.5
733	9	Fa5	F5	340	340	1	8	312	95	96	ka	85.625
734	9	Sol5	G5	349	349	1	4	625	95	96	rak 	85.875
735	9			-1	-1	1	4	625	100	0		86.125
736	9			-1	-1	1	8	312	100	0		86.25
737	9	Sol5	G5	349	349	5	8	1562	99	96	im	86.875
738	9	Fa5#4	F5#4	344	344	1	8	312	99	96		87
739	9	Sol5	G5	349	349	1	8	312	95	96		87.125
740	9	La5	A5	358	358	3	4	1875	95	96		87.875
741	9	Do6	C6	371	371	1	16	156	99	96	re	87.9375
742	9	Do6	C6	371	371	1	16	156	95	96		88
743	9	Si5b1	B5b1	366	366	1	16	156	99	96	ni	88.0625
744	9	La5	A5	358	358	1	16	156	95	96		88.125
745	9	Sol5	G5	349	349	1	16	156	95	96	yor  	88.1875
746	9			-1	-1	1	8	312	100	0		88.3125
747	9	Sol5	G5	349	349	1	16	156	95	96	SAZ 	88.375
748	9	Fa5#4	F5#4	344	344	1	16	156	95	96	.	88.4375
749	9	Sol5	G5	349	349	1	16	156	95	96	.	88.5
750	9	Mi5	E5	336	336	1	16	156	95	96	.	88.5625
751	9	Fa5#4	F5#4	344	344	1	16	156	95	96	.	88.625
752	9	Re5	D5	327	327	1	16	156	95	96	.	88.6875
753	9	Mi5	E5	336	336	1	16	156	95	96	.	88.75
754	9	Do5	C5	318	318	1	16	156	95	96	.	88.8125
755	9	Re5	D5	327	327	1	16	156	95	96	.	88.875
756	9	Si4b1	B4b1	313	313	1	16	156	95	96	.	88.9375
757	9	Do5	C5	318	318	1	16	156	95	96	.	89
758	9	La4	A4	305	305	1	16	156	95	96	.	89.0625
759	9	Si4b1	B4b1	313	313	1	16	156	95	96	.	89.125
760	9	Sol4	G4	296	296	1	8	312	95	96	.	89.25
761	9	Do5	C5	318	318	1	8	312	95	96	.	89.375
762	9			-1	-1	1	4	625	100	0		89.625
763	9	Si4b1	B4b1	313	313	1	8	312	95	96	Ha 	89.75
764	9	Re5	D5	327	327	1	8	312	95	96	ha 	89.875
765	9			-1	-1	1	4	625	100	0		90.125
766	9	Do5	C5	318	318	1	8	312	50	96	SAZ 	90.25
767	9	Mi5	E5	336	336	1	8	312	50	96	.	90.375
768	9	Re5	D5	327	327	1	8	312	50	96	.	90.5
769	9	Sol5	G5	349	349	1	8	312	50	96	.	90.625
770	9	Fa5#4	F5#4	344	344	1	8	312	50	96	.	90.75
771	9	La5	A5	358	358	1	8	312	50	96	.	90.875
772	9			-1	-1	1	4	625	100	0		91.125
773	9	Sol5	G5	349	349	1	8	312	50	96	ha 	91.25
774	9	Si5b1	B5b1	366	366	1	8	312	50	96	ha 	91.375
775	9			-1	-1	1	4	625	100	0		91.625
776	9	Sol5	G5	349	349	1	8	312	50	96	SAZ 	91.75
777	9	Si5b1	B5b1	366	366	1	8	312	50	96	.	91.875
778	9			-1	-1	1	4	625	100	0		92.125
779	9	Sol5	G5	349	349	1	8	312	95	96	ha 	92.25
780	9	Si5b1	B5b1	366	366	1	8	312	95	96	ha 	92.375
781	9	Sol5	G5	349	349	1	8	312	95	96	ha 	92.5
782	9	Si5b1	B5b1	366	366	1	8	312	95	96	ha 	92.625
783	9	Sol5	G5	349	349	1	8	312	95	96	ha 	92.75
784	9	Si5b1	B5b1	366	366	1	8	312	95	96	ha 	92.875
785	9			-1	-1	1	8	312	100	0		93
786	9	Si5b1	B5b1	366	366	1	8	312	50	96	SAZ 	93.125
787	9	Do6	C6	371	371	1	8	312	50	96	.	93.25
788	9	La5	A5	358	358	1	8	312	50	96	.	93.375
789	9			-1	-1	1	8	312	100	0		93.5
790	9	La5	A5	358	358	1	8	312	95	96	ha 	93.625
791	9	Re6	D6	380	380	5	4	3125	99	96	ha  	94.875
792	9	Do6	C6	371	371	1	16	156	99	96		94.9375
793	9	Si5b1	B5b1	366	366	1	16	156	99	96		95
794	9	La5	A5	358	358	1	16	156	99	96		95.0625
795	9	Sol5	G5	349	349	1	16	156	95	96		95.125
796	9	Fa5#4	F5#4	344	344	1	1	2500	95	96		96.125
797	9	Sol5	G5	349	349	3	16	469	99	96	Ah 	96.3125
798	9	Fa5#4	F5#4	344	344	1	16	156	95	96		96.375
799	9	Mi5	E5	336	336	1	8	312	95	96	o 	96.5
800	9	Fa5#4	F5#4	344	344	1	8	312	95	96	ya	96.625
801	10	Sol5	G5	349	349	1	8	312	99	96	nak	96.75
802	8	La5	A5	358	358	0	0	0	99	96		96.75
803	9	Sol5	G5	349	349	1	16	156	99	96		96.8125
804	9	Fa5#4	F5#4	344	344	1	16	156	95	96		96.875
805	9	Sol5	G5	349	349	1	4	625	95	96	lar 	97.125
806	9	Mi5	E5	336	336	1	8	312	95	96	SAZ 	97.25
807	9	Sol5	G5	349	349	1	8	312	95	96	.	97.375
808	9	Mi5	E5	336	336	1	8	312	95	96	.	97.5
809	9	Sol5	G5	349	349	1	8	312	95	96	.	97.625
810	9			-1	-1	1	8	312	100	0		97.75
811	9	Fa5#4	F5#4	344	344	1	16	156	95	96	.	97.8125
812	9	Mi5	E5	336	336	1	16	156	95	96	.	97.875
813	9	Sol5	G5	349	349	1	4	625	50	96	.	98.125
814	9	Mi5	E5	336	336	1	8	312	95	96	.	98.25
815	9	Sol5	G5	349	349	1	8	312	95	96	.	98.375
816	9	Mi5	E5	336	336	1	8	312	95	96	.	98.5
817	9	Sol5	G5	349	349	1	8	312	95	96	.	98.625
818	9			-1	-1	1	8	312	100	0		98.75
819	9	Fa5#4	F5#4	344	344	1	16	156	95	96	.	98.8125
820	9	Mi5	E5	336	336	1	16	156	95	96	.	98.875
821	9	Sol5	G5	349	349	1	4	625	50	96	.	99.125
822	9			-1	-1	1	4	625	100	0		99.375
823	9	Fa5#4	F5#4	344	344	1	8	312	95	96	ne 	99.5
824	9	Sol5	G5	349	349	1	8	312	95	96	gü	99.625
825	10	La5	A5	358	358	1	8	312	99	96	zel 	99.75
826	8	Si5b1	B5b1	366	366	0	0	0	99	96		99.75
827	9	La5	A5	358	358	1	16	156	99	96		99.8125
828	9	Sol5	G5	349	349	1	16	156	95	96		99.875
829	9	La5	A5	358	358	1	4	625	95	96	de 	100.125
830	9	Fa5#4	F5#4	344	344	1	8	312	95	96	SAZ 	100.25
831	9	La5	A5	358	358	1	8	312	95	96	.	100.375
832	9	Fa5#4	F5#4	344	344	1	8	312	95	96	.	100.5
833	9	La5	A5	358	358	1	8	312	95	96	.	100.625
834	9			-1	-1	1	8	312	100	0		100.75
835	9	Sol5	G5	349	349	1	16	156	95	96	.	100.8125
836	9	Fa5#4	F5#4	344	344	1	16	156	95	96	.	100.875
837	9	La5	A5	358	358	1	4	625	50	96	.	101.125
838	9	Fa5#4	F5#4	344	344	1	8	312	95	96	.	101.25
839	9	La5	A5	358	358	1	8	312	95	96	.	101.375
840	9	Fa5#4	F5#4	344	344	1	8	312	95	96	.	101.5
841	9	La5	A5	358	358	1	8	312	95	96	.	101.625
842	9			-1	-1	1	8	312	100	0		101.75
843	9	Sol5	G5	349	349	1	16	156	95	96	.	101.8125
844	9	Fa5#4	F5#4	344	344	1	16	156	95	96	.	101.875
845	9	La5	A5	358	358	1	4	625	50	96	.	102.125
846	9			-1	-1	1	4	625	100	0		102.375
847	9	Mi5	E5	336	336	1	8	312	95	96	a	102.5
848	9	Fa5#4	F5#4	344	344	1	8	312	95	96	çý	102.625
849	9	Sol5	G5	349	349	3	2	3750	95	96	lýp 	104.125
850	9			-1	-1	1	8	312	100	0		104.25
851	9	Sol5	G5	349	349	1	16	156	99	96	gül 	104.3125
852	9	La5	A5	358	358	1	16	156	99	96		104.375
853	9	Fa5#4	F5#4	344	344	1	16	156	99	96		104.4375
854	9	Sol5	G5	349	349	1	16	156	99	96		104.5
855	9	Mi5	E5	336	336	1	16	156	99	96		104.5625
856	9	Fa5#4	F5#4	344	344	1	16	156	99	96		104.625
857	9	Re5	D5	327	327	1	8	312	99	96		104.75
858	9	Do5	C5	318	318	1	8	312	99	96		104.875
859	9	Mi5	E5	336	336	1	4	625	50	96		105.125
860	9			-1	-1	1	8	312	100	0		105.25
861	9	Mi5	E5	336	336	1	16	156	99	96	gül 	105.3125
862	9	Fa5	F5	340	340	1	16	156	99	96		105.375
863	9	Re5	D5	327	327	1	16	156	99	96		105.4375
864	9	Mi5	E5	336	336	1	16	156	99	96		105.5
865	9	Do5	C5	318	318	1	16	156	99	96		105.5625
866	9	Re5	D5	327	327	1	16	156	99	96		105.625
867	9	Si4b1	B4b1	313	313	1	8	312	99	96		105.75
868	9	La4	A4	305	305	1	8	312	99	96		105.875
869	9	Re5	D5	327	327	1	4	625	50	96		106.125
870	9			-1	-1	1	8	312	100	0		106.25
871	9	Re5	D5	327	327	1	16	156	99	96	gül	106.3125
872	9	Mi5	E5	336	336	1	16	156	99	96		106.375
873	9	Do5	C5	318	318	1	16	156	99	96		106.4375
874	9	Re5	D5	327	327	1	16	156	99	96		106.5
875	9	Si4b1	B4b1	313	313	1	16	156	99	96		106.5625
876	9	Do5	C5	318	318	1	16	156	99	96		106.625
877	9	La4	A4	305	305	1	8	312	99	96		106.75
878	9	Sol4	G4	296	296	1	8	312	99	96		106.875
879	9	Do5	C5	318	318	1	4	625	95	96		107.125
880	9	La4	A4	305	305	3	4	1875	95	96		107.875
881	10	Do5	C5	318	318	1	16	156	99	96	le	107.9375
882	8	Re5	D5	327	327	0	0	0	99	96		107.9375
883	9	Do5	C5	318	318	1	16	156	95	96		108
884	9	Si4b1	B4b1	313	313	1	16	156	99	96	þi	108.0625
885	9	La4	A4	305	305	1	16	156	95	96		108.125
886	9	Sol4	G4	296	296	3	4	1875	95	96	yor  	108.875
887	9			-1	-1	1	4	625	100	0		109.125
