Sira	Kod	Nota53	NotaAE	Koma53	KomaAE	Pay	Payda	Ms	LNS	Bas	Soz1	Offset
1	9	Sol4	G4	296	296	1	8	270	95	96	1. HANE	0.125
2	9	La4	A4	305	305	1	8	270	95	96		0.25
3	9	Sol4	G4	296	296	1	8	270	95	96		0.375
4	9	Fa4#4	F4#4	291	291	1	8	270	95	96		0.5
5	9	Sol4	G4	296	296	1	4	541	95	96		0.75
6	9			-1	-1	1	4	541	100	0		1
7	9	La4	A4	305	305	1	4	541	95	96		1.25
8	9	Sol4	G4	296	296	1	8	270	95	96		1.375
9	9	Fa4#4	F4#4	291	291	1	8	270	95	96		1.5
10	9	Sol4	G4	296	296	1	4	541	95	96		1.75
11	9	La4	A4	305	305	1	8	270	95	96		1.875
12	9	Sol4	G4	296	296	1	8	270	95	96		2
13	9	La4	A4	305	305	1	4	541	95	96		2.25
14	9	Si4b1	B4b1	313	313	1	8	270	95	96		2.375
15	9	La4	A4	305	305	1	8	270	95	96		2.5
16	9	Si4b1	B4b1	313	313	1	4	541	95	96		2.75
17	9	Do5	C5	318	318	1	8	270	95	96		2.875
18	9	Si4b1	B4b1	313	313	1	8	270	95	96		3
19	9	Do5	C5	318	318	1	8	270	95	96		3.125
20	9	Re5	D5	327	327	1	8	270	95	96		3.25
21	9	Do5	C5	318	318	1	8	270	95	96		3.375
22	9	Si4b1	B4b1	313	313	1	8	270	95	96		3.5
23	9	Do5	C5	318	318	1	4	541	95	96		3.75
24	9	Re5	D5	327	327	1	8	270	95	96		3.875
25	9	Mi5	E5	336	336	1	8	270	95	96		4
26	9	Re5	D5	327	327	1	8	270	95	96		4.125
27	9	Do5	C5	318	318	1	8	270	95	96		4.25
28	9	Si4b1	B4b1	313	313	1	2	1081	95	96		4.75
29	9	Do5	C5	318	318	1	4	541	95	96		5
30	9	Si4b1	B4b1	313	313	1	8	270	95	96		5.125
31	9	La4	A4	305	305	1	8	270	95	96		5.25
32	9	Sol4	G4	296	296	1	4	541	95	96		5.5
33	9			-1	-1	1	4	541	100	0		5.75
34	9	Do5	C5	318	318	1	8	270	95	96		5.875
35	9	Si4b1	B4b1	313	313	1	8	270	95	96		6
36	9	La4	A4	305	305	1	2	1081	95	96		6.5
37	9	Si4b5	B4b5	309	309	1	4	541	95	96		6.75
38	9	La4	A4	305	305	1	4	541	95	96		7
39	9	Sol4	G4	296	296	1	2	1081	95	96		7.5
40	9	La4	A4	305	305	1	8	270	95	96		7.625
41	9	Si4b5	B4b5	309	309	1	8	270	95	96		7.75
42	9	La4	A4	305	305	1	8	270	95	96		7.875
43	9	Sol4	G4	296	296	1	8	270	95	96		8
44	9	La4	A4	305	305	1	8	270	95	96		8.125
45	9	Sol4	G4	296	296	1	8	270	95	96		8.25
46	9	Fa4#4	F4#4	291	291	1	8	270	95	96		8.375
47	9	Mi4	E4	283	283	1	8	270	95	96		8.5
48	9	Fa4#4	F4#4	291	291	1	2	1081	95	96		9
49	9			-1	-1	1	4	541	100	0		9.25
50	9	La4	A4	305	305	1	2	1081	95	96		9.75
51	9	Sol4	G4	296	296	1	4	541	95	96		10
52	9	La4	A4	305	305	1	8	270	95	96		10.125
53	9	Si4b1	B4b1	313	313	1	8	270	95	96		10.25
54	9	La4	A4	305	305	1	8	270	95	96		10.375
55	9	Sol4	G4	296	296	1	8	270	95	96		10.5
56	9	La4	A4	305	305	1	4	541	95	96		10.75
57	9	Si4b1	B4b1	313	313	1	4	541	95	96		11
58	9			-1	-1	1	4	541	100	0		11.25
59	9	Sol4	G4	296	296	1	2	1081	95	96		11.75
60	9	La4	A4	305	305	1	4	541	95	96		12
61	9	Si4b1	B4b1	313	313	3	8	811	95	96		12.375
62	9	Do5	C5	318	318	1	8	270	95	96		12.5
63	9	Si4b1	B4b1	313	313	3	16	405	95	96		12.6875
64	9	La4	A4	305	305	1	16	135	95	96		12.75
65	9	Sol4	G4	296	296	1	4	541	95	96		13
66	9	La4	A4	305	305	1	2	1081	95	96		13.5
67	9	Si4b5	B4b5	309	309	1	4	541	95	96		13.75
68	9	La4	A4	305	305	1	4	541	95	96		14
69	9	Sol4	G4	296	296	1	4	541	95	96		14.25
70	9			-1	-1	1	4	541	100	0		14.5
71	9	La4	A4	305	305	1	8	270	95	96		14.625
72	9	Si4b1	B4b1	313	313	1	8	270	95	96		14.75
73	9	La4	A4	305	305	1	8	270	95	96		14.875
74	9	Sol4	G4	296	296	1	8	270	95	96		15
75	9	Sol4	G4	296	296	1	8	270	95	96		15.125
76	9	Fa4#4	F4#4	291	291	1	16	135	95	96		15.1875
77	9	Mi4	E4	283	283	1	16	135	95	96		15.25
78	9	Fa4#4	F4#4	291	291	1	8	270	95	96		15.375
79	9	Sol4	G4	296	296	1	8	270	95	96		15.5
80	9	Fa4#4	F4#4	291	291	3	16	405	95	96		15.6875
81	9	Mi4	E4	283	283	1	16	135	95	96		15.75
82	9	Re4	D4	274	274	1	4	541	95	96		16
83	9			-1	-1	1	4	541	100	0		16.25
84	9	Mi4	E4	283	283	1	2	1081	95	96		16.75
85	9	Fa4#4	F4#4	291	291	1	4	541	95	96		17
86	9	Sol4	G4	296	296	1	4	541	95	96		17.25
87	9			-1	-1	1	4	541	100	0		17.5
88	9	La4	A4	305	305	1	4	541	95	96		17.75
89	9	Si4b1	B4b1	313	313	1	8	270	95	96		17.875
90	9	Do5	C5	318	318	1	8	270	95	96		18
91	9	Si4b1	B4b1	313	313	1	8	270	95	96		18.125
92	9	La4	A4	305	305	1	8	270	95	96		18.25
93	9	Sol4	G4	296	296	1	2	1081	95	96		18.75
94	9	La4	A4	305	305	1	12	180	95	96		18.83333
95	9	Sol4	G4	296	296	1	12	180	95	96		18.91667
96	9	La4	A4	305	305	1	12	180	95	96		19
97	9	Sol4	G4	296	296	1	2	1081	95	96		19.5
98	9	Fa4#4	F4#4	291	291	3	16	405	95	96		19.6875
99	9	Mi4	E4	283	283	1	16	135	95	96		19.75
100	9	Re4	D4	274	274	1	4	541	95	96		20
101	9			-1	-1	1	4	541	100	0		20.25
102	9	Mi4	E4	283	283	1	2	1081	95	96		20.75
103	9	Fa4#4	F4#4	291	291	1	4	541	95	96		21
104	9	Sol4	G4	296	296	1	8	270	95	96		21.125
105	9	La4	A4	305	305	1	8	270	95	96		21.25
106	9	Sol4	G4	296	296	1	8	270	95	96		21.375
107	9	Fa4#4	F4#4	291	291	1	8	270	95	96		21.5
108	9	Sol4	G4	296	296	1	4	541	95	96		21.75
109	9	La4	A4	305	305	1	4	541	95	96		22
110	9	Fa4#4	F4#4	291	291	3	4	1622	95	96		22.75
111	9	Sol4	G4	296	296	1	4	541	95	96		23
112	9	La4	A4	305	305	3	8	811	95	96		23.375
113	9	Sol4	G4	296	296	1	8	270	95	96		23.5
114	9	La4	A4	305	305	1	8	270	95	96		23.625
115	9	Sol4	G4	296	296	1	8	270	95	96		23.75
116	9	La4	A4	305	305	1	8	270	95	96		23.875
117	9	Si4b1	B4b1	313	313	1	8	270	95	96		24
118	9			-1	-1	1	4	541	100	0		24.25
119	9	Sol4	G4	296	296	1	2	1081	95	96		24.75
120	9	La4	A4	305	305	1	4	541	95	96		25
121	9	Si4b1	B4b1	313	313	1	8	270	95	96		25.125
122	9	Do5	C5	318	318	1	8	270	95	96		25.25
123	9	Si4b1	B4b1	313	313	1	8	270	95	96		25.375
124	9	La4	A4	305	305	1	8	270	95	96		25.5
125	9	Si4b1	B4b1	313	313	1	4	541	95	96		25.75
126	9	Do5	C5	318	318	1	4	541	95	96		26
127	9			-1	-1	1	4	541	100	0		26.25
128	9	La4	A4	305	305	1	2	1081	95	96		26.75
129	9	Si4b1	B4b1	313	313	1	4	541	95	96		27
130	9	Do5	C5	318	318	3	8	811	95	96		27.375
131	9	Si4b1	B4b1	313	313	1	8	270	95	96		27.5
132	9	Do5	C5	318	318	1	4	541	95	96		27.75
133	9	Re5	D5	327	327	1	4	541	95	96		28
134	9			-1	-1	1	4	541	100	0		28.25
135	9	Si4b1	B4b1	313	313	1	8	270	95	96		28.375
136	9	Do5	C5	318	318	1	8	270	95	96		28.5
137	9	Si4b1	B4b1	313	313	1	4	541	95	96		28.75
138	9	Do5	C5	318	318	1	4	541	95	96		29
139	9	Re5	D5	327	327	1	4	541	95	96		29.25
140	9	Mi5	E5	336	336	1	8	270	95	96		29.375
141	9	Re5	D5	327	327	1	8	270	95	96		29.5
142	9	Mi5	E5	336	336	1	2	1081	95	96		30
143	9	Re5	D5	327	327	1	4	541	95	96		30.25
144	9			-1	-1	1	4	541	100	0		30.5
145	9	Mi5	E5	336	336	1	8	270	95	96	TESLÝM	30.625
146	9	Fa5	F5	340	340	1	8	270	95	96		30.75
147	9	Mi5	E5	336	336	1	8	270	95	96		30.875
148	9	Re5	D5	327	327	1	8	270	95	96		31
149	9	Do5	C5	318	318	1	4	541	95	96		31.25
150	9			-1	-1	1	4	541	100	0		31.5
151	9	Re5	D5	327	327	1	8	270	95	96		31.625
152	9	Mi5	E5	336	336	1	8	270	95	96		31.75
153	9	Re5	D5	327	327	1	8	270	95	96		31.875
154	9	Do5	C5	318	318	1	8	270	95	96		32
155	9	Si4b1	B4b1	313	313	1	4	541	95	96		32.25
156	9			-1	-1	1	4	541	100	0		32.5
157	9	Do5	C5	318	318	1	8	270	95	96		32.625
158	9	Re5	D5	327	327	1	8	270	95	96		32.75
159	9	Do5	C5	318	318	1	8	270	95	96		32.875
160	9	Si4b1	B4b1	313	313	1	8	270	95	96		33
161	9	La4	A4	305	305	1	4	541	95	96		33.25
162	9			-1	-1	1	4	541	100	0		33.5
163	9	Si4b1	B4b1	313	313	1	8	270	95	96		33.625
164	9	Do5	C5	318	318	1	8	270	95	96		33.75
165	9	Si4b1	B4b1	313	313	1	8	270	95	96		33.875
166	9	La4	A4	305	305	1	8	270	95	96		34
167	9	Sol4	G4	296	296	1	4	541	95	96		34.25
168	9			-1	-1	1	4	541	95	96		34.5
169	9	La4	A4	305	305	1	8	270	95	96		34.625
170	9	Si4b1	B4b1	313	313	1	8	270	95	96		34.75
171	9	La4	A4	305	305	1	8	270	95	96		34.875
172	9	Sol4	G4	296	296	1	8	270	95	96		35
173	9	Fa4#4	F4#4	291	291	3	8	811	95	96		35.375
174	9	Sol4	G4	296	296	1	8	270	95	96		35.5
175	9	Fa4#4	F4#4	291	291	3	16	405	95	96		35.6875
176	9	Mi4	E4	283	283	1	16	135	95	96		35.75
177	9	Re4	D4	274	274	1	4	541	95	96		36
178	9			-1	-1	1	4	541	100	0		36.25
179	9	Mi4	E4	283	283	1	2	1081	95	96		36.75
180	9	Fa4#4	F4#4	291	291	1	4	541	95	96		37
181	9	Sol4	G4	296	296	1	2	1081	95	96		37.5
182	9	La4	A4	305	305	1	4	541	95	96		37.75
183	9	Si4b1	B4b1	313	313	1	8	270	95	96		37.875
184	9	Do5	C5	318	318	1	8	270	95	96		38
185	9	Si4b1	B4b1	313	313	1	8	270	95	96		38.125
186	9	La4	A4	305	305	1	8	270	95	96		38.25
187	9	Sol4	G4	296	296	3	4	1622	95	96		39
188	9	La4	A4	305	305	1	12	180	95	96		39.08333
189	9	Sol4	G4	296	296	1	12	180	95	96		39.16667
190	9	La4	A4	305	305	1	12	180	95	96		39.25
191	9	Sol4	G4	296	296	1	2	1081	95	96		39.75
192	9			-1	-1	1	4	541	100	96		40
193	9			-1	-1	1	4	541	100	0		40.25
194	9	Si4b1	B4b1	313	313	1	2	1081	95	96	2. HANE	40.75
195	9	Do5	C5	318	318	1	4	541	95	96		41
196	9	Do5	C5	318	318	1	8	270	95	96		41.125
197	9	Re5	D5	327	327	1	8	270	95	96		41.25
198	9	Do5	C5	318	318	1	8	270	95	96		41.375
199	9	Si4b1	B4b1	313	313	1	8	270	95	96		41.5
200	9	Si4b1	B4b1	313	313	1	8	270	95	96		41.625
201	9	Do5	C5	318	318	1	8	270	95	96		41.75
202	9	Si4b1	B4b1	313	313	1	8	270	95	96		41.875
203	9	La4	A4	305	305	1	8	270	95	96		42
204	9	Si4b1	B4b1	313	313	1	8	270	95	96		42.125
205	9	Do5	C5	318	318	1	8	270	95	96		42.25
206	9	Re5	D5	327	327	1	8	270	95	96		42.375
207	9	Do5	C5	318	318	1	8	270	95	96		42.5
208	9	Si4b1	B4b1	313	313	1	8	270	95	96		42.625
209	9	Do5	C5	318	318	1	8	270	95	96		42.75
210	9	Si4b1	B4b1	313	313	1	8	270	95	96		42.875
211	9	La4	A4	305	305	1	8	270	95	96		43
212	9	Si4b1	B4b1	313	313	3	16	405	95	96		43.1875
213	9	La4	A4	305	305	1	16	135	95	96		43.25
214	9	Sol4	G4	296	296	1	2	1081	95	96		43.75
215	9	La4	A4	305	305	1	8	270	95	96		43.875
216	9	Si4b1	B4b1	313	313	1	8	270	95	96		44
217	9	La4	A4	305	305	1	8	270	95	96		44.125
218	9	Si4b5	B4b5	309	309	1	8	270	95	96		44.25
219	9	La4	A4	305	305	1	8	270	95	96		44.375
220	9	Sol4	G4	296	296	1	8	270	95	96		44.5
221	9	La4	A4	305	305	1	8	270	95	96		44.625
222	9	Sol4	G4	296	296	1	8	270	95	96		44.75
223	9	Fa4#4	F4#4	291	291	1	8	270	95	96		44.875
224	9	Sol4	G4	296	296	1	8	270	95	96		45
225	9	Fa4#4	F4#4	291	291	1	4	541	95	96		45.25
226	9	Sol4	G4	296	296	1	4	541	95	96		45.5
227	9	La4	A4	305	305	1	4	541	95	96		45.75
228	9	Si4b5	B4b5	309	309	1	8	270	95	96		45.875
229	9	La4	A4	305	305	1	8	270	95	96		46
230	9	Sol4	G4	296	296	1	2	1081	95	96		46.5
231	9	La4	A4	305	305	1	8	270	95	96		46.625
232	9	Si4b1	B4b1	313	313	1	8	270	95	96		46.75
233	9	La4	A4	305	305	1	8	270	95	96		46.875
234	9	Sol4	G4	296	296	1	8	270	95	96		47
235	9	Fa4#4	F4#4	291	291	1	8	270	95	96		47.125
236	9	Mi4	E4	283	283	1	8	270	95	96		47.25
237	9	Fa4#4	F4#4	291	291	1	2	1081	95	96		47.75
238	9	Re5	D5	327	327	1	4	541	95	96		48
239	9	Do5	C5	318	318	3	8	811	95	96		48.375
240	9	Re5b3	D5b4	324	323	1	8	270	95	96		48.5
241	9	Re5b3	D5b4	324	323	3	8	811	95	96		48.875
242	9	Do5	C5	318	318	1	8	270	95	96		49
243	9	Si4b1	B4b1	313	313	1	4	541	95	96		49.25
244	9			-1	-1	1	4	541	100	0		49.5
245	9	Do5	C5	318	318	1	8	270	95	96		49.625
246	9	Re5b3	D5b4	324	323	1	8	270	95	96		49.75
247	9	Mi5	E5	336	336	1	8	270	95	96		49.875
248	9	Re5b3	D5b4	324	323	1	8	270	95	96		50
249	9	Do5	C5	318	318	1	8	270	95	96		50.125
250	9	Re5b3	D5b4	324	323	1	8	270	95	96		50.25
251	9	Do5	C5	318	318	1	8	270	95	96		50.375
252	9	Si4b1	B4b1	313	313	1	8	270	95	96		50.5
253	9	La4	A4	305	305	1	4	541	95	96		50.75
254	9	Si4b1	B4b1	313	313	1	8	270	95	96		50.875
255	9	Do5	C5	318	318	1	8	270	95	96		51
256	9	Si4b1	B4b1	313	313	1	4	541	95	96		51.25
257	9	Do5	C5	318	318	1	8	270	95	96		51.375
258	9	Re5	D5	327	327	1	8	270	95	96		51.5
259	9	Do5	C5	318	318	1	8	270	95	96		51.625
260	9	Si4b1	B4b1	313	313	1	8	270	95	96		51.75
261	9	La4	A4	305	305	1	4	541	95	96		52
262	9	La4	A4	305	305	1	8	270	95	96		52.125
263	9	Sol4	G4	296	296	1	8	270	95	96		52.25
264	9	Fa4#4	F4#4	291	291	1	8	270	95	96		52.375
265	9	Sol4	G4	296	296	1	8	270	95	96		52.5
266	9	Fa4#4	F4#4	291	291	1	4	541	95	96		52.75
267	9	Sol4	G4	296	296	1	4	541	95	96		53
268	9	La4	A4	305	305	3	8	811	95	96		53.375
269	9	Sol4	G4	296	296	1	8	270	95	96		53.5
270	9	La4	A4	305	305	1	4	541	95	96		53.75
271	9	Si4b1	B4b1	313	313	1	8	270	95	96		53.875
272	9	Do5	C5	318	318	1	8	270	95	96		54
273	9	Si4b1	B4b1	313	313	3	16	405	95	96		54.1875
274	9	La4	A4	305	305	1	16	135	95	96		54.25
275	9	Sol4	G4	296	296	1	2	1081	95	96		54.75
276	9	Mi5	E5	336	336	1	12	180	95	96		54.83333
277	9	Re5	D5	327	327	1	12	180	95	96		54.91667
278	9	Mi5	E5	336	336	1	12	180	95	96		55
279	9	Re5	D5	327	327	3	8	811	95	96		55.375
280	9	Si4b1	B4b1	313	313	1	8	270	95	96		55.5
281	9	Do5	C5	318	318	1	8	270	95	96		55.625
282	9	Si4b1	B4b1	313	313	1	8	270	95	96		55.75
283	9	Re5	D5	327	327	1	4	541	95	96		56
284	9	Do5	C5	318	318	1	8	270	95	96		56.125
285	9	Re5	D5	327	327	1	8	270	95	96		56.25
286	9	Do5	C5	318	318	1	8	270	95	96		56.375
287	9	Si4b1	B4b1	313	313	1	8	270	95	96		56.5
288	9	Do5	C5	318	318	1	4	541	95	96		56.75
289	9	Re5	D5	327	327	1	8	270	95	96		56.875
290	9	Mi5	E5	336	336	1	8	270	95	96		57
291	9	Re5	D5	327	327	1	4	541	95	96		57.25
292	9			-1	-1	1	4	541	100	0		57.5
293	9	Mi5	E5	336	336	1	8	270	95	96		57.625
294	9	Fa5#4	F5#4	344	344	1	8	270	95	96		57.75
295	9	Sol5	G5	349	349	1	8	270	95	96		57.875
296	9	La5	A5	358	358	1	8	270	95	96		58
297	9	Fa5#4	F5#4	344	344	1	4	541	95	96		58.25
298	9	Sol5	G5	349	349	1	2	1081	95	96		58.75
299	9	Fa5#4	F5#4	344	344	1	8	270	95	96		58.875
300	9	Mi5	E5	336	336	1	8	270	95	96		59
301	9	Re5	D5	327	327	3	8	811	95	96		59.375
302	9	Mi5	E5	336	336	1	8	270	95	96		59.5
303	9	Re5	D5	327	327	1	8	270	95	96		59.625
304	9	Do5	C5	318	318	1	8	270	95	96		59.75
305	9	Si4b1	B4b1	313	313	1	4	541	95	96		60
306	9	Mi5	E5	336	336	1	8	270	95	96		60.125
307	9	Re5	D5	327	327	1	8	270	95	96		60.25
308	9	Do5	C5	318	318	1	8	270	95	96		60.375
309	9	Si4b1	B4b1	313	313	1	8	270	95	96		60.5
310	9	La4	A4	305	305	3	8	811	95	96		60.875
311	9	Si4b1	B4b1	313	313	1	8	270	95	96		61
312	9	La4	A4	305	305	1	4	541	95	96		61.25
313	9	Sol4	G4	296	296	1	4	541	95	96		61.5
314	9	La4	A4	305	305	1	8	270	95	96		61.625
315	9	Si4b1	B4b1	313	313	1	8	270	95	96		61.75
316	9	Do5	C5	318	318	1	8	270	95	96		61.875
317	9	Re5	D5	327	327	1	8	270	95	96		62
318	9	Do5	C5	318	318	1	4	541	95	96		62.25
319	9	Re5	D5	327	327	1	2	1081	95	96		62.75
320	9	Mi5	E5	336	336	1	4	541	95	96		63
321	9	Re5	D5	327	327	1	8	270	95	96		63.125
322	9	Mi5	E5	336	336	1	8	270	95	96		63.25
323	9	Re5	D5	327	327	1	8	270	95	96		63.375
324	9	Do5	C5	318	318	1	8	270	95	96		63.5
325	9	Do5	C5	318	318	1	8	270	95	96		63.625
326	9	Re5	D5	327	327	1	8	270	95	96		63.75
327	9	Do5	C5	318	318	1	8	270	95	96		63.875
328	9	Si4b1	B4b1	313	313	1	8	270	95	96		64
329	9	Si4b1	B4b1	313	313	1	8	270	95	96		64.125
330	9	Do5	C5	318	318	1	8	270	95	96		64.25
331	9	Si4b1	B4b1	313	313	1	8	270	95	96		64.375
332	9	La4	A4	305	305	1	8	270	95	96		64.5
333	9	La4	A4	305	305	1	8	270	95	96		64.625
334	9	Si4b5	B4b5	309	309	1	8	270	95	96		64.75
335	9	La4	A4	305	305	1	8	270	95	96		64.875
336	9	Sol4	G4	296	296	1	8	270	95	96		65
337	9	Fa4#4	F4#4	291	291	1	4	541	95	96		65.25
338	9	Mi4	E4	283	283	1	2	1081	95	96		65.75
339	9	Fa4#4	F4#4	291	291	1	8	270	95	96		65.875
340	9	Sol4	G4	296	296	1	8	270	95	96		66
341	9	La4	A4	305	305	1	8	270	95	96		66.125
342	9	Sol4	G4	296	296	1	8	270	95	96		66.25
343	9	La4	A4	305	305	1	8	270	95	96		66.375
344	9	Si4b1	B4b1	313	313	1	8	270	95	96		66.5
345	9	La4	A4	305	305	1	4	541	95	96		66.75
346	9	Si4b1	B4b1	313	313	1	4	541	95	96		67
347	9	Sol4	G4	296	296	3	8	811	95	96		67.375
348	9	Do5	C5	318	318	1	8	270	95	96		67.5
349	9	Si4b1	B4b1	313	313	1	8	270	95	96		67.625
350	9	Do5	C5	318	318	1	8	270	95	96		67.75
351	9	La4	A4	305	305	1	8	270	95	96		67.875
352	9	Si4b1	B4b1	313	313	1	8	270	95	96		68
353	9	La4	A4	305	305	1	8	270	95	96		68.125
354	9	Si4b1	B4b1	313	313	1	8	270	95	96		68.25
355	9	La4	A4	305	305	1	8	270	95	96		68.375
356	9	Sol4	G4	296	296	1	8	270	95	96		68.5
357	9	Fa4#4	F4#4	291	291	3	16	405	95	96		68.6875
358	9	Mi4	E4	283	283	1	16	135	95	96		68.75
359	9	Re4	D4	274	274	1	4	541	95	96		69
360	9	Mi4	E4	283	283	3	8	811	95	96		69.375
361	9	Fa4#4	F4#4	291	291	1	8	270	95	96		69.5
362	9	Sol4	G4	296	296	1	4	541	95	96		69.75
363	9	La4	A4	305	305	1	8	270	95	96		69.875
364	9	Si4b5	B4b5	309	309	1	8	270	95	96		70
365	9	La4	A4	305	305	1	8	270	95	96		70.125
366	9	Sol4	G4	296	296	1	8	270	95	96		70.25
367	9	Fa4#4	F4#4	291	291	1	2	1081	95	96		70.75
368	9	La4	A4	305	305	1	12	180	95	96		70.83334
369	9	Sol4	G4	296	296	1	12	180	95	96		70.91666
370	9	La4	A4	305	305	1	12	180	95	96		71
371	9	Sol4	G4	296	296	3	4	1622	95	96		71.75
372	9			-1	-1	1	4	541	100	0		72
373	9			-1	-1	1	4	541	100	0		72.25
374	9	Sol4	G4	296	296	1	2	1081	95	96	3. HANE	72.75
375	9	La4	A4	305	305	1	4	541	95	96		73
376	9	Si4b5	B4b5	309	309	3	8	811	95	96		73.375
377	9	La4	A4	305	305	1	8	270	95	96		73.5
378	9	La4	A4	305	305	1	8	270	95	96		73.625
379	9	Sol4	G4	296	296	1	8	270	95	96		73.75
380	9	Sol4	G4	296	296	1	8	270	95	96		73.875
381	9	Fa4#4	F4#4	291	291	1	8	270	95	96		74
382	9	Sol4	G4	296	296	1	4	541	95	96		74.25
383	9			-1	-1	1	4	541	100	0		74.5
384	9	Fa4#4	F4#4	291	291	3	8	811	95	96		74.875
385	9	Sol4	G4	296	296	1	8	270	95	96		75
386	9	La4	A4	305	305	1	2	1081	95	96		75.5
387	9	Sol4	G4	296	296	3	8	811	95	96		75.875
388	9	La4	A4	305	305	1	8	270	95	96		76
389	9	Si4b1	B4b1	313	313	1	8	270	95	96		76.125
390	9	La4	A4	305	305	1	8	270	95	96		76.25
391	9	Si4b1	B4b1	313	313	1	8	270	95	96		76.375
392	9	Do5	C5	318	318	1	8	270	95	96		76.5
393	9	Si4b1	B4b1	313	313	1	4	541	95	96		76.75
394	9	Do5	C5	318	318	1	4	541	95	96		77
395	9	Si4b1	B4b1	313	313	1	8	270	95	96		77.125
396	9	Do5	C5	318	318	1	8	270	95	96		77.25
397	9	Si4b1	B4b1	313	313	1	8	270	95	96		77.375
398	9	La4	A4	305	305	1	8	270	95	96		77.5
399	9	Sol4	G4	296	296	1	4	541	95	96		77.75
400	9			-1	-1	1	4	541	100	0		78
401	9	Sol4	G4	296	296	1	8	270	95	96		78.125
402	9	La4	A4	305	305	1	8	270	95	96		78.25
403	9	Si4b1	B4b1	313	313	1	8	270	95	96		78.375
404	9	Do5	C5	318	318	1	8	270	95	96		78.5
405	9	Si4b1	B4b1	313	313	1	4	541	95	96		78.75
406	9	Do5	C5	318	318	1	4	541	95	96		79
407	9			-1	-1	1	4	541	100	0		79.25
408	9	La4	A4	305	305	1	8	270	95	96		79.375
409	9	La4	A4	305	305	1	8	270	95	96		79.5
410	9	La4	A4	305	305	1	4	541	95	96		79.75
411	9	Si4b1	B4b1	313	313	1	4	541	95	96		80
412	9	Sol4	G4	296	296	1	2	1081	95	96		80.5
413	9	Re5	D5	327	327	1	2	1081	95	96		81
414	9			-1	-1	1	4	541	100	0		81.25
415	9	Si4b1	B4b1	313	313	1	8	270	95	96		81.375
416	9	Do5	C5	318	318	1	8	270	95	96		81.5
417	9	Si4b1	B4b1	313	313	1	4	541	95	96		81.75
418	9	Do5	C5	318	318	1	4	541	95	96		82
419	9	Re5	D5	327	327	1	2	1081	95	96		82.5
420	9	Mi5	E5	336	336	1	2	1081	95	96		83
421	9	Re5	D5	327	327	1	8	270	95	96		83.125
422	9	Mi5	E5	336	336	1	8	270	95	96		83.25
423	9	Re5	D5	327	327	1	8	270	95	96		83.375
424	9	Do5	C5	318	318	1	8	270	95	96		83.5
425	9	Si4b1	B4b1	313	313	1	2	1081	95	96		84
426	9			-1	-1	1	4	541	100	0		84.25
427	9	Do5	C5	318	318	1	8	270	95	96		84.375
428	9	Si4b1	B4b1	313	313	1	8	270	95	96		84.5
429	9	Do5	C5	318	318	1	4	541	95	96		84.75
430	9	Re5	D5	327	327	1	8	270	95	96		84.875
431	9	Mi5	E5	336	336	1	8	270	95	96		85
432	9	Re5	D5	327	327	1	4	541	95	96		85.25
433	9	Do5	C5	318	318	1	8	270	95	96		85.375
434	9	Si4b1	B4b1	313	313	1	8	270	95	96		85.5
435	9	La4	A4	305	305	1	4	541	95	96		85.75
436	9			-1	-1	1	4	541	100	0		86
437	9			-1	-1	1	4	541	100	0		86.25
438	9	Si4b1	B4b1	313	313	1	8	270	95	96		86.375
439	9	La4	A4	305	305	1	8	270	95	96		86.5
440	9	Si4b1	B4b1	313	313	1	4	541	95	96		86.75
441	9	Do5	C5	318	318	1	4	541	95	96		87
442	9	Si4b1	B4b1	313	313	1	4	541	95	96		87.25
443	9	La4	A4	305	305	1	4	541	95	96		87.5
444	9	Sol4	G4	296	296	1	4	541	95	96		87.75
445	9			-1	-1	1	4	541	100	0		88
446	9	Sol4	G4	296	296	1	4	541	95	96		88.25
447	9	La4	A4	305	305	1	8	270	95	96		88.375
448	9	Si4b1	B4b1	313	313	1	8	270	95	96		88.5
449	9	La4	A4	305	305	1	8	270	95	96		88.625
450	9	Si4b1	B4b1	313	313	1	8	270	95	96		88.75
451	9	Sol4	G4	296	296	1	4	541	95	96		89
452	9	La4	A4	305	305	1	8	270	95	96		89.125
453	9	Si4b1	B4b1	313	313	1	8	270	95	96		89.25
454	9	La4	A4	305	305	1	8	270	95	96		89.375
455	9	Sol4	G4	296	296	1	8	270	95	96		89.5
456	9	La4	A4	305	305	1	4	541	95	96		89.75
457	9	Si4b1	B4b1	313	313	1	4	541	95	96		90
458	9	Sol4	G4	296	296	1	8	270	95	96		90.125
459	9	La4	A4	305	305	1	8	270	95	96		90.25
460	9	Si4b1	B4b1	313	313	1	8	270	95	96		90.375
461	9	Do5	C5	318	318	1	8	270	95	96		90.5
462	9	Si4b1	B4b1	313	313	1	8	270	95	96		90.625
463	9	Do5	C5	318	318	1	8	270	95	96		90.75
464	9	La4	A4	305	305	1	8	270	95	96		90.875
465	9	Si4b1	B4b1	313	313	1	8	270	95	96		91
466	9	Sol4	G4	296	296	1	8	270	95	96		91.125
467	9	La4	A4	305	305	1	8	270	95	96		91.25
468	9	Fa4#4	F4#4	291	291	1	8	270	95	96		91.375
469	9	Sol4	G4	296	296	1	8	270	95	96		91.5
470	9	Mi4	E4	283	283	1	8	270	95	96		91.625
471	9	Fa4#4	F4#4	291	291	1	8	270	95	96		91.75
472	9	Re4	D4	274	274	1	4	541	95	96		92
473	9	Fa4#4	F4#4	291	291	1	12	180	95	96		92.08334
474	9	Mi4	E4	283	283	1	12	180	95	96		92.16666
475	9	Fa4#4	F4#4	291	291	1	12	180	95	96		92.25
476	9	Sol4	G4	296	296	1	2	1081	95	96		92.75
477	9	Fa4#4	F4#4	291	291	1	4	541	95	96		93
478	9	Sol4	G4	296	296	1	2	1081	95	96		93.5
479	9	La4	A4	305	305	1	8	270	95	96		93.625
480	9	Si4b5	B4b5	309	309	1	8	270	95	96		93.75
481	9	La4	A4	305	305	1	8	270	95	96		93.875
482	9	Sol4	G4	296	296	1	8	270	95	96		94
483	9	La4	A4	305	305	1	4	541	95	96		94.25
484	9	Si4b1	B4b1	313	313	1	2	1081	95	96		94.75
485	9	Re5	D5	327	327	1	4	541	95	96		95
486	9	Do5	C5	318	318	1	8	270	95	96		95.125
487	9	Si4b1	B4b1	313	313	1	8	270	95	96		95.25
488	9	Si4b1	B4b1	313	313	1	8	270	95	96		95.375
489	9	La4#4	A4#4	309	309	1	8	270	95	96		95.5
490	9	Si4b1	B4b1	313	313	1	2	1081	95	96		96
491	9	Do5	C5	318	318	3	8	811	95	96		96.375
492	9	Si4b1	B4b1	313	313	1	8	270	95	96		96.5
493	9	La4	A4	305	305	1	2	1081	95	96		97
494	9	La4	A4	305	305	1	8	270	95	96		97.125
495	9	Si4b5	B4b5	309	309	1	8	270	95	96		97.25
496	9	La4	A4	305	305	1	8	270	95	96		97.375
497	9	Si4b5	B4b5	309	309	1	8	270	95	96		97.5
498	9	Do5	C5	318	318	1	8	270	95	96		97.625
499	9	Re5	D5	327	327	1	8	270	95	96		97.75
500	9	Do5	C5	318	318	1	8	270	95	96		97.875
501	9	Si4b5	B4b5	309	309	1	8	270	95	96		98
502	9	Si4b5	B4b5	309	309	1	8	270	95	96		98.125
503	9	La4	A4	305	305	1	8	270	95	96		98.25
504	9	Sol4	G4	296	296	1	2	1081	95	96		98.75
505	9	La4	A4	305	305	1	12	180	95	96		98.83334
506	9	Sol4	G4	296	296	1	12	180	95	96		98.91666
507	9	La4	A4	305	305	1	12	180	95	96		99
508	9	Sol4	G4	296	296	1	2	1081	95	96		99.5
509	9	La4	A4	305	305	1	8	270	95	96		99.625
510	9	Si4b1	B4b1	313	313	1	8	270	95	96		99.75
511	9	La4	A4	305	305	1	8	270	95	96		99.875
512	9	Sol4	G4	296	296	1	8	270	95	96		100
513	9	La4	A4	305	305	1	8	270	95	96		100.125
514	9	Sol4	G4	296	296	1	8	270	95	96		100.25
515	9	Fa4#4	F4#4	291	291	1	2	1081	95	96		100.75
516	9	Sol4	G4	296	296	1	12	180	95	96		100.8333
517	9	Fa4#4	F4#4	291	291	1	12	180	95	96		100.9167
518	9	Sol4	G4	296	296	1	12	180	95	96		101
519	9	Fa4#4	F4#4	291	291	1	2	1081	95	96		101.5
520	9	Sol4	G4	296	296	1	8	270	95	96		101.625
521	9	La4	A4	305	305	1	8	270	95	96		101.75
522	9	Sol4	G4	296	296	1	8	270	95	96		101.875
523	9	Fa4#4	F4#4	291	291	1	8	270	95	96		102
524	9	Sol4	G4	296	296	1	8	270	95	96		102.125
525	9	Fa4#4	F4#4	291	291	1	8	270	95	96		102.25
526	9	Mi4	E4	283	283	1	2	1081	95	96		102.75
527	9	Re4	D4	274	274	1	4	541	95	96		103
528	9	Mi4	E4	283	283	1	4	541	95	96		103.25
529	9	Fa4#4	F4#4	291	291	1	8	270	95	96		103.375
530	9	Mi4	E4	283	283	1	8	270	95	96		103.5
531	9	Fa4#4	F4#4	291	291	1	4	541	95	96		103.75
532	9	Sol4	G4	296	296	1	8	270	95	96		103.875
533	9	Fa4#4	F4#4	291	291	1	8	270	95	96		104
534	9	Sol4	G4	296	296	3	8	811	95	96		104.375
535	9	La4	A4	305	305	1	8	270	95	96		104.5
536	9	Sol4	G4	296	296	1	4	541	95	96		104.75
537	9	La4	A4	305	305	1	4	541	95	96		105
538	9	Sol4	G4	296	296	1	4	541	95	96		105.25
539	9	La4	A4	305	305	1	8	270	95	96		105.375
540	9	Sol4	G4	296	296	1	8	270	95	96		105.5
541	9	La4	A4	305	305	1	4	541	95	96		105.75
542	9	Si4b1	B4b1	313	313	1	8	270	95	96		105.875
543	9	La4	A4	305	305	1	8	270	95	96		106
544	9	Si4b1	B4b1	313	313	1	4	541	95	96		106.25
545	9	Do5	C5	318	318	1	8	270	95	96		106.375
546	9	Si4b1	B4b1	313	313	1	8	270	95	96		106.5
547	9	Do5	C5	318	318	1	4	541	95	96		106.75
548	9	Re5	D5	327	327	1	8	270	95	96		106.875
549	9	Do5	C5	318	318	1	8	270	95	96		107
550	9	Re5	D5	327	327	1	4	541	95	96		107.25
551	9	Mi5	E5	336	336	1	8	270	95	96		107.375
552	9	Re5	D5	327	327	1	8	270	95	96		107.5
553	9	Mi5	E5	336	336	1	4	541	95	96		107.75
554	9	Do5	C5	318	318	1	4	541	95	96		108
555	9	Re5	D5	327	327	3	8	811	95	96		108.375
556	9	Mi5	E5	336	336	1	8	270	95	96		108.5
557	9	Re5	D5	327	327	1	4	541	95	96		108.75
558	9	Mi5	E5	336	336	1	4	541	95	96		109
559	9	Do5	C5	318	318	1	8	270	95	96		109.125
560	9	Re5	D5	327	327	1	8	270	95	96		109.25
561	9	Do5	C5	318	318	1	8	270	95	96		109.375
562	9	Si4b1	B4b1	313	313	1	8	270	95	96		109.5
563	9	Do5	C5	318	318	1	4	541	95	96		109.75
564	9	Mi5	E5	336	336	1	4	541	95	96		110
565	52			0	0	1	4	0	111	0		110.25
566	9	Re5	D5	327	327	1	4	541	95	96		110.5
567	9			-1	-1	1	4	541	100	0		110.75
568	9	Mi5	E5	336	336	1	8	270	95	96	TESLÝM	110.875
569	9	Fa5	F5	340	340	1	8	270	95	96		111
570	9	Mi5	E5	336	336	1	8	270	95	96		111.125
571	9	Re5	D5	327	327	1	8	270	95	96		111.25
572	9	Do5	C5	318	318	1	4	541	95	96		111.5
573	9			-1	-1	1	4	541	100	0		111.75
574	9	Re5	D5	327	327	1	8	270	95	96		111.875
575	9	Mi5	E5	336	336	1	8	270	95	96		112
576	9	Re5	D5	327	327	1	8	270	95	96		112.125
577	9	Do5	C5	318	318	1	8	270	95	96		112.25
578	9	Si4b1	B4b1	313	313	1	4	541	95	96		112.5
579	9			-1	-1	1	4	541	100	0		112.75
580	9	Do5	C5	318	318	1	8	270	95	96		112.875
581	9	Re5	D5	327	327	1	8	270	95	96		113
582	9	Do5	C5	318	318	1	8	270	95	96		113.125
583	9	Si4b1	B4b1	313	313	1	8	270	95	96		113.25
584	9	La4	A4	305	305	1	4	541	95	96		113.5
585	9			-1	-1	1	4	541	100	0		113.75
586	9	Si4b1	B4b1	313	313	1	8	270	95	96		113.875
587	9	Do5	C5	318	318	1	8	270	95	96		114
588	9	Si4b1	B4b1	313	313	1	8	270	95	96		114.125
589	9	La4	A4	305	305	1	8	270	95	96		114.25
590	9	Sol4	G4	296	296	1	4	541	95	96		114.5
591	9			-1	-1	1	4	541	95	96		114.75
592	9	La4	A4	305	305	1	8	270	95	96		114.875
593	9	Si4b1	B4b1	313	313	1	8	270	95	96		115
594	9	La4	A4	305	305	1	8	270	95	96		115.125
595	9	Sol4	G4	296	296	1	8	270	95	96		115.25
596	9	Fa4#4	F4#4	291	291	3	8	811	95	96		115.625
597	9	Sol4	G4	296	296	1	8	270	95	96		115.75
598	9	Fa4#4	F4#4	291	291	3	16	405	95	96		115.9375
599	9	Mi4	E4	283	283	1	16	135	95	96		116
600	9	Re4	D4	274	274	1	4	541	95	96		116.25
601	9			-1	-1	1	4	541	100	0		116.5
602	9	Mi4	E4	283	283	1	2	1081	95	96		117
603	9	Fa4#4	F4#4	291	291	1	4	541	95	96		117.25
604	9	Sol4	G4	296	296	1	2	1081	95	96		117.75
605	9	La4	A4	305	305	1	4	541	95	96		118
606	9	Si4b1	B4b1	313	313	1	8	270	95	96		118.125
607	9	Do5	C5	318	318	1	8	270	95	96		118.25
608	9	Si4b1	B4b1	313	313	1	8	270	95	96		118.375
609	9	La4	A4	305	305	1	8	270	95	96		118.5
610	9	Sol4	G4	296	296	3	4	1622	95	96		119.25
611	9	La4	A4	305	305	1	12	180	95	96		119.3333
612	9	Sol4	G4	296	296	1	12	180	95	96		119.4167
613	9	La4	A4	305	305	1	12	180	95	96		119.5
614	9	Sol4	G4	296	296	1	2	1081	95	96		120
615	9			-1	-1	1	4	541	100	96		120.25
616	9	Do5	C5	318	318	1	4	541	95	96	4. HANE	120.5
617	9	Re5	D5	327	327	1	2	1081	95	96		121
618	9	Do5	C5	318	318	1	8	270	95	96		121.125
619	9	Si4b1	B4b1	313	313	1	8	270	95	96		121.25
620	9	Sol4	G4	296	296	1	8	270	95	96		121.375
621	9	La4	A4	305	305	1	8	270	95	96		121.5
622	9	Si4b1	B4b1	313	313	1	8	270	95	96		121.625
623	9	Do5	C5	318	318	1	8	270	95	96		121.75
624	9	Si4b1	B4b1	313	313	1	8	270	95	96		121.875
625	9	Do5	C5	318	318	1	8	270	95	96		122
626	9	Re5	D5	327	327	1	4	541	95	96		122.25
627	9	Do5	C5	318	318	1	4	541	95	96		122.5
628	9	Re5	D5	327	327	1	2	1081	95	96		123
629	9	Mi5	E5	336	336	1	4	541	95	96		123.25
630	9			-1	-1	1	4	541	100	0		123.5
631	9	Re5	D5	327	327	1	8	270	95	96		123.625
632	9	Mi5	E5	336	336	1	8	270	95	96		123.75
633	9	Re5	D5	327	327	1	4	541	95	96		124
634	9	Mi5	E5	336	336	1	8	270	95	96		124.125
635	9	Fa5	F5	340	340	1	8	270	95	96		124.25
636	9	Mi5	E5	336	336	1	4	541	95	96		124.5
637	9	Re5	D5	327	327	1	4	541	95	96		124.75
638	9	Do5	C5	318	318	1	8	270	95	96		124.875
639	9	Re5	D5	327	327	1	8	270	95	96		125
640	9	Do5	C5	318	318	1	8	270	95	96		125.125
641	9	Si4b1	B4b1	313	313	1	8	270	95	96		125.25
642	9	La4	A4	305	305	1	4	541	95	96		125.5
643	9	Sol4	G4	296	296	1	4	541	95	96		125.75
644	9	La4	A4	305	305	1	4	541	95	96		126
645	9	Si4b1	B4b1	313	313	1	4	541	95	96		126.25
646	9	Do5	C5	318	318	1	2	1081	95	96		126.75
647	9	Re5	D5	327	327	1	8	270	95	96		126.875
648	9	Mi5	E5	336	336	1	8	270	95	96		127
649	9	Re5	D5	327	327	1	8	270	95	96		127.125
650	9	Do5	C5	318	318	1	8	270	95	96		127.25
651	9	Si4b1	B4b1	313	313	1	2	1081	95	96		127.75
652	9	Do5	C5	318	318	1	8	270	95	96		127.875
653	9	Re5	D5	327	327	1	8	270	95	96		128
654	9	Do5	C5	318	318	1	8	270	95	96		128.125
655	9	Si4b1	B4b1	313	313	1	8	270	95	96		128.25
656	9	La4	A4	305	305	3	8	811	95	96		128.625
657	9	Mi5	E5	336	336	1	8	270	95	96		128.75
658	9	Re5	D5	327	327	1	8	270	95	96		128.875
659	9	Do5	C5	318	318	1	8	270	95	96		129
660	9	Si4b1	B4b1	313	313	1	8	270	95	96		129.125
661	9	Do5	C5	318	318	1	8	270	95	96		129.25
662	9	Si4b1	B4b1	313	313	1	8	270	95	96		129.375
663	9	La4	A4	305	305	1	8	270	95	96		129.5
664	9	Sol4	G4	296	296	1	2	1081	95	96		130
665	9	Re5	D5	327	327	1	4	541	95	96		130.25
666	9	Mi5	E5	336	336	1	4	541	95	96		130.5
667	9	Fa5#4	F5#4	344	344	1	8	270	95	96		130.625
668	9	Mi5	E5	336	336	1	8	270	95	96		130.75
669	9	Fa5#4	F5#4	344	344	1	4	541	95	96		131
670	9	Sol5	G5	349	349	1	8	270	95	96		131.125
671	9	Fa5#4	F5#4	344	344	1	8	270	95	96		131.25
672	9	Sol5	G5	349	349	1	2	1081	95	96		131.75
673	9	Fa5#4	F5#4	344	344	1	8	270	95	96		131.875
674	9	Sol5	G5	349	349	1	8	270	95	96		132
675	9	Fa5#4	F5#4	344	344	1	8	270	95	96		132.125
676	9	Mi5	E5	336	336	1	8	270	95	96		132.25
677	9	Re5	D5	327	327	1	2	1081	95	96		132.75
678	9			-1	-1	1	4	541	100	0		133
679	9	Mi5	E5	336	336	1	8	270	95	96		133.125
680	9	Fa5	F5	340	340	1	8	270	95	96		133.25
681	9	Mi5	E5	336	336	1	8	270	95	96		133.375
682	9	Fa5	F5	340	340	1	8	270	95	96		133.5
683	9	Mi5	E5	336	336	1	8	270	95	96		133.625
684	9	Re5	D5	327	327	1	8	270	95	96		133.75
685	9	Do5	C5	318	318	1	8	270	95	96		133.875
686	9	Re5	D5	327	327	1	8	270	95	96		134
687	9	Do5	C5	318	318	1	8	270	95	96		134.125
688	9	Si4b1	B4b1	313	313	1	8	270	95	96		134.25
689	9	Re5	D5	327	327	1	4	541	95	96		134.5
690	9			-1	-1	1	4	541	100	0		134.75
691	9	Mi5	E5	336	336	1	8	270	95	96	TESLÝM	134.875
692	9	Fa5	F5	340	340	1	8	270	95	96		135
693	9	Mi5	E5	336	336	1	8	270	95	96		135.125
694	9	Re5	D5	327	327	1	8	270	95	96		135.25
695	9	Do5	C5	318	318	1	4	541	95	96		135.5
696	9			-1	-1	1	4	541	100	0		135.75
697	9	Re5	D5	327	327	1	8	270	95	96		135.875
698	9	Mi5	E5	336	336	1	8	270	95	96		136
699	9	Re5	D5	327	327	1	8	270	95	96		136.125
700	9	Do5	C5	318	318	1	8	270	95	96		136.25
701	9	Si4b1	B4b1	313	313	1	4	541	95	96		136.5
702	9			-1	-1	1	4	541	100	0		136.75
703	9	Do5	C5	318	318	1	8	270	95	96		136.875
704	9	Re5	D5	327	327	1	8	270	95	96		137
705	9	Do5	C5	318	318	1	8	270	95	96		137.125
706	9	Si4b1	B4b1	313	313	1	8	270	95	96		137.25
707	9	La4	A4	305	305	1	4	541	95	96		137.5
708	9			-1	-1	1	4	541	100	0		137.75
709	9	Si4b1	B4b1	313	313	1	8	270	95	96		137.875
710	9	Do5	C5	318	318	1	8	270	95	96		138
711	9	Si4b1	B4b1	313	313	1	8	270	95	96		138.125
712	9	La4	A4	305	305	1	8	270	95	96		138.25
713	9	Sol4	G4	296	296	1	4	541	95	96		138.5
714	9			-1	-1	1	4	541	95	96		138.75
715	9	La4	A4	305	305	1	8	270	95	96		138.875
716	9	Si4b1	B4b1	313	313	1	8	270	95	96		139
717	9	La4	A4	305	305	1	8	270	95	96		139.125
718	9	Sol4	G4	296	296	1	8	270	95	96		139.25
719	9	Fa4#4	F4#4	291	291	3	8	811	95	96		139.625
720	9	Sol4	G4	296	296	1	8	270	95	96		139.75
721	9	Fa4#4	F4#4	291	291	3	16	405	95	96		139.9375
722	9	Mi4	E4	283	283	1	16	135	95	96		140
723	9	Re4	D4	274	274	1	4	541	95	96		140.25
724	9			-1	-1	1	4	541	100	0		140.5
725	9	Mi4	E4	283	283	1	2	1081	95	96		141
726	9	Fa4#4	F4#4	291	291	1	4	541	95	96		141.25
727	9	Sol4	G4	296	296	1	2	1081	95	96		141.75
728	9	La4	A4	305	305	1	4	541	95	96		142
729	9	Si4b1	B4b1	313	313	1	8	270	95	96		142.125
730	9	Do5	C5	318	318	1	8	270	95	96		142.25
731	9	Si4b1	B4b1	313	313	1	8	270	95	96		142.375
732	9	La4	A4	305	305	1	8	270	95	96		142.5
733	9	Sol4	G4	296	296	3	4	1622	95	96		143.25
734	9	La4	A4	305	305	1	12	180	95	96		143.3333
735	9	Sol4	G4	296	296	1	12	180	95	96		143.4167
736	9	La4	A4	305	305	1	12	180	95	96		143.5
737	9	Sol4	G4	296	296	1	2	1081	95	96		144
738	9			-1	-1	1	4	541	100	96		144.25
