Sira	Kod	Nota53	NotaAE	Koma53	KomaAE	Pay	Payda	Ms	LNS	Bas	Soz1	Offset
1	9	Re5	D5	327	327	1	8	227	95	114	ARANAÐME 	0.1111111
2	9	Re5	D5	327	327	1	8	227	95	114	.	0.2222222
3	9	Re5	D5	327	327	1	8	227	95	115	.	0.3333333
4	9	Re5	D5	327	327	1	8	227	95	115	.	0.4444444
5	9	Re5	D5	327	327	1	4	455	95	115	.	0.6666667
6	9	Mi5	E5	336	336	1	8	227	95	115	.	0.7777778
7	9	Re5	D5	327	327	1	8	227	95	115	.	0.8888889
8	9	Do5	C5	318	318	1	8	227	95	116	.	1
9	9	Do5	C5	318	318	3	16	341	95	116	.	1.166667
10	9	Re5	D5	327	327	1	16	114	95	116	.	1.222222
11	9	Do5	C5	318	318	1	8	227	95	116	.	1.333333
12	9	Si4b1	B4b1	313	313	1	8	227	95	116	.	1.444444
13	9	La4	A4	305	305	1	8	227	95	117	.	1.555556
14	9	Si4b1	B4b1	313	313	1	8	227	95	117	.	1.666667
15	9	Do5	C5	318	318	3	8	682	95	117	.	2
16	9	Do5	C5	318	318	1	8	227	95	117	.	2.111111
17	9	Do5	C5	318	318	1	8	227	95	117	.	2.222222
18	9	Do5	C5	318	318	1	8	227	95	118	.	2.333333
19	9	Do5	C5	318	318	1	8	227	95	118	.	2.444444
20	9	Do5	C5	318	318	1	4	455	95	118	.	2.666667
21	9	Re5	D5	327	327	1	8	227	95	118	.	2.777778
22	9	Do5	C5	318	318	1	8	227	95	118	.	2.888889
23	9	Si4b1	B4b1	313	313	1	8	227	95	119	.	3
24	9	Si4b1	B4b1	313	313	3	16	341	95	119	.	3.166667
25	9	Do5	C5	318	318	1	16	114	95	119	.	3.222222
26	9	Si4b1	B4b1	313	313	1	8	227	95	119	.	3.333333
27	9	La4	A4	305	305	1	8	227	95	119	.	3.444444
28	9	Sol4	G4	296	296	1	8	227	95	120	.	3.555556
29	9	La4	A4	305	305	1	8	227	95	120	.	3.666667
30	9	Si4b1	B4b1	313	313	3	8	682	95	120	.	4
31	9	Do5	C5	318	318	1	4	455	95	120	.	4.222222
32	9	Do5	C5	318	318	1	8	227	95	121	.	4.333333
33	9	Si4b1	B4b1	313	313	1	8	227	95	121	.	4.444445
34	9	Do5	C5	318	318	1	8	227	95	121	.	4.555555
35	9	Si4b1	B4b1	313	313	1	8	227	95	121	.	4.666667
36	9	Re5	D5	327	327	1	8	227	95	121	.	4.777778
37	9	Si4b1	B4b1	313	313	1	8	227	95	122	.	4.888889
38	9	La4	A4	305	305	1	8	227	95	122	.	5
39	9	La4	A4	305	305	1	4	455	95	122	.	5.222222
40	9	La4	A4	305	305	1	8	227	95	122	.	5.333333
41	9	La4	A4	305	305	1	8	227	95	122	.	5.444445
42	9	Re4	D4	274	274	1	8	227	95	123	.	5.555555
43	9	Fa4#4	F4#4	291	291	1	8	227	95	123	.	5.666667
44	9	La4	A4	305	305	3	8	682	95	123	.	6
45	9	Re5	D5	327	327	1	4	455	95	123	.	6.222222
46	9	Re5	D5	327	327	1	8	227	95	123	.	6.333333
47	9	Si4b1	B4b1	313	313	1	8	227	95	124	.	6.444445
48	9	Do5	C5	318	318	1	8	227	95	124	.	6.555555
49	9	La4	A4	305	305	1	8	227	95	124	.	6.666667
50	9	Si4b1	B4b1	313	313	1	8	227	95	124	.	6.777778
51	9	La4	A4	305	305	1	8	227	95	124	.	6.888889
52	9	Sol4	G4	296	296	1	8	227	95	125	.	7
53	9	Sol4	G4	296	296	1	4	455	95	125	.	7.222222
54	9	Sol4	G4	296	296	1	8	227	95	125	.	7.333333
55	9	Sol4	G4	296	296	1	8	227	95	125	.	7.444445
56	9	Si4b1	B4b1	313	313	1	8	227	95	125	.	7.555555
57	9	Do5	C5	318	318	1	8	227	95	126	.	7.666667
58	9	Re5	D5	327	327	3	8	682	95	126	.	8
59	52			0	0	1	8	0	127	126		8.111111
60	9	Re5	D5	327	327	1	8	227	95	96	ARANAÐME 	8.222222
61	9	Re5	D5	327	327	1	8	227	95	96	.	8.333333
62	9	Re5	D5	327	327	1	8	227	95	96	.	8.444445
63	9	Re5	D5	327	327	1	8	227	95	96	.	8.555555
64	9	Re5	D5	327	327	1	4	455	95	96	.	8.777778
65	9	Mi5	E5	336	336	1	8	227	95	96	.	8.888889
66	9	Re5	D5	327	327	1	8	227	95	96	.	9
67	9	Do5	C5	318	318	1	8	227	95	96	.	9.111111
68	9	Do5	C5	318	318	3	16	341	95	96	.	9.277778
69	9	Re5	D5	327	327	1	16	114	95	96	.	9.333333
70	9	Do5	C5	318	318	1	8	227	95	96	.	9.444445
71	9	Si4b1	B4b1	313	313	1	8	227	95	96	.	9.555555
72	9	La4	A4	305	305	1	8	227	95	96	.	9.666667
73	9	Si4b1	B4b1	313	313	1	8	227	95	96	.	9.777778
74	9	Do5	C5	318	318	3	8	682	95	96	.	10.11111
75	9	Do5	C5	318	318	1	8	227	95	96	.	10.22222
76	9	Do5	C5	318	318	1	8	227	95	96	.	10.33333
77	9	Do5	C5	318	318	1	8	227	95	96	.	10.44444
78	9	Do5	C5	318	318	1	8	227	95	96	.	10.55556
79	9	Do5	C5	318	318	1	4	455	95	96	.	10.77778
80	9	Re5	D5	327	327	1	8	227	95	96	.	10.88889
81	9	Do5	C5	318	318	1	8	227	95	96	.	11
82	9	Si4b1	B4b1	313	313	1	8	227	95	96	.	11.11111
83	9	Si4b1	B4b1	313	313	3	16	341	95	96	.	11.27778
84	9	Do5	C5	318	318	1	16	114	95	96	.	11.33333
85	9	Si4b1	B4b1	313	313	1	8	227	95	96	.	11.44444
86	9	La4	A4	305	305	1	8	227	95	96	.	11.55556
87	9	Sol4	G4	296	296	1	8	227	95	96	.	11.66667
88	9	La4	A4	305	305	1	8	227	95	96	.	11.77778
89	9	Si4b1	B4b1	313	313	3	8	682	95	96	.	12.11111
90	9	Do5	C5	318	318	1	4	455	95	96	.	12.33333
91	9	Do5	C5	318	318	1	8	227	95	96	.	12.44444
92	9	Si4b1	B4b1	313	313	1	8	227	95	96	.	12.55556
93	9	Do5	C5	318	318	1	8	227	95	96	.	12.66667
94	9	Si4b1	B4b1	313	313	1	8	227	95	96	.	12.77778
95	9	Re5	D5	327	327	1	8	227	95	96	.	12.88889
96	9	Si4b1	B4b1	313	313	1	8	227	95	96	.	13
97	9	La4	A4	305	305	1	8	227	95	96	.	13.11111
98	9	La4	A4	305	305	1	4	455	95	96	.	13.33333
99	9	La4	A4	305	305	1	8	227	95	96	.	13.44444
100	9	La4	A4	305	305	1	8	227	95	96	.	13.55556
101	9	Re4	D4	274	274	1	8	227	95	96	.	13.66667
102	9	Fa4#4	F4#4	291	291	1	8	227	95	96	.	13.77778
103	9	La4	A4	305	305	3	8	682	95	96	.	14.11111
104	9	Re5	D5	327	327	1	4	455	95	96	.	14.33333
105	9	Re5	D5	327	327	1	8	227	95	96	.	14.44444
106	9	Si4b1	B4b1	313	313	1	8	227	95	96	.	14.55556
107	9	Do5	C5	318	318	1	8	227	95	96	.	14.66667
108	9	La4	A4	305	305	1	8	227	95	96	.	14.77778
109	9	Si4b1	B4b1	313	313	1	8	227	95	96	.	14.88889
110	9	La4	A4	305	305	1	8	227	95	96	.	15
111	9	Sol4	G4	296	296	1	8	227	95	96	.	15.11111
112	9	Sol4	G4	296	296	1	4	455	95	96	.	15.33333
113	9	Sol4	G4	296	296	1	8	227	95	96	.	15.44444
114	9	Sol4	G4	296	296	1	8	227	95	96	.	15.55556
115	9	Sol4	G4	296	296	1	4	455	95	96	.	15.77778
116	9	Sol4	G4	296	296	1	4	455	95	96	.	16
117	9	Sol4	G4	296	296	1	8	227	95	96	.	16.11111
118	9			-1	-1	1	4	455	100	0		16.33333
119	9	Sol4	G4	296	296	1	8	227	95	96	Yü	16.44444
120	9	Sol4	G4	296	296	1	8	227	95	96	re	16.55556
121	9	Sol4	G4	296	296	1	2	909	95	96	ðim 	17
122	9	La4	A4	305	305	1	8	227	95	96	a	17.11111
123	9	Si4b1	B4b1	313	313	1	4	455	99	96	lev 	17.33333
124	8	Do5	C5	318	318	0	0	0	99	96		17.33333
125	9	Si4b1	B4b1	313	313	1	8	227	95	96		17.44444
126	9	La4	A4	305	305	1	8	227	95	96	a	17.55556
127	9	La4	A4	305	305	1	2	909	100	96	lev  	18
128	9	La4	A4	305	305	1	8	227	95	96		18.11111
129	9	La4	A4	305	305	1	4	455	95	96	Ya	18.33333
130	9	La4	A4	305	305	1	4	455	95	96	ný	18.55556
131	9	La4	A4	305	305	1	4	455	95	96	yor 	18.77778
132	9	La4	A4	305	305	1	4	455	99	96	has	19
133	9	Si4b1	B4b1	313	313	1	8	227	95	96		19.11111
134	9	Do5	C5	318	318	1	4	455	95	96	re	19.33333
135	9	Si4b1	B4b1	313	313	1	8	227	99	96	tin	19.44444
136	9	La4	A4	305	305	1	8	227	95	96		19.55556
137	9	Sol4	G4	296	296	1	4	455	95	96	le  	19.77778
138	9	Fa4#4	F4#4	291	291	1	8	227	95	96	SAZ 	19.88889
139	9	Mi4	E4	283	283	1	8	227	95	96	.	20
140	9	Re4	D4	274	274	1	8	227	95	96	.	20.11111
141	9			-1	-1	1	4	455	100	0		20.33333
142	9	Sol4	G4	296	296	1	8	227	95	96	Yü	20.44444
143	9	Sol4	G4	296	296	1	8	227	95	96	re	20.55556
144	9	Sol4	G4	296	296	1	2	909	95	96	ðim 	21
145	9	La4	A4	305	305	1	8	227	95	96	a	21.11111
146	9	Si4b1	B4b1	313	313	1	4	455	99	96	lev 	21.33333
147	8	Do5	C5	318	318	0	0	0	99	96		21.33333
148	9	Si4b1	B4b1	313	313	1	8	227	95	96		21.44444
149	9	La4	A4	305	305	1	8	227	95	96	a	21.55556
150	9	La4	A4	305	305	1	2	909	100	96	lev  	22
151	9	La4	A4	305	305	1	8	227	95	96		22.11111
152	9	La4	A4	305	305	1	4	455	95	96	Ya	22.33333
153	9	La4	A4	305	305	1	4	455	95	96	ný	22.55556
154	9	La4	A4	305	305	1	4	455	95	96	yor 	22.77778
155	9	La4	A4	305	305	1	4	455	99	96	has	23
156	9	Si4b1	B4b1	313	313	1	8	227	95	96		23.11111
157	9	Do5	C5	318	318	1	4	455	95	96	re	23.33333
158	9	Si4b1	B4b1	313	313	1	8	227	99	96	tin	23.44444
159	9	La4#4	A4#4	309	309	1	8	227	95	96		23.55556
160	9	Si4b1	B4b1	313	313	1	2	909	100	96	le  	24
161	9	Si4b1	B4b1	313	313	1	8	227	95	96		24.11111
162	9	Re5	D5	327	327	1	4	455	95	96	Göz	24.33333
163	9	Sol5	G5	349	349	1	4	455	95	96	le	24.55556
164	9	Sol5	G5	349	349	1	4	455	95	96	rim	24.77778
165	9	Sol5	G5	349	349	1	4	455	99	96	de 	25
166	9	La5	A5	358	358	1	8	227	95	96		25.11111
167	9	La5	A5	358	358	1	8	227	95	96	ha	25.22222
168	9	Sol5	G5	349	349	1	8	227	99	96	ya	25.33333
169	9	Fa5	F5	340	340	1	8	227	99	96		25.44444
170	9	Mi5	E5	336	336	1	8	227	95	96		25.55556
171	9	Re5	D5	327	327	1	8	227	99	96	lin  	25.66667
172	9	Mi5	E5	336	336	1	8	227	99	96		25.77778
173	9	Re5	D5	327	327	3	8	682	95	96		26.11111
174	9	Re5	D5	327	327	3	8	682	95	96	Git	26.44444
175	9	Re5	D5	327	327	1	8	227	95	96	mi	26.55556
176	9	Re5	D5	327	327	1	4	455	95	96	yor 	26.77778
177	9	Re5	D5	327	327	1	4	455	99	96	bir 	27
178	9	Do5#4	C5#4	322	322	1	8	227	95	96		27.11111
179	9	Si4b1	B4b1	313	313	1	4	455	95	96	an 	27.33333
180	9	Do5#4	C5#4	322	322	1	4	455	95	96	bi	27.55556
181	9	Re5	D5	327	327	1	2	909	100	96	le  	28
182	9	Re5	D5	327	327	1	8	227	95	96		28.11111
183	9	Re5	D5	327	327	1	4	455	95	96	Göz	28.33333
184	9	Sol5	G5	349	349	1	4	455	95	96	le	28.55556
185	9	Sol5	G5	349	349	1	4	455	95	96	rim	28.77778
186	9	Fa5	F5	340	340	1	4	455	99	96	de 	29
187	9	Mi5	E5	336	336	1	8	227	95	96		29.11111
188	9	Mi5	E5	336	336	1	8	227	95	96	ha	29.22222
189	9	Re5	D5	327	327	1	4	455	99	96	ya	29.44444
190	9	Mi5	E5	336	336	1	8	227	95	96		29.55556
191	9	Re5	D5	327	327	1	8	227	99	96	lin  	29.66667
192	9	Do5	C5	318	318	1	8	227	99	96		29.77778
193	9	Si4b1	B4b1	313	313	3	8	682	95	96		30.11111
194	9	Do5	C5	318	318	1	4	455	95	96	Git	30.33333
195	9	Do5	C5	318	318	1	4	455	95	96	mi	30.55556
196	9	Do5	C5	318	318	1	4	455	95	96	yor 	30.77778
197	9	Do5	C5	318	318	1	4	455	99	96	bir 	31
198	9	Re5	D5	327	327	1	8	227	95	96		31.11111
199	10	Mi5	E5	336	336	3	8	682	95	96	an 	31.44444
200	8	Fa5	F5	340	340	0	0	0	95	96		31.44444
201	9	Mi5	E5	336	336	1	8	227	95	96	bi	31.55556
202	9	Re5	D5	327	327	1	2	909	100	96	le  	32
203	9	Re5	D5	327	327	1	8	227	95	96		32.11111
204	9	Re5	D5	327	327	3	8	682	95	96	Aþk 	32.44444
205	9			-1	-1	1	8	227	100	0		32.55556
206	9	Do5	C5	318	318	1	4	455	95	96	bu 	32.77778
207	9	Mi5	E5	336	336	1	8	227	95	96	de	32.88889
208	9	Re5	D5	327	327	1	8	227	99	96	ðil 	33
209	9	Do5	C5	318	318	1	8	227	95	96		33.11111
210	9	Do5	C5	318	318	3	16	341	95	96	mi  	33.27778
211	9	Re5	D5	327	327	1	16	114	95	96	SAZ 	33.33333
212	9	Do5	C5	318	318	1	8	227	95	96	.	33.44444
213	9	Si4b1	B4b1	313	313	1	8	227	95	96	.	33.55556
214	9	La4	A4	305	305	1	8	227	95	96	.	33.66667
215	9	Si4b1	B4b1	313	313	1	8	227	95	96	.	33.77778
216	9	Do5	C5	318	318	3	8	682	95	96	.	34.11111
217	9	Do5	C5	318	318	3	8	682	95	96	Aþk 	34.44444
218	9			-1	-1	1	8	227	100	0		34.55556
219	9	Si4b1	B4b1	313	313	1	4	455	95	96	bu 	34.77778
220	9	Re5	D5	327	327	1	8	227	95	96	de	34.88889
221	9	Do5	C5	318	318	1	8	227	99	96	ðil 	35
222	9	Si4b1	B4b1	313	313	1	8	227	95	96		35.11111
223	9	Si4b1	B4b1	313	313	3	16	341	95	96	mi  	35.27778
224	9	Do5	C5	318	318	1	16	114	95	96	SAZ 	35.33333
225	9	Si4b1	B4b1	313	313	1	8	227	95	96	.	35.44444
226	9	La4	A4	305	305	1	8	227	95	96	.	35.55556
227	9	Sol4	G4	296	296	1	8	227	95	96	.	35.66667
228	9	La4	A4	305	305	1	8	227	95	96	.	35.77778
229	9	Si4b1	B4b1	313	313	3	8	682	95	96	.	36.11111
230	9	Do5	C5	318	318	1	4	455	95	96	Söy	36.33333
231	9	Do5	C5	318	318	1	8	227	99	96	le 	36.44444
232	9	Si4b1	B4b1	313	313	1	8	227	95	96		36.55556
233	9	Do5	C5	318	318	1	8	227	99	96	sev	36.66667
234	9	Si4b1	B4b1	313	313	1	8	227	95	96		36.77778
235	9	Do5	C5	318	318	1	4	455	99	96	gi	37
236	9	Si4b1	B4b1	313	313	1	8	227	95	96		37.11111
237	9	Re5	D5	327	327	1	4	455	95	96	lim 	37.33333
238	9	Si4b1	B4b1	313	313	1	8	227	99	96	söy	37.44444
239	9	La4	A4	305	305	1	8	227	95	96		37.55556
240	9	La4	A4	305	305	5	8	1137	95	96	le  	38.11111
241	9	Re5	D5	327	327	3	8	682	95	96	Aþk 	38.44444
242	9	Si4b1	B4b1	313	313	1	8	227	95	96	bu 	38.55556
243	9	Do5	C5	318	318	1	8	227	99	96	de	38.66667
244	9	La4	A4	305	305	1	8	227	95	96		38.77778
245	9	Si4b1	B4b1	313	313	1	8	227	99	96	ðil 	38.88889
246	9	La4	A4	305	305	1	8	227	99	96		39
247	9	Sol4	G4	296	296	1	8	227	95	96		39.11111
248	9	Sol4	G4	296	296	1	4	455	99	96	mi  	39.33333
249	9	Sol4	G4	296	296	1	8	227	99	96		39.44444
250	9	Sol4	G4	296	296	1	8	227	99	96		39.55556
251	9	Sol4	G4	296	296	1	4	455	99	96		39.77778
252	9	Sol4	G4	296	296	1	4	455	99	96		40
253	9	Sol4	G4	296	296	1	8	227	95	96		40.11111
254	9	Re5	D5	327	327	1	8	227	95	96	ARANAÐME 	40.22222
255	9	Re5	D5	327	327	1	8	227	95	96	.	40.33333
256	9	Re5	D5	327	327	1	8	227	95	96	.	40.44444
257	9	Re5	D5	327	327	1	8	227	95	96	.	40.55556
258	9	Re5	D5	327	327	1	4	455	95	96	.	40.77778
259	9	Mi5	E5	336	336	1	8	227	95	96	.	40.88889
260	9	Re5	D5	327	327	1	8	227	95	96	.	41
261	9	Do5	C5	318	318	1	8	227	95	96	.	41.11111
262	9	Do5	C5	318	318	3	16	341	95	96	.	41.27778
263	9	Re5	D5	327	327	1	16	114	95	96	.	41.33333
264	9	Do5	C5	318	318	1	8	227	95	96	.	41.44444
265	9	Si4b1	B4b1	313	313	1	8	227	95	96	.	41.55556
266	9	La4	A4	305	305	1	8	227	95	96	.	41.66667
267	9	Si4b1	B4b1	313	313	1	8	227	95	96	.	41.77778
268	9	Do5	C5	318	318	3	8	682	95	96	.	42.11111
269	9	Do5	C5	318	318	1	8	227	95	96	.	42.22222
270	9	Do5	C5	318	318	1	8	227	95	96	.	42.33333
271	9	Do5	C5	318	318	1	8	227	95	96	.	42.44444
272	9	Do5	C5	318	318	1	8	227	95	96	.	42.55556
273	9	Do5	C5	318	318	1	4	455	95	96	.	42.77778
274	9	Re5	D5	327	327	1	8	227	95	96	.	42.88889
275	9	Do5	C5	318	318	1	8	227	95	96	.	43
276	9	Si4b1	B4b1	313	313	1	8	227	95	96	.	43.11111
277	9	Si4b1	B4b1	313	313	3	16	341	95	96	.	43.27778
278	9	Do5	C5	318	318	1	16	114	95	96	.	43.33333
279	9	Si4b1	B4b1	313	313	1	8	227	95	96	.	43.44444
280	9	La4	A4	305	305	1	8	227	95	96	.	43.55556
281	9	Sol4	G4	296	296	1	8	227	95	96	.	43.66667
282	9	La4	A4	305	305	1	8	227	95	96	.	43.77778
283	9	Si4b1	B4b1	313	313	3	8	682	95	96	.	44.11111
284	9	Do5	C5	318	318	1	4	455	95	96	.	44.33333
285	9	Do5	C5	318	318	1	8	227	95	96	.	44.44444
286	9	Si4b1	B4b1	313	313	1	8	227	95	96	.	44.55556
287	9	Do5	C5	318	318	1	8	227	95	96	.	44.66667
288	9	Si4b1	B4b1	313	313	1	8	227	95	96	.	44.77778
289	9	Re5	D5	327	327	1	8	227	95	96	.	44.88889
290	9	Si4b1	B4b1	313	313	1	8	227	95	96	.	45
291	9	La4	A4	305	305	1	8	227	95	96	.	45.11111
292	9	La4	A4	305	305	1	4	455	95	96	.	45.33333
293	9	La4	A4	305	305	1	8	227	95	96	.	45.44444
294	9	La4	A4	305	305	1	8	227	95	96	.	45.55556
295	9	Re4	D4	274	274	1	8	227	95	96	.	45.66667
296	9	Fa4#4	F4#4	291	291	1	8	227	95	96	.	45.77778
297	9	La4	A4	305	305	3	8	682	95	96	.	46.11111
298	9	Re5	D5	327	327	1	4	455	95	96	.	46.33333
299	9	Re5	D5	327	327	1	8	227	95	96	.	46.44444
300	9	Si4b1	B4b1	313	313	1	8	227	95	96	.	46.55556
301	9	Do5	C5	318	318	1	8	227	95	96	.	46.66667
302	9	La4	A4	305	305	1	8	227	95	96	.	46.77778
303	9	Si4b1	B4b1	313	313	1	8	227	95	96	.	46.88889
304	9	La4	A4	305	305	1	8	227	95	96	.	47
305	9	Sol4	G4	296	296	1	8	227	95	96	.	47.11111
306	9	Sol4	G4	296	296	1	4	455	95	96	.	47.33333
307	9	Sol4	G4	296	296	1	8	227	95	96	.	47.44444
308	9	Sol4	G4	296	296	1	8	227	95	96	.	47.55556
309	9	Si4b1	B4b1	313	313	1	8	227	95	96	.	47.66667
310	9	Do5	C5	318	318	1	8	227	95	96	.	47.77778
311	9	Re5	D5	327	327	3	8	682	95	96	.	48.11111
312	9	Re5	D5	327	327	1	8	227	95	96	ARANAÐME 	48.22222
313	9	Re5	D5	327	327	1	8	227	95	96	.	48.33333
314	9	Re5	D5	327	327	1	8	227	95	96	.	48.44444
315	9	Re5	D5	327	327	1	8	227	95	96	.	48.55556
316	9	Re5	D5	327	327	1	4	455	95	96	.	48.77778
317	9	Mi5	E5	336	336	1	8	227	95	96	.	48.88889
318	9	Re5	D5	327	327	1	8	227	95	96	.	49
319	9	Do5	C5	318	318	1	8	227	95	96	.	49.11111
320	9	Do5	C5	318	318	3	16	341	95	96	.	49.27778
321	9	Re5	D5	327	327	1	16	114	95	96	.	49.33333
322	9	Do5	C5	318	318	1	8	227	95	96	.	49.44444
323	9	Si4b1	B4b1	313	313	1	8	227	95	96	.	49.55556
324	9	La4	A4	305	305	1	8	227	95	96	.	49.66667
325	9	Si4b1	B4b1	313	313	1	8	227	95	96	.	49.77778
326	9	Do5	C5	318	318	3	8	682	95	96	.	50.11111
327	9	Do5	C5	318	318	1	8	227	95	96	.	50.22222
328	9	Do5	C5	318	318	1	8	227	95	96	.	50.33333
329	9	Do5	C5	318	318	1	8	227	95	96	.	50.44444
330	9	Do5	C5	318	318	1	8	227	95	96	.	50.55556
331	9	Do5	C5	318	318	1	4	455	95	96	.	50.77778
332	9	Re5	D5	327	327	1	8	227	95	96	.	50.88889
333	9	Do5	C5	318	318	1	8	227	95	96	.	51
334	9	Si4b1	B4b1	313	313	1	8	227	95	96	.	51.11111
335	9	Si4b1	B4b1	313	313	3	16	341	95	96	.	51.27778
336	9	Do5	C5	318	318	1	16	114	95	96	.	51.33333
337	9	Si4b1	B4b1	313	313	1	8	227	95	96	.	51.44444
338	9	La4	A4	305	305	1	8	227	95	96	.	51.55556
339	9	Sol4	G4	296	296	1	8	227	95	96	.	51.66667
340	9	La4	A4	305	305	1	8	227	95	96	.	51.77778
341	9	Si4b1	B4b1	313	313	3	8	682	95	96	.	52.11111
342	9	Do5	C5	318	318	1	4	455	95	96	.	52.33333
343	9	Do5	C5	318	318	1	8	227	95	96	.	52.44444
344	9	Si4b1	B4b1	313	313	1	8	227	95	96	.	52.55556
345	9	Do5	C5	318	318	1	8	227	95	96	.	52.66667
346	9	Si4b1	B4b1	313	313	1	8	227	95	96	.	52.77778
347	9	Re5	D5	327	327	1	8	227	95	96	.	52.88889
348	9	Si4b1	B4b1	313	313	1	8	227	95	96	.	53
349	9	La4	A4	305	305	1	8	227	95	96	.	53.11111
350	9	La4	A4	305	305	1	4	455	95	96	.	53.33333
351	9	La4	A4	305	305	1	8	227	95	96	.	53.44444
352	9	La4	A4	305	305	1	8	227	95	96	.	53.55556
353	9	Re4	D4	274	274	1	8	227	95	96	.	53.66667
354	9	Fa4#4	F4#4	291	291	1	8	227	95	96	.	53.77778
355	9	La4	A4	305	305	3	8	682	95	96	.	54.11111
356	9	Re5	D5	327	327	1	4	455	95	96	.	54.33333
357	9	Re5	D5	327	327	1	8	227	95	96	.	54.44444
358	9	Si4b1	B4b1	313	313	1	8	227	95	96	.	54.55556
359	9	Do5	C5	318	318	1	8	227	95	96	.	54.66667
360	9	La4	A4	305	305	1	8	227	95	96	.	54.77778
361	9	Si4b1	B4b1	313	313	1	8	227	95	96	.	54.88889
362	9	La4	A4	305	305	1	8	227	95	96	.	55
363	9	Sol4	G4	296	296	1	8	227	95	96	.	55.11111
364	9	Sol4	G4	296	296	1	4	455	95	96	.	55.33333
365	9	Sol4	G4	296	296	1	8	227	95	96	.	55.44444
366	9	Sol4	G4	296	296	1	8	227	95	96	.	55.55556
367	9	Sol4	G4	296	296	1	4	455	95	96	.	55.77778
368	9	Sol4	G4	296	296	1	4	455	95	96	.	56
369	9	Sol4	G4	296	296	1	8	227	95	96	.	56.11111
370	9			-1	-1	1	8	227	100	0		56.22222
371	9	Sol4	G4	296	296	1	4	455	95	96	Kýs	56.44444
372	9	Sol4	G4	296	296	1	8	227	95	96	ka	56.55556
373	9	Sol4	G4	296	296	1	8	227	95	96	ný	56.66667
374	9	Sol4	G4	296	296	3	8	682	100	96	rým 	57
375	9	La4	A4	305	305	1	8	227	95	96		57.11111
376	10	Si4b1	B4b1	313	313	1	4	455	95	96	ken	57.33333
377	8	Do5	C5	318	318	0	0	0	95	96		57.33333
378	9	Si4b1	B4b1	313	313	1	8	227	99	96	dim	57.44444
379	9	La4	A4	305	305	1	8	227	95	96		57.55556
380	9	La4	A4	305	305	1	2	909	100	96	den  	58
381	9	La4	A4	305	305	1	8	227	95	96		58.11111
382	9			-1	-1	1	4	455	100	0		58.33333
383	9	La4	A4	305	305	1	8	227	95	96	O 	58.44444
384	9	La4	A4	305	305	1	8	227	95	96	gü	58.55556
385	9	La4	A4	305	305	1	4	455	95	96	zel 	58.77778
386	9	La4	A4	305	305	1	4	455	99	96	göz	59
387	9	Si4b1	B4b1	313	313	1	8	227	95	96		59.11111
388	9	Do5	C5	318	318	1	4	455	95	96	le	59.33333
389	9	Si4b1	B4b1	313	313	1	8	227	99	96	ri	59.44444
390	9	La4	A4	305	305	1	8	227	95	96		59.55556
391	9	Sol4	G4	296	296	1	4	455	95	96	ni  	59.77778
392	9	Fa4#4	F4#4	291	291	1	8	227	95	96	SAZ 	59.88889
393	9	Mi4	E4	283	283	1	8	227	95	96	.	60
394	9	Re4	D4	274	274	1	8	227	95	96	.	60.11111
395	9			-1	-1	1	8	227	100	0		60.22222
396	9	Sol4	G4	296	296	1	4	455	95	96	Kýs	60.44444
397	9	Sol4	G4	296	296	1	8	227	95	96	ka	60.55556
398	9	Sol4	G4	296	296	1	8	227	95	96	ný	60.66667
399	9	Sol4	G4	296	296	3	8	682	100	96	rým 	61
400	9	La4	A4	305	305	1	8	227	95	96		61.11111
401	10	Si4b1	B4b1	313	313	1	4	455	95	96	ken	61.33333
402	8	Do5	C5	318	318	0	0	0	95	96		61.33333
403	9	Si4b1	B4b1	313	313	1	8	227	99	96	dim	61.44444
404	9	La4	A4	305	305	1	8	227	95	96		61.55556
405	9	La4	A4	305	305	1	2	909	100	96	den  	62
406	9	La4	A4	305	305	1	8	227	95	96		62.11111
407	9			-1	-1	1	4	455	100	0		62.33333
408	9	La4	A4	305	305	1	8	227	95	96	O 	62.44444
409	9	La4	A4	305	305	1	8	227	95	96	gü	62.55556
410	9	La4	A4	305	305	1	4	455	95	96	zel 	62.77778
411	9	La4	A4	305	305	1	4	455	99	96	göz	63
412	9	Si4b1	B4b1	313	313	1	8	227	95	96		63.11111
413	9	Do5	C5	318	318	1	4	455	95	96	le	63.33333
414	9	Si4b1	B4b1	313	313	1	8	227	99	96	ri	63.44444
415	9	La4#4	A4#4	309	309	1	8	227	95	96		63.55556
416	9	Si4b1	B4b1	313	313	1	2	909	100	96	ni  	64
417	9	Si4b1	B4b1	313	313	1	8	227	95	96		64.11111
418	9	Re5	D5	327	327	1	4	455	95	96	Sev	64.33334
419	9	Sol5	G5	349	349	1	4	455	95	96	gin	64.55556
420	9	Sol5	G5	349	349	1	2	909	95	96	le 	65
421	9	La5	A5	358	358	1	8	227	95	96	do	65.11111
422	9	La5	A5	358	358	1	8	227	99	96	lu	65.22222
423	9	Sol5	G5	349	349	1	8	227	95	96		65.33334
424	9	Fa5	F5	340	340	1	8	227	99	96	yo	65.44444
425	9	Mi5	E5	336	336	1	8	227	95	96		65.55556
426	9	Re5	D5	327	327	1	8	227	99	96	rum  	65.66666
427	9	Mi5	E5	336	336	1	8	227	99	96		65.77778
428	9	Re5	D5	327	327	3	8	682	95	96		66.11111
429	9			-1	-1	1	4	455	100	0		66.33334
430	9	Re5	D5	327	327	1	8	227	95	96	Ne 	66.44444
431	9	Re5	D5	327	327	1	8	227	95	96	za	66.55556
432	9	Re5	D5	327	327	1	4	455	95	96	man 	66.77778
433	9	Re5	D5	327	327	1	4	455	99	96	gör	67
434	9	Do5#4	C5#4	322	322	1	8	227	95	96		67.11111
435	9	Si4b1	B4b1	313	313	1	4	455	95	96	sem 	67.33334
436	9	Do5#4	C5#4	322	322	1	4	455	95	96	se	67.55556
437	9	Re5	D5	327	327	1	2	909	100	96	ni  	68
438	9	Re5	D5	327	327	1	8	227	95	96		68.11111
439	9	Re5	D5	327	327	1	4	455	95	96	Sev	68.33334
440	9	Sol5	G5	349	349	1	4	455	95	96	gin	68.55556
441	9	Sol5	G5	349	349	1	4	455	99	96	le 	68.77778
442	9	Fa5	F5	340	340	1	4	455	95	96		69
443	9	Mi5	E5	336	336	1	8	227	95	96	do	69.11111
444	9	Mi5	E5	336	336	1	8	227	99	96	lu	69.22222
445	9	Re5	D5	327	327	1	8	227	95	96		69.33334
446	9	Re5	D5	327	327	1	8	227	99	96	yo	69.44444
447	9	Mi5	E5	336	336	1	8	227	95	96		69.55556
448	9	Re5	D5	327	327	1	8	227	99	96	rum  	69.66666
449	9	Do5	C5	318	318	1	8	227	99	96		69.77778
450	9	Si4b1	B4b1	313	313	3	8	682	95	96		70.11111
451	9			-1	-1	1	4	455	100	0		70.33334
452	9	Do5	C5	318	318	1	8	227	95	96	Ne 	70.44444
453	9	Do5	C5	318	318	1	8	227	95	96	za	70.55556
454	9	Do5	C5	318	318	1	4	455	95	96	man 	70.77778
455	9	Do5	C5	318	318	1	4	455	99	96	gör	71
456	9	Re5	D5	327	327	1	8	227	95	96		71.11111
457	10	Mi5	E5	336	336	3	8	682	95	96	sem 	71.44444
458	8	Fa5	F5	340	340	0	0	0	95	96		71.44444
459	9	Mi5	E5	336	336	1	8	227	95	96	se	71.55556
460	9	Re5	D5	327	327	1	2	909	100	96	ni  	72
461	9	Re5	D5	327	327	1	8	227	95	96		72.11111
462	9	Re5	D5	327	327	3	8	682	95	96	Aþk 	72.44444
463	9			-1	-1	1	8	227	100	0		72.55556
464	9	Do5	C5	318	318	1	4	455	95	96	bu 	72.77778
465	9	Mi5	E5	336	336	1	8	227	95	96	de	72.88889
466	9	Re5	D5	327	327	1	8	227	99	96	ðil 	73
467	9	Do5	C5	318	318	1	8	227	95	96		73.11111
468	9	Do5	C5	318	318	3	16	341	95	96	mi  	73.27778
469	9	Re5	D5	327	327	1	16	114	95	96	SAZ 	73.33334
470	9	Do5	C5	318	318	1	8	227	95	96	.	73.44444
471	9	Si4b1	B4b1	313	313	1	8	227	95	96	.	73.55556
472	9	La4	A4	305	305	1	8	227	95	96	.	73.66666
473	9	Si4b1	B4b1	313	313	1	8	227	95	96	.	73.77778
474	9	Do5	C5	318	318	3	8	682	95	96	.	74.11111
475	9	Do5	C5	318	318	3	8	682	95	96	Aþk 	74.44444
476	9			-1	-1	1	8	227	100	0		74.55556
477	9	Si4b1	B4b1	313	313	1	4	455	95	96	bu 	74.77778
478	9	Re5	D5	327	327	1	8	227	95	96	de	74.88889
479	9	Do5	C5	318	318	1	8	227	99	96	ðil 	75
480	9	Si4b1	B4b1	313	313	1	8	227	95	96		75.11111
481	9	Si4b1	B4b1	313	313	3	16	341	95	96	mi  	75.27778
482	9	Do5	C5	318	318	1	16	114	95	96	SAZ 	75.33334
483	9	Si4b1	B4b1	313	313	1	8	227	95	96	.	75.44444
484	9	La4	A4	305	305	1	8	227	95	96	.	75.55556
485	9	Sol4	G4	296	296	1	8	227	95	96	.	75.66666
486	9	La4	A4	305	305	1	8	227	95	96	.	75.77778
487	9	Si4b1	B4b1	313	313	3	8	682	95	96	.	76.11111
488	9	Do5	C5	318	318	1	4	455	95	96	Söy	76.33334
489	9	Do5	C5	318	318	1	8	227	99	96	le 	76.44444
490	9	Si4b1	B4b1	313	313	1	8	227	95	96		76.55556
491	9	Do5	C5	318	318	1	8	227	99	96	sev	76.66666
492	9	Si4b1	B4b1	313	313	1	8	227	95	96		76.77778
493	9	Do5	C5	318	318	1	4	455	99	96	gi	77
494	9	Si4b1	B4b1	313	313	1	8	227	95	96		77.11111
495	9	Re5	D5	327	327	1	4	455	95	96	lim 	77.33334
496	9	Si4b1	B4b1	313	313	1	8	227	99	96	söy	77.44444
497	9	La4	A4	305	305	1	8	227	95	96		77.55556
498	9	La4	A4	305	305	5	8	1137	95	96	le  	78.11111
499	9	Re5	D5	327	327	3	8	682	95	96	Aþk 	78.44444
500	9	Si4b1	B4b1	313	313	1	8	227	95	96	bu 	78.55556
501	9	Do5	C5	318	318	1	8	227	99	96	de	78.66666
502	9	La4	A4	305	305	1	8	227	95	96		78.77778
503	9	Si4b1	B4b1	313	313	1	8	227	99	96	ðil 	78.88889
504	9	La4	A4	305	305	1	8	227	99	96		79
505	9	Sol4	G4	296	296	1	8	227	95	96		79.11111
506	9	Sol4	G4	296	296	1	4	455	99	96	mi  	79.33334
507	9	Sol4	G4	296	296	1	8	227	99	96		79.44444
508	9	Sol4	G4	296	296	1	8	227	99	96		79.55556
509	9	Sol4	G4	296	296	1	4	455	99	96		79.77778
510	9	Sol4	G4	296	296	1	4	455	99	96		80
511	9	Sol4	G4	296	296	1	8	227	95	96		80.11111
512	9	Sol4	G4	296	296	1	8	227	95	96	Ba	80.22222
513	9	Sol4	G4	296	296	1	8	227	99	96	kýn	80.33334
514	9	Sol4	G4	296	296	1	4	455	95	96		80.55556
515	9	Sol4	G4	296	296	1	4	455	95	96	ca 	80.77778
516	9	Sol4	G4	296	296	1	4	455	99	96	göz	81
517	9	La4	A4	305	305	1	8	227	95	96		81.11111
518	10	Si4b1	B4b1	313	313	1	4	455	95	96	le	81.33334
519	8	Do5	C5	318	318	0	0	0	95	96		81.33334
520	9	Si4b1	B4b1	313	313	1	8	227	99	96	ri	81.44444
521	9	La4	A4	305	305	1	8	227	95	96		81.55556
522	9	La4	A4	305	305	1	2	909	100	96	ne  	82
523	9	La4	A4	305	305	1	8	227	95	96		82.11111
524	9			-1	-1	1	8	227	100	0		82.22222
525	9	La4	A4	305	305	1	4	455	95	96	Mut	82.44444
526	9	La4	A4	305	305	1	8	227	95	96	lu	82.55556
527	9	La4	A4	305	305	1	2	909	95	96	luk 	83
528	9	Si4b1	B4b1	313	313	1	8	227	95	96	i	83.11111
529	9	Do5	C5	318	318	1	4	455	95	96	çi	83.33334
530	9	Si4b1	B4b1	313	313	1	8	227	99	96	yo	83.44444
531	9	La4	A4	305	305	1	8	227	95	96		83.55556
532	9	Sol4	G4	296	296	1	4	455	95	96	rum  	83.77778
533	9	Fa4#4	F4#4	291	291	1	8	227	95	96	SAZ 	83.88889
534	9	Mi4	E4	283	283	1	8	227	95	96	.	84
535	9	Re4	D4	274	274	1	8	227	95	96	.	84.11111
536	9	Sol4	G4	296	296	1	8	227	95	96	Ba	84.22222
537	9	Sol4	G4	296	296	1	8	227	99	96	kýn	84.33334
538	9	Sol4	G4	296	296	1	4	455	95	96		84.55556
539	9	Sol4	G4	296	296	1	4	455	95	96	ca 	84.77778
540	9	Sol4	G4	296	296	1	4	455	99	96	göz	85
541	9	La4	A4	305	305	1	8	227	95	96		85.11111
542	10	Si4b1	B4b1	313	313	1	4	455	95	96	le	85.33334
543	8	Do5	C5	318	318	0	0	0	95	96		85.33334
544	9	Si4b1	B4b1	313	313	1	8	227	99	96	ri	85.44444
545	9	La4	A4	305	305	1	8	227	95	96		85.55556
546	9	La4	A4	305	305	1	2	909	100	96	ne  	86
547	9	La4	A4	305	305	1	8	227	95	96		86.11111
548	9			-1	-1	1	8	227	100	0		86.22222
549	9	La4	A4	305	305	1	4	455	95	96	Mut	86.44444
550	9	La4	A4	305	305	1	8	227	95	96	lu	86.55556
551	9	La4	A4	305	305	1	2	909	95	96	luk 	87
552	9	Si4b1	B4b1	313	313	1	8	227	95	96	i	87.11111
553	9	Do5	C5	318	318	1	4	455	95	96	çi	87.33334
554	9	Si4b1	B4b1	313	313	1	8	227	99	96	yo	87.44444
555	9	La4#4	A4#4	309	309	1	8	227	95	96		87.55556
556	9	Si4b1	B4b1	313	313	1	2	909	100	96	rum  	88
557	9	Si4b1	B4b1	313	313	1	8	227	95	96		88.11111
558	9	Re5	D5	327	327	1	4	455	95	96	Sev	88.33334
559	9	Sol5	G5	349	349	1	4	455	95	96	da 	88.55556
560	9	Sol5	G5	349	349	1	4	455	95	96	bül	88.77778
561	9	Sol5	G5	349	349	1	4	455	99	96	bü	89
562	9	La5	A5	358	358	1	8	227	95	96		89.11111
563	9	La5	A5	358	358	1	8	227	99	96	lü 	89.22222
564	9	Sol5	G5	349	349	1	8	227	95	96		89.33334
565	9	Fa5	F5	340	340	1	8	227	99	96	gi	89.44444
566	9	Mi5	E5	336	336	1	8	227	95	96		89.55556
567	9	Re5	D5	327	327	1	8	227	99	96	bi  	89.66666
568	9	Mi5	E5	336	336	1	8	227	99	96		89.77778
569	9	Re5	D5	327	327	3	8	682	95	96		90.11111
570	9	Re5	D5	327	327	1	4	455	95	96	Ken	90.33334
571	9	Re5	D5	327	327	1	4	455	95	96	dim	90.55556
572	9	Re5	D5	327	327	1	2	909	95	96	den 	91
573	9	Do5#4	C5#4	322	322	1	8	227	95	96	ge	91.11111
574	9	Si4b1	B4b1	313	313	1	4	455	95	96	çi	91.33334
575	9	Do5#4	C5#4	322	322	1	8	227	99	96	yo	91.44444
576	9	Re5	D5	327	327	1	8	227	95	96		91.55556
577	9	Mi5	E5	336	336	1	2	909	100	96	rum  	92
578	9	Mi5	E5	336	336	1	8	227	95	96		92.11111
579	9	Re5	D5	327	327	1	4	455	95	96	Sev	92.33334
580	9	Sol5	G5	349	349	1	4	455	95	96	da 	92.55556
581	9	Sol5	G5	349	349	1	8	227	99	96	bül	92.66666
582	9	Fa5	F5	340	340	1	8	227	95	96		92.77778
583	9	Fa5	F5	340	340	1	4	455	99	96	bü	93
584	9	Mi5	E5	336	336	1	8	227	95	96		93.11111
585	9	Mi5	E5	336	336	1	8	227	99	96	lü 	93.22222
586	9	Re5	D5	327	327	1	8	227	95	96		93.33334
587	9	Re5	D5	327	327	1	8	227	99	96	gi	93.44444
588	9	Mi5	E5	336	336	1	8	227	95	96		93.55556
589	9	Re5	D5	327	327	1	8	227	99	96	bi  	93.66666
590	9	Do5	C5	318	318	1	8	227	99	96		93.77778
591	9	Si4b1	B4b1	313	313	3	8	682	95	96		94.11111
592	9	Do5	C5	318	318	1	4	455	95	96	Ken	94.33334
593	9	Do5	C5	318	318	1	4	455	95	96	dim	94.55556
594	9	Do5	C5	318	318	1	2	909	95	96	den 	95
595	9	Re5	D5	327	327	1	8	227	95	96	ge	95.11111
596	10	Mi5	E5	336	336	1	4	455	95	96	çi	95.33334
597	8	Fa5	F5	340	340	0	0	0	95	96		95.33334
598	9	Mi5	E5	336	336	1	8	227	99	96	yo	95.44444
599	9	Re5	D5	327	327	1	8	227	95	96		95.55556
600	9	Re5	D5	327	327	1	2	909	95	100	rum  	96
601	9	Re5	D5	327	327	1	8	227	95	96		96.11111
602	9	Re5	D5	327	327	3	8	682	95	96	Aþk 	96.44444
603	9			-1	-1	1	8	227	100	0		96.55556
604	9	Do5	C5	318	318	1	4	455	95	96	bu 	96.77778
605	9	Mi5	E5	336	336	1	8	227	95	96	de	96.88889
606	9	Re5	D5	327	327	1	8	227	99	96	ðil 	97
607	9	Do5	C5	318	318	1	8	227	95	96		97.11111
608	9	Do5	C5	318	318	3	16	341	95	96	mi  	97.27778
609	9	Re5	D5	327	327	1	16	114	95	96	SAZ 	97.33334
610	9	Do5	C5	318	318	1	8	227	95	96	.	97.44444
611	9	Si4b1	B4b1	313	313	1	8	227	95	96	.	97.55556
612	9	La4	A4	305	305	1	8	227	95	96	.	97.66666
613	9	Si4b1	B4b1	313	313	1	8	227	95	96	.	97.77778
614	9	Do5	C5	318	318	3	8	682	95	96	.	98.11111
615	9	Do5	C5	318	318	3	8	682	95	96	Aþk 	98.44444
616	9			-1	-1	1	8	227	100	0		98.55556
617	9	Si4b1	B4b1	313	313	1	4	455	95	96	bu 	98.77778
618	9	Re5	D5	327	327	1	8	227	95	96	de	98.88889
619	9	Do5	C5	318	318	1	8	227	99	96	ðil 	99
620	9	Si4b1	B4b1	313	313	1	8	227	95	96		99.11111
621	9	Si4b1	B4b1	313	313	3	16	341	95	96	mi  	99.27778
622	9	Do5	C5	318	318	1	16	114	95	96	SAZ 	99.33334
623	9	Si4b1	B4b1	313	313	1	8	227	95	96	.	99.44444
624	9	La4	A4	305	305	1	8	227	95	96	.	99.55556
625	9	Sol4	G4	296	296	1	8	227	95	96	.	99.66666
626	9	La4	A4	305	305	1	8	227	95	96	.	99.77778
627	9	Si4b1	B4b1	313	313	3	8	682	95	96	.	100.1111
628	9	Do5	C5	318	318	1	4	455	95	96	Söy	100.3333
629	9	Do5	C5	318	318	1	8	227	99	96	le 	100.4444
630	9	Si4b1	B4b1	313	313	1	8	227	95	96		100.5556
631	9	Do5	C5	318	318	1	8	227	99	96	sev	100.6667
632	9	Si4b1	B4b1	313	313	1	8	227	95	96		100.7778
633	9	Do5	C5	318	318	1	4	455	99	96	gi	101
634	9	Si4b1	B4b1	313	313	1	8	227	95	96		101.1111
635	9	Re5	D5	327	327	1	4	455	95	96	lim 	101.3333
636	9	Si4b1	B4b1	313	313	1	8	227	99	96	söy	101.4444
637	9	La4	A4	305	305	1	8	227	95	96		101.5556
638	9	La4	A4	305	305	5	8	1137	95	96	le  	102.1111
639	9	Re5	D5	327	327	3	8	682	95	96	Aþk 	102.4444
640	9	Si4b1	B4b1	313	313	1	8	227	95	96	bu 	102.5556
641	9	Do5	C5	318	318	1	8	227	99	96	de	102.6667
642	9	La4	A4	305	305	1	8	227	95	96		102.7778
643	9	Si4b1	B4b1	313	313	1	8	227	99	96	ðil 	102.8889
644	9	La4	A4	305	305	1	8	227	99	96		103
645	9	Sol4	G4	296	296	1	8	227	95	96		103.1111
646	9	Sol4	G4	296	296	1	4	455	99	96	mi  	103.3333
647	9	Sol4	G4	296	296	1	8	227	99	96		103.4444
648	9	Sol4	G4	296	296	1	8	227	99	96		103.5556
649	9	Sol4	G4	296	296	1	4	455	99	96		103.7778
650	9	Sol4	G4	296	296	1	4	455	99	96		104
651	9	Sol4	G4	296	296	1	8	227	95	96		104.1111
