Sira	Kod	Nota53	NotaAE	Koma53	KomaAE	Pay	Payda	Ms	LNS	Bas	Soz1	Offset
1	9	Si4b1	B4b1	313	313	3	32	312	95	96	ARANAÐME	4.166667E-02
2	9	La4#4	A4#4	309	309	1	32	104	95	96	.	5.555556E-02
3	9	Sol4	G4	296	296	1	8	417	95	96	.	0.1111111
4	9	La4#4	A4#4	309	309	1	8	417	95	96	.	0.1666667
5	9	Si4b1	B4b1	313	313	1	8	417	95	96	.	0.2222222
6	9	Do5	C5	318	318	1	8	417	95	96	.	0.2777778
7	9	Re5	D5	327	327	1	8	417	95	96	.	0.3333333
8	9	Mi5b3	E5b4	333	332	1	16	208	95	96	.	0.3611111
9	9	Fa5#4	F5#4	344	344	1	16	208	95	96	.	0.3888889
10	9	Mi5b3	E5b4	333	332	1	32	104	95	96	.	0.4027778
11	9	Re5	D5	327	327	1	32	104	95	96	.	0.4166667
12	9	Do5	C5	318	318	1	16	208	95	96	.	0.4444444
13	9	Re5	D5	327	327	1	16	208	95	96	.	0.4722222
14	9	Mi5b3	E5b4	333	332	1	16	208	95	96	.	0.5
15	9	Re5	D5	327	327	1	32	104	95	96	.	0.5138889
16	9	Do5	C5	318	318	1	32	104	95	96	.	0.5277778
17	9	Si4b1	B4b1	313	313	1	16	208	95	96	.	0.5555556
18	9	Do5	C5	318	318	1	16	208	95	96	.	0.5833333
19	9	Re5	D5	327	327	1	16	208	95	96	.	0.6111111
20	9	Do5	C5	318	318	1	32	104	95	96	.	0.625
21	9	Si4b1	B4b1	313	313	1	32	104	95	96	.	0.6388889
22	9	La4#4	A4#4	309	309	1	16	208	95	96	.	0.6666667
23	9	Si4b1	B4b1	313	313	1	4	833	95	96	.	0.7777778
24	9	La4#4	A4#4	309	309	1	16	208	95	96	.	0.8055556
25	9	Si4b1	B4b1	313	313	1	16	208	95	96	.	0.8333333
26	9	Do5	C5	318	318	1	16	208	95	96	.	0.8611111
27	9	La4#4	A4#4	309	309	1	16	208	95	96	.	0.8888889
28	9	Si4b1	B4b1	313	313	1	4	833	95	96	.	1
29	9	Do5	C5	318	318	1	16	208	95	96	.	1.027778
30	9	Re5	D5	327	327	1	8	417	95	96	.	1.083333
31	9	Do5	C5	318	318	1	16	208	95	96	.	1.111111
32	9	Si4b1	B4b1	313	313	1	8	417	95	96	.	1.166667
33	9	Do5	C5	318	318	1	8	417	95	96	.	1.222222
34	9	Re5	D5	327	327	1	8	417	95	96	.	1.277778
35	9	Mi5b3	E5b4	333	332	1	8	417	95	96	.	1.333333
36	9	Re5	D5	327	327	1	8	417	95	96	.	1.388889
37	9	La5	A5	358	358	1	16	208	95	96	.	1.416667
38	9	Sol5	G5	349	349	1	16	208	95	96	.	1.444444
39	9	Sol5	G5	349	349	1	16	208	95	96	.	1.472222
40	9	Fa5#4	F5#4	344	344	1	8	417	95	96	.	1.527778
41	9	Mi5b1	E5b1	335	335	1	16	208	95	96	.	1.555556
42	9	Fa5#4	F5#4	344	344	1	16	208	95	96	.	1.583333
43	9	Mi5b1	E5b1	335	335	1	16	208	95	96	.	1.611111
44	9	Mi5b1	E5b1	335	335	1	16	208	95	96	.	1.638889
45	11	Re5	D5	327	327	1	16	208	95	96	.	1.666667
46	9	Re5	D5	327	327	1	4	833	95	96	.	1.777778
47	9	Do5	C5	318	318	1	16	208	95	96	.	1.805556
48	9	Re5	D5	327	327	1	16	208	95	96	.	1.833333
49	9	Mi5b1	E5b1	335	335	1	16	208	95	96	.	1.861111
50	9	Fa5#4	F5#4	344	344	1	16	208	95	96	.	1.888889
51	9	Re5	D5	327	327	1	4	833	95	96	.	2
52	9	Do5	C5	318	318	1	16	208	95	96	.	2.027778
53	9	Re5	D5	327	327	1	8	417	95	96	.	2.083333
54	9	Mi5b1	E5b1	335	335	1	16	208	95	96	.	2.111111
55	9	Fa5#4	F5#4	344	344	1	8	417	95	96	.	2.166667
56	9	Sol5	G5	349	349	1	8	417	95	96	.	2.222222
57	9	La5	A5	358	358	1	8	417	95	96	.	2.277778
58	9	Sol5	G5	349	349	1	16	208	95	96	.	2.305556
59	9	Fa5#4	F5#4	344	344	1	16	208	95	96	.	2.333333
60	9	Si5b5	B5b5	362	362	1	8	417	95	96	.	2.388889
61	9	La5	A5	358	358	1	16	208	95	96	.	2.416667
62	9	Sol5	G5	349	349	1	16	208	95	96	.	2.444444
63	9	Sol5	G5	349	349	1	8	417	95	96	.	2.5
64	9	Fa5#4	F5#4	344	344	1	16	208	95	96	.	2.527778
65	9	Mi5b1	E5b1	335	335	1	16	208	95	96	.	2.555556
66	9	La5	A5	358	358	1	8	417	95	96	.	2.611111
67	9	Sol5	G5	349	349	1	16	208	95	96	.	2.638889
68	9	Fa5#4	F5#4	344	344	1	16	208	95	96	.	2.666667
69	9	Fa5#4	F5#4	344	344	1	8	417	95	96	.	2.722222
70	9	Mi5b1	E5b1	335	335	1	16	208	95	96	.	2.75
71	9	Re5	D5	327	327	1	16	208	95	96	.	2.777778
72	9	Sol5	G5	349	349	1	8	417	95	96	.	2.833333
73	9	Fa5#4	F5#4	344	344	1	16	208	95	96	.	2.861111
74	9	Mi5b1	E5b1	335	335	1	16	208	95	96	.	2.888889
75	9	Re5	D5	327	327	1	8	417	95	96	.	2.944444
76	9	Do5	C5	318	318	1	8	417	95	96	.	3
77	9	Si4b1	B4b1	313	313	1	16	208	95	96	.	3.027778
78	9	La4#4	A4#4	309	309	1	16	208	95	96	.	3.055556
79	9	Si4b1	B4b1	313	313	1	16	208	95	96	.	3.083333
80	9	Do5	C5	318	318	1	16	208	95	96	.	3.111111
81	9	Re5	D5	327	327	1	8	417	95	96	.	3.166667
82	9	Mi5b1	E5b1	335	335	1	8	417	95	96	.	3.222222
83	9	Fa5#4	F5#4	344	344	1	16	208	95	96	.	3.25
84	9	Sol5	G5	349	349	1	16	208	95	96	.	3.277778
85	9	La5	A5	358	358	1	16	208	95	96	.	3.305556
86	9	Si5b5	B5b5	362	362	1	16	208	95	96	.	3.333333
87	9	La5	A5	358	358	1	16	208	95	96	.	3.361111
88	9	Sol5	G5	349	349	1	16	208	95	96	.	3.388889
89	9	Fa5#4	F5#4	344	344	1	16	208	95	96	.	3.416667
90	9	Mi5b1	E5b1	335	335	1	16	208	95	96	.	3.444444
91	9	Re5	D5	327	327	3	16	625	95	96	.	3.527778
92	9	Do5	C5	318	318	1	16	208	95	96	.	3.555556
93	9	Re5	D5	327	327	1	16	208	95	96	.	3.583333
94	9	Do5	C5	318	318	1	16	208	95	96	.	3.611111
95	9	Do5	C5	318	318	1	16	208	95	96	.	3.638889
96	11	Si4b1	B4b1	313	313	1	16	208	95	96	.	3.666667
97	9	Si4b1	B4b1	313	313	1	4	833	95	96	.	3.777778
98	9	La4#4	A4#4	309	309	1	16	208	95	96	.	3.805556
99	9	Si4b1	B4b1	313	313	1	16	208	95	96	.	3.833333
100	9	Do5	C5	318	318	1	16	208	95	96	.	3.861111
101	9	La4#4	A4#4	309	309	1	16	208	95	96	.	3.888889
102	9	Si4b1	B4b1	313	313	3	16	625	95	96		3.972222
103	9	Do5	C5	318	318	1	16	208	95	96		4
104	52			0	0	1	4	0	72	0		4.111111
105	9	Si4b1	B4b1	313	313	3	32	312	95	96	ARANAÐME	4.152778
106	9	La4#4	A4#4	309	309	1	32	104	95	96	.	4.166667
107	9	Sol4	G4	296	296	1	8	417	95	96	.	4.222222
108	9	La4#4	A4#4	309	309	1	8	417	95	96	.	4.277778
109	9	Si4b1	B4b1	313	313	1	8	417	95	96	.	4.333333
110	9	Do5	C5	318	318	1	8	417	95	96	.	4.388889
111	9	Re5	D5	327	327	1	8	417	95	96	.	4.444445
112	9	Mi5b3	E5b4	333	332	1	16	208	95	96	.	4.472222
113	9	Fa5#4	F5#4	344	344	1	16	208	95	96	.	4.5
114	9	Mi5b3	E5b4	333	332	1	32	104	95	96	.	4.513889
115	9	Re5	D5	327	327	1	32	104	95	96	.	4.527778
116	9	Do5	C5	318	318	1	16	208	95	96	.	4.555555
117	9	Re5	D5	327	327	1	16	208	95	96	.	4.583333
118	9	Mi5b3	E5b4	333	332	1	16	208	95	96	.	4.611111
119	9	Re5	D5	327	327	1	32	104	95	96	.	4.625
120	9	Do5	C5	318	318	1	32	104	95	96	.	4.638889
121	9	Si4b1	B4b1	313	313	1	16	208	95	96	.	4.666667
122	9	Do5	C5	318	318	1	16	208	95	96	.	4.694445
123	9	Re5	D5	327	327	1	16	208	95	96	.	4.722222
124	9	Do5	C5	318	318	1	32	104	95	96	.	4.736111
125	9	Si4b1	B4b1	313	313	1	32	104	95	96	.	4.75
126	9	La4#4	A4#4	309	309	1	16	208	95	96	.	4.777778
127	9	Si4b1	B4b1	313	313	1	4	833	95	96	.	4.888889
128	9	La4#4	A4#4	309	309	1	16	208	95	96	.	4.916667
129	9	Si4b1	B4b1	313	313	1	16	208	95	96	.	4.944445
130	9	Do5	C5	318	318	1	16	208	95	96	.	4.972222
131	9	La4#4	A4#4	309	309	1	16	208	95	96	.	5
132	9	Si4b1	B4b1	313	313	1	4	833	95	96	.	5.111111
133	9	Do5	C5	318	318	1	16	208	95	96	.	5.138889
134	9	Re5	D5	327	327	1	8	417	95	96	.	5.194445
135	9	Do5	C5	318	318	1	16	208	95	96	.	5.222222
136	9	Si4b1	B4b1	313	313	1	8	417	95	96	.	5.277778
137	9	Do5	C5	318	318	1	8	417	95	96	.	5.333333
138	9	Re5	D5	327	327	1	8	417	95	96	.	5.388889
139	9	Mi5b3	E5b4	333	332	1	8	417	95	96	.	5.444445
140	9	Re5	D5	327	327	1	8	417	95	96	.	5.5
141	9	La5	A5	358	358	1	16	208	95	96	.	5.527778
142	9	Sol5	G5	349	349	1	16	208	95	96	.	5.555555
143	9	Sol5	G5	349	349	1	16	208	95	96	.	5.583333
144	9	Fa5#4	F5#4	344	344	1	8	417	95	96	.	5.638889
145	9	Mi5b1	E5b1	335	335	1	16	208	95	96	.	5.666667
146	9	Fa5#4	F5#4	344	344	1	16	208	95	96	.	5.694445
147	9	Mi5b1	E5b1	335	335	1	16	208	95	96	.	5.722222
148	9	Mi5b1	E5b1	335	335	1	16	208	95	96	.	5.75
149	11	Re5	D5	327	327	1	16	208	95	96	.	5.777778
150	9	Re5	D5	327	327	1	4	833	95	96	.	5.888889
151	9	Do5	C5	318	318	1	16	208	95	96	.	5.916667
152	9	Re5	D5	327	327	1	16	208	95	96	.	5.944445
153	9	Mi5b1	E5b1	335	335	1	16	208	95	96	.	5.972222
154	9	Fa5#4	F5#4	344	344	1	16	208	95	96	.	6
155	9	Re5	D5	327	327	1	4	833	95	96	.	6.111111
156	9	Do5	C5	318	318	1	16	208	95	96	.	6.138889
157	9	Re5	D5	327	327	1	8	417	95	96	.	6.194445
158	9	Mi5b1	E5b1	335	335	1	16	208	95	96	.	6.222222
159	9	Fa5#4	F5#4	344	344	1	8	417	95	96	.	6.277778
160	9	Sol5	G5	349	349	1	8	417	95	96	.	6.333333
161	9	La5	A5	358	358	1	8	417	95	96	.	6.388889
162	9	Sol5	G5	349	349	1	16	208	95	96	.	6.416667
163	9	Fa5#4	F5#4	344	344	1	16	208	95	96	.	6.444445
164	9	Si5b5	B5b5	362	362	1	8	417	95	96	.	6.5
165	9	La5	A5	358	358	1	16	208	95	96	.	6.527778
166	9	Sol5	G5	349	349	1	16	208	95	96	.	6.555555
167	9	Sol5	G5	349	349	1	8	417	95	96	.	6.611111
168	9	Fa5#4	F5#4	344	344	1	16	208	95	96	.	6.638889
169	9	Mi5b1	E5b1	335	335	1	16	208	95	96	.	6.666667
170	9	La5	A5	358	358	1	8	417	95	96	.	6.722222
171	9	Sol5	G5	349	349	1	16	208	95	96	.	6.75
172	9	Fa5#4	F5#4	344	344	1	16	208	95	96	.	6.777778
173	9	Fa5#4	F5#4	344	344	1	8	417	95	96	.	6.833333
174	9	Mi5b1	E5b1	335	335	1	16	208	95	96	.	6.861111
175	9	Re5	D5	327	327	1	16	208	95	96	.	6.888889
176	9	Sol5	G5	349	349	1	8	417	95	96	.	6.944445
177	9	Fa5#4	F5#4	344	344	1	16	208	95	96	.	6.972222
178	9	Mi5b1	E5b1	335	335	1	16	208	95	96	.	7
179	9	Re5	D5	327	327	1	8	417	95	96	.	7.055555
180	9	Do5	C5	318	318	1	8	417	95	96	.	7.111111
181	9	Si4b1	B4b1	313	313	1	16	208	95	96	.	7.138889
182	9	La4#4	A4#4	309	309	1	16	208	95	96	.	7.166667
183	9	Si4b1	B4b1	313	313	1	16	208	95	96	.	7.194445
184	9	Do5	C5	318	318	1	16	208	95	96	.	7.222222
185	9	Re5	D5	327	327	1	8	417	95	96	.	7.277778
186	9	Mi5b1	E5b1	335	335	1	8	417	95	96	.	7.333333
187	9	Fa5#4	F5#4	344	344	1	16	208	95	96	.	7.361111
188	9	Sol5	G5	349	349	1	16	208	95	96	.	7.388889
189	9	La5	A5	358	358	1	16	208	95	96	.	7.416667
190	9	Si5b5	B5b5	362	362	1	16	208	95	96	.	7.444445
191	9	La5	A5	358	358	1	16	208	95	96	.	7.472222
192	9	Sol5	G5	349	349	1	16	208	95	96	.	7.5
193	9	Fa5#4	F5#4	344	344	1	16	208	95	96	.	7.527778
194	9	Mi5b1	E5b1	335	335	1	16	208	95	96	.	7.555555
195	9	Re5	D5	327	327	3	16	625	95	96	.	7.638889
196	9	Do5	C5	318	318	1	16	208	95	96	.	7.666667
197	9	Re5	D5	327	327	1	16	208	95	96	.	7.694445
198	9	Do5	C5	318	318	1	16	208	95	96	.	7.722222
199	9	Do5	C5	318	318	1	16	208	95	96	.	7.75
200	11	Si4b1	B4b1	313	313	1	16	208	95	96	.	7.777778
201	9	Si4b1	B4b1	313	313	1	4	833	95	96	.	7.888889
202	9	La4#4	A4#4	309	309	1	16	208	95	96	.	7.916667
203	9	Si4b1	B4b1	313	313	1	16	208	95	96	.	7.944445
204	9	Do5	C5	318	318	1	16	208	95	96	.	7.972222
205	9	La4#4	A4#4	309	309	1	16	208	95	96	.	8
206	9	Si4b1	B4b1	313	313	3	16	625	95	96		8.083333
207	9	Do5	C5	318	318	1	16	208	95	96		8.111111
208	9	Re5	D5	327	327	1	8	417	95	96		8.166667
209	8	Sol5	G5	349	349	0	0	0	95	96		8.166667
210	9	Fa5	F5	340	340	1	16	208	95	96		8.194445
211	9	Mi5b1	E5b1	335	335	1	16	208	95	96		8.222222
212	9	Re5	D5	327	327	1	16	208	95	96		8.25
213	9	Do5	C5	318	318	1	16	208	95	96		8.277778
214	9	Si4b1	B4b1	313	313	1	16	208	95	96		8.305555
215	9	La4#4	A4#4	309	309	1	16	208	95	96		8.333333
216	8	La4#4	A4#4	309	309	0	0	0	95	96		8.333333
217	9	Sol4	G4	296	296	1	8	417	95	96		8.388889
218	9	Sol4	G4	296	296	1	4	833	95	96	Ben	8.5
219	9	La4#4	A4#4	309	309	1	8	417	99	96	siz_	8.555555
220	9	Si4b1	B4b1	313	313	1	2	1667	95	96	ey 	8.777778
221	9	Do5	C5	318	318	1	4	833	99	96	gül 	8.888889
222	9	Re5	D5	327	327	1	4	833	99	96		9
223	9	Do5	C5	318	318	1	8	417	99	96		9.055555
224	9	Si4b2	B4b1	312	313	1	8	417	99	96		9.111111
225	9	Do5	C5	318	318	1	8	417	99	96		9.166667
226	9	Si4b2	B4b1	312	313	1	16	208	99	96		9.194445
227	11	La4	A4	305	305	1	16	208	99	90		9.222222
228	9	La4	A4	305	305	1	4	833	95	96		9.333333
229	9			-1	-1	1	8	417	100	0		9.388889
230	9	Sol4	G4	296	296	1	4	833	95	96	gül	9.5
231	9	La4#4	A4#4	309	309	1	8	417	99	96	þen_	9.555555
232	9	Si4b1	B4b1	313	313	1	2	1667	95	96	i 	9.777778
233	9	Do5	C5	318	318	1	8	417	99	96	â	9.833333
234	9	Re5	D5	327	327	1	8	417	99	96		9.888889
235	9	Do5	C5	318	318	1	4	833	99	96		10
236	9	Re5	D5	327	327	1	4	833	99	96		10.11111
237	9	Re5	D5	327	327	1	8	417	99	96		10.16667
238	9	Mi5b1	E5b1	335	335	1	4	833	99	96		10.27778
239	9	Re5	D5	327	327	1	16	208	99	96		10.30556
240	9	Do5	C5	318	318	1	16	208	99	96		10.33333
241	9	Do5	C5	318	318	1	8	417	95	96		10.38889
242	9	Re5	D5	327	327	1	4	833	95	96	lem	10.5
243	9	Mi5b1	E5b1	335	335	1	8	417	95	96	de 	10.55556
244	9	Fa5#4	F5#4	344	344	1	8	417	99	96	mey 	10.61111
245	9	Sol5	G5	349	349	1	8	417	99	96		10.66667
246	10	La5	A5	358	358	1	8	417	99	96		10.72222
247	8	Si5b5	B5b5	362	362	0	0	0	99	96		10.72222
248	9	La5	A5	358	358	1	16	208	99	96		10.75
249	10	Sol5	G5	349	349	1	16	208	95	96		10.77778
250	8	La5	A5	358	358	0	0	0	99	96		10.77778
251	9	Sol5	G5	349	349	3	8	1250	99	96	nûþ 	10.94444
252	9	Sol5	G5	349	349	1	16	208	99	96		10.97222
253	11	Fa5#4	F5#4	344	344	1	16	208	99	96		11
254	9	Fa5#4	F5#4	344	344	3	16	625	99	96		11.08333
255	11	Mi5b1	E5b1	335	335	1	16	208	99	96		11.11111
256	9	Mi5b1	E5b1	335	335	1	8	417	99	96		11.16667
257	9	Re5	D5	327	327	1	4	833	99	96		11.27778
258	9	Do5	C5	318	318	1	8	417	95	96		11.33333
259	9			-1	-1	1	8	417	100	0		11.38889
260	9	Re5	D5	327	327	1	8	417	99	96	ey	11.44444
261	9	Mi5b1	E5b1	335	335	1	8	417	99	96		11.5
262	9	Sol5	G5	349	349	1	8	417	99	96		11.55556
263	9	Sol5	G5	349	349	1	16	208	99	96		11.58333
264	9	Fa5#4	F5#4	344	344	1	8	417	99	96		11.63889
265	9	Mi5b1	E5b1	335	335	1	16	208	99	96		11.66667
266	9	Fa5#4	F5#4	344	344	1	16	208	99	96		11.69444
267	9	Mi5b1	E5b1	335	335	1	16	208	95	96		11.72222
268	9	Mi5b1	E5b1	335	335	1	16	208	95	96	le	11.75
269	11	Re5	D5	327	327	1	16	208	95	96		11.77778
270	9	Re5	D5	327	327	3	8	1250	95	96	me  	11.94444
271	9	Fa5#4	F5#4	344	344	1	16	208	95	96	SAZ	11.97222
272	9	Mi5b1	E5b1	335	335	1	16	208	95	96	.	12
273	9	Re5	D5	327	327	1	16	208	95	96	.	12.02778
274	9	Do5	C5	318	318	1	16	208	95	96	.	12.05556
275	9	Si4b1	B4b1	313	313	1	16	208	95	96	.	12.08333
276	9	Do5	C5	318	318	1	16	208	95	96	.	12.11111
277	9	Re5	D5	327	327	1	2	1667	95	96	.	12.33333
278	9			-1	-1	1	8	417	100	0		12.38889
279	9	Re5	D5	327	327	1	4	833	95	96	An	12.5
280	9	Sol5	G5	349	349	1	8	417	95	96	de	12.55556
281	9	Sol5	G5	349	349	3	16	625	99	96	lib_	12.63889
282	9	Fa5#4	F5#4	344	344	1	16	208	99	96		12.66667
283	9	Mi5b1	E5b1	335	335	1	8	417	99	96		12.72222
284	9	Re5	D5	327	327	1	8	417	95	96		12.77778
285	9	Fa5#4	F5#4	344	344	1	8	417	99	96	i 	12.83333
286	9	Sol5	G5	349	349	1	8	417	99	96		12.88889
287	9	La5	A5	358	358	1	8	417	99	96		12.94444
288	9	Sol5	G5	349	349	1	8	417	99	96		13
289	9	Fa5#4	F5#4	344	344	1	8	417	99	96		13.05556
290	9	Mi5b1	E5b1	335	335	1	8	417	99	96		13.11111
291	9	Fa5#4	F5#4	344	344	1	8	417	99	96		13.16667
292	9	Sol5	G5	349	349	1	16	208	99	96		13.19444
293	9	Fa5#4	F5#4	344	344	1	16	208	99	96		13.22222
294	9	Mi5b1	E5b1	335	335	1	8	417	99	96		13.27778
295	9	Re5	D5	327	327	1	8	417	95	96		13.33333
296	9			-1	-1	1	8	417	100	0		13.38889
297	9	Re5	D5	327	327	1	4	833	95	96	aþ	13.5
298	9	Mi5b1	E5b1	335	335	1	8	417	95	96	ký	13.55556
299	9	Fa5	F5	340	340	3	16	625	99	96	ný 	13.63889
300	9	Mi5b1	E5b1	335	335	1	16	208	99	96		13.66667
301	9	Re5	D5	327	327	1	4	833	95	96		13.77778
302	9	Mi5b1	E5b1	335	335	3	16	625	99	96	has	13.86111
303	9	Re5	D5	327	327	1	16	208	99	96		13.88889
304	9	Do5	C5	318	318	1	4	833	99	96		14
305	9	Re5	D5	327	327	1	8	417	99	96		14.05556
306	9	Mi5b1	E5b1	335	335	1	8	417	99	96		14.11111
307	9	Re5	D5	327	327	1	8	417	99	96		14.16667
308	9	Do5	C5	318	318	1	4	833	99	96		14.27778
309	9	Si4b1	B4b1	313	313	1	8	417	95	96		14.33333
310	9			-1	-1	1	8	417	100	0		14.38889
311	9	Si4b1	B4b1	313	313	1	4	833	95	96	ret	14.5
312	9	Re5	D5	327	327	1	8	417	95	96	le 	14.55556
313	9	Do5	C5	318	318	1	8	417	99	96	hâ	14.61111
314	9	Re5	D5	327	327	1	8	417	99	96		14.66667
315	9	Do5	C5	318	318	1	8	417	99	96		14.72222
316	9	Si4b1	B4b1	313	313	1	8	417	95	96		14.77778
317	9	Sol5	G5	349	349	3	8	1250	99	96	mûþ 	14.94444
318	9	Fa5#4	F5#4	344	344	1	16	208	99	96		14.97222
319	9	Mi5b1	E5b1	335	335	1	16	208	99	96		15
320	9	Fa5#4	F5#4	344	344	1	8	417	99	96		15.05556
321	9	Mi5b1	E5b1	335	335	1	16	208	99	96		15.08333
322	9	Re5	D5	327	327	1	16	208	99	96		15.11111
323	9	Mi5b1	E5b1	335	335	1	8	417	99	96		15.16667
324	9	Re5	D5	327	327	1	16	208	99	96		15.19444
325	9	Do5	C5	318	318	1	16	208	99	96		15.22222
326	9	Re5	D5	327	327	1	8	417	99	96		15.27778
327	9	Do5	C5	318	318	1	16	208	99	96		15.30556
328	9	Si4b1	B4b1	313	313	1	16	208	99	96		15.33333
329	9	Si4b1	B4b1	313	313	1	8	417	95	96		15.38889
330	9	Do5	C5	318	318	1	16	208	99	96	ey	15.41667
331	9	Re5	D5	327	327	1	16	208	99	96		15.44444
332	9	Do5	C5	318	318	1	8	417	99	96		15.5
333	9	Re5	D5	327	327	1	8	417	99	96		15.55556
334	9	Re5	D5	327	327	1	16	208	99	96		15.58333
335	9	Do5	C5	318	318	1	8	417	99	96		15.63889
336	9	Si4b1	B4b1	313	313	1	16	208	99	96		15.66667
337	9	La4#4	A4#4	309	309	1	16	208	99	96		15.69444
338	9	Si4b1	B4b1	313	313	1	16	208	99	96		15.72222
339	9	Do5	C5	318	318	1	32	104	99	96		15.73611
340	9	Re5	D5	327	327	1	32	104	95	96		15.75
341	9	Do5	C5	318	318	1	32	104	99	96	le	15.76389
342	9	Si4b1	B4b1	313	313	1	32	104	95	96		15.77778
343	9	Si4b1	B4b1	313	313	3	8	1250	95	96	me  	15.94444
344	9	Fa5#4	F5#4	344	344	1	16	208	95	96	SAZ	15.97222
345	9	Mi5b1	E5b1	335	335	1	16	208	95	96	.	16
346	9	Re5	D5	327	327	1	16	208	95	96	.	16.02778
347	9	Do5	C5	318	318	1	16	208	95	96	.	16.05556
348	9	Si4b1	B4b1	313	313	1	16	208	95	96	.	16.08333
349	9	Do5	C5	318	318	1	16	208	95	96	.	16.11111
350	9	Re5	D5	327	327	1	2	1667	95	96	.	16.33333
351	9			-1	-1	1	8	417	100	0		16.38889
352	9	Re5	D5	327	327	1	4	833	95	96	An	16.5
353	9	Sol5	G5	349	349	1	8	417	95	96	de	16.55556
354	9	Sol5	G5	349	349	3	16	625	99	96	lib_	16.63889
355	9	Fa5#4	F5#4	344	344	1	16	208	99	96		16.66667
356	9	Mi5b1	E5b1	335	335	1	8	417	99	96		16.72222
357	9	Re5	D5	327	327	1	8	417	95	96		16.77778
358	9	Fa5#4	F5#4	344	344	1	8	417	99	96	i 	16.83333
359	9	Sol5	G5	349	349	1	8	417	99	96		16.88889
360	9	La5	A5	358	358	1	8	417	99	96		16.94444
361	9	Sol5	G5	349	349	1	8	417	99	96		17
362	9	Fa5#4	F5#4	344	344	1	8	417	99	96		17.05556
363	9	Mi5b1	E5b1	335	335	1	8	417	99	96		17.11111
364	9	Fa5#4	F5#4	344	344	1	8	417	99	96		17.16667
365	9	Sol5	G5	349	349	1	16	208	99	96		17.19444
366	9	Fa5#4	F5#4	344	344	1	16	208	99	96		17.22222
367	9	Mi5b1	E5b1	335	335	1	8	417	99	96		17.27778
368	9	Re5	D5	327	327	1	8	417	95	96		17.33333
369	9			-1	-1	1	8	417	100	0		17.38889
370	9	Re5	D5	327	327	1	4	833	95	96	aþ	17.5
371	9	Mi5b1	E5b1	335	335	1	8	417	95	96	ký	17.55556
372	9	Fa5	F5	340	340	3	16	625	99	96	ný 	17.63889
373	9	Mi5b1	E5b1	335	335	1	16	208	99	96		17.66667
374	9	Re5	D5	327	327	1	4	833	95	96		17.77778
375	9	Mi5b1	E5b1	335	335	3	16	625	99	96	has	17.86111
376	9	Re5	D5	327	327	1	16	208	99	96		17.88889
377	9	Do5	C5	318	318	1	4	833	99	96		18
378	9	Re5	D5	327	327	1	8	417	99	96		18.05556
379	9	Mi5b1	E5b1	335	335	1	8	417	99	96		18.11111
380	9	Re5	D5	327	327	1	8	417	99	96		18.16667
381	9	Do5	C5	318	318	1	4	833	99	96		18.27778
382	9	Si4b1	B4b1	313	313	1	8	417	95	96		18.33333
383	9			-1	-1	1	8	417	100	0		18.38889
384	9	Si4b1	B4b1	313	313	1	4	833	95	96	ret	18.5
385	9	Re5	D5	327	327	1	8	417	95	96	le 	18.55556
386	9	Do5	C5	318	318	1	8	417	99	96	hâ	18.61111
387	9	Re5	D5	327	327	1	8	417	99	96		18.66667
388	9	Do5	C5	318	318	1	8	417	99	96		18.72222
389	9	Si4b1	B4b1	313	313	1	8	417	95	96		18.77778
390	9	Sol5	G5	349	349	3	8	1250	99	96	mûþ 	18.94444
391	9	Fa5#4	F5#4	344	344	1	16	208	99	96		18.97222
392	9	Mi5b1	E5b1	335	335	1	16	208	99	96		19
393	9	Fa5#4	F5#4	344	344	1	8	417	99	96		19.05556
394	9	Mi5b1	E5b1	335	335	1	16	208	99	96		19.08333
395	9	Re5	D5	327	327	1	16	208	99	96		19.11111
396	9	Mi5b1	E5b1	335	335	1	8	417	99	96		19.16667
397	9	Re5	D5	327	327	1	16	208	99	96		19.19444
398	9	Do5	C5	318	318	1	16	208	99	96		19.22222
399	9	Re5	D5	327	327	1	8	417	99	96		19.27778
400	9	Do5	C5	318	318	1	16	208	99	96		19.30556
401	9	Si4b1	B4b1	313	313	1	16	208	99	96		19.33333
402	9	Si4b1	B4b1	313	313	1	8	417	95	96		19.38889
403	9	Do5	C5	318	318	1	16	208	99	96	ey	19.41667
404	9	Re5	D5	327	327	1	16	208	99	96		19.44444
405	9	Do5	C5	318	318	1	8	417	99	96		19.5
406	9	Re5	D5	327	327	1	8	417	99	96		19.55556
407	9	Re5	D5	327	327	1	16	208	99	96		19.58333
408	9	Do5	C5	318	318	1	8	417	99	96		19.63889
409	9	Si4b1	B4b1	313	313	1	16	208	99	96		19.66667
410	9	La4#4	A4#4	309	309	1	16	208	99	96		19.69444
411	9	Si4b1	B4b1	313	313	1	16	208	99	96		19.72222
412	9	Do5	C5	318	318	1	32	104	99	96		19.73611
413	9	Re5	D5	327	327	1	32	104	95	96		19.75
414	9	Do5	C5	318	318	1	32	104	99	96	le	19.76389
415	9	Si4b1	B4b1	313	313	1	32	104	95	96		19.77778
416	9	Si4b1	B4b1	313	313	3	8	1250	95	96	me  	19.94444
417	9	La5	A5	358	358	1	16	208	95	96	SAZ	19.97222
418	9	Sol5	G5	349	349	1	16	208	95	96	.	20
419	9	Sol5	G5	349	349	1	16	208	95	96	.	20.02778
420	9	Fa5#4	F5#4	344	344	1	16	208	95	96	.	20.05556
421	9	Fa5#4	F5#4	344	344	1	16	208	95	96	.	20.08333
422	9	Mi5#4	E5#4	340	340	1	16	208	95	96		20.11111
423	9	Fa5#4	F5#4	344	344	1	2	1667	95	96	.	20.33333
424	9			-1	-1	1	8	417	100	0		20.38889
425	9	Mi5#4	E5#4	340	340	1	4	833	95	96	Gön	20.5
426	9	Sol5	G5	349	349	1	8	417	95	96	lü	20.55556
427	9	Fa5#4	F5#4	344	344	1	2	1667	95	96	mü 	20.77778
428	9	Fa5#4	F5#4	344	344	1	8	417	99	96	sah	20.83333
429	9	Sol5	G5	349	349	1	8	417	99	96		20.88889
430	9	La5#4	A5#4	362	362	1	8	417	99	96		20.94444
431	9	Si5b1	B5b1	366	366	1	8	417	99	96		21
432	9	Do6	C6	371	371	1	8	417	99	96		21.05556
433	9	Si5b1	B5b1	366	366	1	8	417	99	96		21.11111
434	9	La5#4	A5#4	362	362	1	8	417	99	96		21.16667
435	9	Sol5	G5	349	349	1	4	833	99	96		21.27778
436	9	Fa5#4	F5#4	344	344	1	16	208	99	96		21.30556
437	9	Mi5#4	E5#4	340	340	1	16	208	99	96		21.33333
438	9	Fa5#4	F5#4	344	344	1	8	417	95	96		21.38889
439	9	Do6	C6	371	371	1	8	417	99	96	ba	21.44444
440	9	Si5b5	B5b5	362	362	1	8	417	95	96		21.5
441	9	La5	A5	358	358	1	8	417	95	96	yý 	21.55556
442	9	La5	A5	358	358	1	8	417	99	96	hic	21.61111
443	9	Sol5	G5	349	349	1	4	833	99	96		21.72222
444	9	La5	A5	358	358	1	16	208	99	96		21.75
445	9	Si5b5	B5b5	362	362	1	16	208	95	96		21.77778
446	9	La5	A5	358	358	1	16	208	99	96	râ	21.80556
447	9	Sol5	G5	349	349	1	16	208	99	96		21.83333
448	9	Fa5#4	F5#4	344	344	1	16	208	99	96		21.86111
449	9	Mi5#4	E5#4	340	340	1	16	208	99	96		21.88889
450	9	Fa5#4	F5#4	344	344	3	16	625	99	96		21.97222
451	9	Sol5	G5	349	349	1	16	208	99	96		22
452	9	Sol5	G5	349	349	1	16	208	99	96		22.02778
453	9	Fa5#4	F5#4	344	344	1	16	208	99	96		22.05556
454	9	Mi5b1	E5b1	335	335	1	16	208	99	96		22.08333
455	9	Re5	D5	327	327	1	16	208	99	96		22.11111
456	9	Mi5b1	E5b1	335	335	3	8	1250	99	96		22.27778
457	9	Re5	D5	327	327	1	8	417	95	96		22.33333
458	9			-1	-1	1	8	417	100	0		22.38889
459	9	Re5	D5	327	327	1	4	833	95	96	nýn	22.5
460	9	Mi5b1	E5b1	335	335	1	8	417	95	96	la 	22.55556
461	9	Fa5#4	F5#4	344	344	1	8	417	99	96	bî	22.61111
462	9	Sol5	G5	349	349	1	8	417	99	96		22.66667
463	9	La5	A5	358	358	1	8	417	99	96		22.72222
464	8	Si5b5	B5b5	362	362	0	0	0	99	96		22.72222
465	9	La5	A5	358	358	1	16	208	99	96		22.75
466	10	Sol5	G5	349	349	1	16	208	95	96		22.77778
467	8	La5	A5	358	358	0	0	0	99	96		22.77778
468	9	Sol5	G5	349	349	3	8	1250	99	96	hûþ 	22.94444
469	9	Sol5	G5	349	349	1	16	208	99	96		22.97222
470	9	Fa5#4	F5#4	344	344	1	16	208	99	96		23
471	9	Fa5#4	F5#4	344	344	3	16	625	99	96		23.08333
472	9	Mi5b1	E5b1	335	335	1	16	208	99	96		23.11111
473	9	Mi5b1	E5b1	335	335	1	8	417	99	96		23.16667
474	9	Re5	D5	327	327	1	4	833	99	96		23.27778
475	9	Do5	C5	318	318	1	8	417	95	96		23.33333
476	9			-1	-1	1	8	417	100	0		23.38889
477	9	Re5	D5	327	327	1	8	417	99	96	ey	23.44444
478	9	Mi5b1	E5b1	335	335	1	8	417	99	96		23.5
479	9	Sol5	G5	349	349	1	8	417	99	96		23.55556
480	9	Sol5	G5	349	349	1	16	208	99	96		23.58333
481	9	Fa5#4	F5#4	344	344	1	8	417	99	96		23.63889
482	9	Mi5b1	E5b1	335	335	1	16	208	99	96		23.66667
483	9	Fa5#4	F5#4	344	344	1	16	208	99	96		23.69444
484	9	Mi5b1	E5b1	335	335	1	16	208	95	96		23.72222
485	9	Mi5b1	E5b1	335	335	1	16	208	99	96	le	23.75
486	11	Re5	D5	327	327	1	16	208	95	96		23.77778
487	9	Re5	D5	327	327	3	8	1250	99	96	me  	23.94444
488	9	Fa5#4	F5#4	344	344	1	16	208	99	96	SAZ	23.97222
489	9	Mi5b1	E5b1	335	335	1	16	208	99	96	.	24
490	9	Re5	D5	327	327	1	16	208	99	96	.	24.02778
491	9	Do5	C5	318	318	1	16	208	99	96	.	24.05556
492	9	Si4b1	B4b1	313	313	1	16	208	99	96	.	24.08333
493	9	Do5	C5	318	318	1	16	208	95	96	.	24.11111
494	9	Re5	D5	327	327	1	2	1667	95	96	.	24.33333
495	9			-1	-1	1	8	417	100	0		24.38889
496	9	Re5	D5	327	327	1	4	833	95	96	An	24.5
497	9	Sol5	G5	349	349	1	8	417	95	96	de	24.55556
498	9	Sol5	G5	349	349	3	16	625	99	96	lib_	24.63889
499	9	Fa5#4	F5#4	344	344	1	16	208	99	96		24.66667
500	9	Mi5b1	E5b1	335	335	1	8	417	99	96		24.72222
501	9	Re5	D5	327	327	1	8	417	95	96		24.77778
502	9	Fa5#4	F5#4	344	344	1	8	417	99	96	i 	24.83333
503	9	Sol5	G5	349	349	1	8	417	99	96		24.88889
504	9	La5	A5	358	358	1	8	417	99	96		24.94444
505	9	Sol5	G5	349	349	1	8	417	99	96		25
506	9	Fa5#4	F5#4	344	344	1	8	417	99	96		25.05556
507	9	Mi5b1	E5b1	335	335	1	8	417	99	96		25.11111
508	9	Fa5#4	F5#4	344	344	1	8	417	99	96		25.16667
509	9	Sol5	G5	349	349	1	16	208	99	96		25.19444
510	9	Fa5#4	F5#4	344	344	1	16	208	99	96		25.22222
511	9	Mi5b1	E5b1	335	335	1	8	417	99	96		25.27778
512	9	Re5	D5	327	327	1	8	417	95	96		25.33333
513	9			-1	-1	1	8	417	100	0		25.38889
514	9	Re5	D5	327	327	1	4	833	95	96	aþ	25.5
515	9	Mi5b1	E5b1	335	335	1	8	417	95	96	ký	25.55556
516	9	Fa5	F5	340	340	3	16	625	99	96	ný 	25.63889
517	9	Mi5b1	E5b1	335	335	1	16	208	99	96		25.66667
518	9	Re5	D5	327	327	1	4	833	95	96		25.77778
519	9	Mi5b1	E5b1	335	335	3	16	625	99	96	has	25.86111
520	9	Re5	D5	327	327	1	16	208	99	96		25.88889
521	9	Do5	C5	318	318	1	4	833	99	96		26
522	9	Re5	D5	327	327	1	8	417	99	96		26.05556
523	9	Mi5b1	E5b1	335	335	1	8	417	99	96		26.11111
524	9	Re5	D5	327	327	1	8	417	99	96		26.16667
525	9	Do5	C5	318	318	1	4	833	99	96		26.27778
526	9	Si4b1	B4b1	313	313	1	8	417	95	96		26.33333
527	9			-1	-1	1	8	417	100	0		26.38889
528	9	Si4b1	B4b1	313	313	1	4	833	95	96	ret	26.5
529	9	Re5	D5	327	327	1	8	417	95	96	le 	26.55556
530	9	Do5	C5	318	318	1	8	417	99	96	hâ	26.61111
531	9	Re5	D5	327	327	1	8	417	99	96		26.66667
532	9	Do5	C5	318	318	1	8	417	99	96		26.72222
533	9	Si4b1	B4b1	313	313	1	8	417	95	96		26.77778
534	9	Sol5	G5	349	349	3	8	1250	99	96	mûþ 	26.94444
535	9	Fa5#4	F5#4	344	344	1	16	208	99	96		26.97222
536	9	Mi5b1	E5b1	335	335	1	16	208	99	96		27
537	9	Fa5#4	F5#4	344	344	1	8	417	99	96		27.05556
538	9	Mi5b1	E5b1	335	335	1	16	208	99	96		27.08333
539	9	Re5	D5	327	327	1	16	208	99	96		27.11111
540	9	Mi5b1	E5b1	335	335	1	8	417	99	96		27.16667
541	9	Re5	D5	327	327	1	16	208	99	96		27.19444
542	9	Do5	C5	318	318	1	16	208	99	96		27.22222
543	9	Re5	D5	327	327	1	8	417	99	96		27.27778
544	9	Do5	C5	318	318	1	16	208	99	96		27.30556
545	9	Si4b1	B4b1	313	313	1	16	208	99	96		27.33333
546	9	Si4b1	B4b1	313	313	1	8	417	95	96		27.38889
547	9	Do5	C5	318	318	1	16	208	99	96	ey	27.41667
548	9	Re5	D5	327	327	1	16	208	99	96		27.44444
549	9	Do5	C5	318	318	1	8	417	99	96		27.5
550	9	Re5	D5	327	327	1	8	417	99	96		27.55556
551	9	Re5	D5	327	327	1	16	208	99	96		27.58333
552	9	Do5	C5	318	318	1	8	417	99	96		27.63889
553	9	Si4b1	B4b1	313	313	1	16	208	99	96		27.66667
554	9	La4#4	A4#4	309	309	1	16	208	99	96		27.69444
555	9	Si4b1	B4b1	313	313	1	16	208	99	96		27.72222
556	9	Do5	C5	318	318	1	32	104	99	96		27.73611
557	9	Re5	D5	327	327	1	32	104	95	96		27.75
558	9	Do5	C5	318	318	1	32	104	99	96	le	27.76389
559	9	Si4b1	B4b1	313	313	1	32	104	95	96		27.77778
560	9	Si4b1	B4b1	313	313	3	8	1250	95	96	me  	27.94444
561	9	Fa5#4	F5#4	344	344	1	16	208	95	96	SAZ	27.97222
562	9	Mi5b1	E5b1	335	335	1	16	208	95	96	.	28
563	9	Re5	D5	327	327	1	16	208	95	96	.	28.02778
564	9	Do5	C5	318	318	1	16	208	95	96	.	28.05556
565	9	Si4b1	B4b1	313	313	1	16	208	95	96	.	28.08333
566	9	Do5	C5	318	318	1	16	208	95	96	.	28.11111
567	9	Re5	D5	327	327	1	2	1667	95	96	.	28.33333
568	9			-1	-1	1	8	417	100	0		28.38889
569	9	Re5	D5	327	327	1	4	833	95	96	An	28.5
570	9	Sol5	G5	349	349	1	8	417	95	96	de	28.55556
571	9	Sol5	G5	349	349	3	16	625	99	96	lib_	28.63889
572	9	Fa5#4	F5#4	344	344	1	16	208	99	96		28.66667
573	9	Mi5b1	E5b1	335	335	1	8	417	99	96		28.72222
574	9	Re5	D5	327	327	1	8	417	95	96		28.77778
575	9	Fa5#4	F5#4	344	344	1	8	417	99	96	i 	28.83333
576	9	Sol5	G5	349	349	1	8	417	99	96		28.88889
577	9	La5	A5	358	358	1	8	417	99	96		28.94444
578	9	Sol5	G5	349	349	1	8	417	99	96		29
579	9	Fa5#4	F5#4	344	344	1	8	417	99	96		29.05556
580	9	Mi5b1	E5b1	335	335	1	8	417	99	96		29.11111
581	9	Fa5#4	F5#4	344	344	1	8	417	99	96		29.16667
582	9	Sol5	G5	349	349	1	16	208	99	96		29.19444
583	9	Fa5#4	F5#4	344	344	1	16	208	99	96		29.22222
584	9	Mi5b1	E5b1	335	335	1	8	417	99	96		29.27778
585	9	Re5	D5	327	327	1	8	417	95	96		29.33333
586	9			-1	-1	1	8	417	100	0		29.38889
587	9	Re5	D5	327	327	1	4	833	95	96	aþ	29.5
588	9	Mi5b1	E5b1	335	335	1	8	417	95	96	ký	29.55556
589	9	Fa5	F5	340	340	3	16	625	99	96	ný 	29.63889
590	9	Mi5b1	E5b1	335	335	1	16	208	99	96		29.66667
591	9	Re5	D5	327	327	1	4	833	95	96		29.77778
592	9	Mi5b1	E5b1	335	335	3	16	625	99	96	has	29.86111
593	9	Re5	D5	327	327	1	16	208	99	96		29.88889
594	9	Do5	C5	318	318	1	4	833	99	96		30
595	9	Re5	D5	327	327	1	8	417	99	96		30.05556
596	9	Mi5b1	E5b1	335	335	1	8	417	99	96		30.11111
597	9	Re5	D5	327	327	1	8	417	99	96		30.16667
598	9	Do5	C5	318	318	1	4	833	99	96		30.27778
599	9	Si4b1	B4b1	313	313	1	8	417	95	96		30.33333
600	9			-1	-1	1	8	417	100	0		30.38889
601	9	Si4b1	B4b1	313	313	1	4	833	95	96	ret	30.5
602	9	Re5	D5	327	327	1	8	417	95	96	le 	30.55556
603	9	Do5	C5	318	318	1	8	417	99	96	hâ	30.61111
604	9	Re5	D5	327	327	1	8	417	99	96		30.66667
605	9	Do5	C5	318	318	1	8	417	99	96		30.72222
606	9	Si4b1	B4b1	313	313	1	8	417	95	96		30.77778
607	9	Sol5	G5	349	349	3	8	1250	99	96	mûþ 	30.94444
608	9	Fa5#4	F5#4	344	344	1	16	208	99	96		30.97222
609	9	Mi5b1	E5b1	335	335	1	16	208	99	96		31
610	9	Fa5#4	F5#4	344	344	1	8	417	99	96		31.05556
611	9	Mi5b1	E5b1	335	335	1	16	208	99	96		31.08333
612	9	Re5	D5	327	327	1	16	208	99	96		31.11111
613	9	Mi5b1	E5b1	335	335	1	8	417	99	96		31.16667
614	9	Re5	D5	327	327	1	16	208	99	96		31.19444
615	9	Do5	C5	318	318	1	16	208	99	96		31.22222
616	9	Re5	D5	327	327	1	8	417	99	96		31.27778
617	9	Do5	C5	318	318	1	16	208	99	96		31.30556
618	9	Si4b1	B4b1	313	313	1	16	208	99	96		31.33333
619	9	Si4b1	B4b1	313	313	1	8	417	95	96		31.38889
620	9	Do5	C5	318	318	1	16	208	99	96	ey	31.41667
621	9	Re5	D5	327	327	1	16	208	99	96		31.44444
622	9	Do5	C5	318	318	1	8	417	99	96		31.5
623	9	Re5	D5	327	327	1	8	417	99	96		31.55556
624	9	Re5	D5	327	327	1	16	208	99	96		31.58333
625	9	Do5	C5	318	318	1	8	417	99	96		31.63889
626	9	Si4b1	B4b1	313	313	1	16	208	99	96		31.66667
627	9	La4#4	A4#4	309	309	1	16	208	99	96		31.69444
628	9	Si4b1	B4b1	313	313	1	16	208	99	96		31.72222
629	9	Do5	C5	318	318	1	32	104	99	96		31.73611
630	9	Re5	D5	327	327	1	32	104	95	96		31.75
631	9	Do5	C5	318	318	1	32	104	99	96	le	31.76389
632	9	Si4b1	B4b1	313	313	1	32	104	95	96		31.77778
633	9	Si4b1	B4b1	313	313	3	8	1250	95	96	me  	31.94444
