Sira	Kod	Nota53	NotaAE	Koma53	KomaAE	Pay	Payda	Ms	LNS	Bas	Soz1	Offset
1	9			-1	-1	1	8	417	100	0		5.555556E-02
2	9	Fa5	F5	340	340	1	4	833	95	96	ARANAÐME 	0.1666667
3	9	Sol5	G5	349	349	1	8	417	95	96	.	0.2222222
4	9	Mi5	E5	336	336	3	16	625	95	96	.	0.3055556
5	9	Re5	D5	327	327	1	16	208	95	96	.	0.3333333
6	9	Do5#4	C5#4	322	322	1	4	833	95	96	.	0.4444444
7	9	Re5	D5	327	327	1	12	278	95	96	.	0.4814815
8	9	Do5#4	C5#4	322	322	1	12	278	95	96	.	0.5185185
9	9	Re5	D5	327	327	1	12	278	95	96	.	0.5555556
10	9	Mi5	E5	336	336	1	12	278	95	96	.	0.5925926
11	9	Re5	D5	327	327	1	12	278	95	96	.	0.6296296
12	9	Mi5	E5	336	336	1	12	278	95	96	.	0.6666667
13	9	Fa5	F5	340	340	1	12	278	95	96	.	0.7037037
14	9	Mi5	E5	336	336	1	12	278	95	96	.	0.7407407
15	9	Fa5	F5	340	340	1	12	278	95	96	.	0.7777778
16	9	Sol5	G5	349	349	1	12	278	95	96	.	0.8148148
17	9	Fa5	F5	340	340	1	12	278	95	96	.	0.8518519
18	9	Sol5	G5	349	349	1	12	278	95	96	.	0.8888889
19	9	La5	A5	358	358	1	4	833	95	96	.	1
20	9			-1	-1	1	8	417	100	0	.	1.055556
21	9	Si5b5	B5b5	362	362	1	8	417	95	96	.	1.111111
22	9	La5	A5	358	358	1	8	417	95	96	.	1.166667
23	9	Sol5	G5	349	349	1	8	417	95	96	.	1.222222
24	9	Sol5	G5	349	349	3	16	625	95	96	.	1.305556
25	9	Fa5	F5	340	340	1	16	208	95	96	.	1.333333
26	9	Fa5	F5	340	340	3	16	625	95	96	.	1.416667
27	9	Mi5	E5	336	336	1	16	208	95	96	.	1.444444
28	9	Mi5	E5	336	336	3	16	625	95	96	.	1.527778
29	9	Re5	D5	327	327	1	16	208	95	96	.	1.555556
30	9	Do5#4	C5#4	322	322	1	16	208	95	96	.	1.583333
31	9	Re5	D5	327	327	1	16	208	95	96	.	1.611111
32	9	Mi5	E5	336	336	1	16	208	95	96	.	1.638889
33	9	Do5#4	C5#4	322	322	1	16	208	95	96	.	1.666667
34	9	Re5	D5	327	327	1	4	833	95	96	.	1.777778
35	9	La4	A4	305	305	1	8	417	95	96	.	1.833333
36	9	Si4b5	B4b5	309	309	1	16	208	95	96	.	1.861111
37	9	Do5#4	C5#4	322	322	1	16	208	95	96	.	1.888889
38	9	Re5	D5	327	327	1	4	833	95	96	.	2
39	9			-1	-1	1	8	417	100	0	.	2.055556
40	9	Fa5	F5	340	340	1	4	833	95	96	.	2.166667
41	9	Sol5	G5	349	349	1	8	417	95	96	.	2.222222
42	9	Mi5	E5	336	336	3	16	625	95	96	.	2.305556
43	9	Re5	D5	327	327	1	16	208	95	96	.	2.333333
44	9	Do5#4	C5#4	322	322	1	4	833	95	96	.	2.444444
45	9			-1	-1	1	8	417	100	0	.	2.5
46	9	Do5#4	C5#4	322	322	1	4	833	95	96	.	2.611111
47	9	Re5	D5	327	327	1	8	417	95	96	.	2.666667
48	9	Re5	D5	327	327	1	16	208	95	96	.	2.694444
49	9	Mi5	E5	336	336	1	16	208	95	96	.	2.722222
50	9	Re5	D5	327	327	1	16	208	95	96	.	2.75
51	9	Do5#4	C5#4	322	322	1	16	208	95	96	.	2.777778
52	9	Do5#4	C5#4	322	322	1	16	208	95	96	.	2.805556
53	9	Re5	D5	327	327	1	16	208	95	96	.	2.833333
54	9	Do5#4	C5#4	322	322	1	16	208	95	96	.	2.861111
55	9	Si4b5	B4b5	309	309	1	16	208	95	96	.	2.888889
56	9	Do5#4	C5#4	322	322	1	16	208	95	96	.	2.916667
57	9	Si4b5	B4b5	309	309	1	16	208	95	96	.	2.944444
58	9	La4	A4	305	305	1	8	417	95	96	.	3
59	9			-1	-1	1	8	417	100	0		3.055556
60	9	Re5	D5	327	327	1	8	417	95	96	.	3.111111
61	9	Do5	C5	318	318	1	8	417	95	96	.	3.166667
62	9	Si4b5	B4b5	309	309	1	8	417	95	96	.	3.222222
63	9	La4	A4	305	305	1	8	417	95	96	.	3.277778
64	9	Sol4	G4	296	296	1	8	417	95	96	.	3.333333
65	9	Fa4	F4	287	287	1	8	417	95	96	.	3.388889
66	9	Mi4	E4	283	283	1	8	417	95	96	.	3.444444
67	9	Re4	D4	274	274	1	4	833	95	96	.	3.555556
68	9	Do4#4	C4#4	269	269	1	4	833	95	96	.	3.666667
69	9	Re4	D4	274	274	1	4	833	95	96	.	3.777778
70	9	La4	A4	305	305	1	8	417	95	96	.	3.833333
71	9	Si4b5	B4b5	309	309	1	16	208	95	96	.	3.861111
72	9	Do5#4	C5#4	322	322	1	16	208	95	96	.	3.888889
73	9	Re5	D5	327	327	1	4	833	95	96	.	4
74	52			0	0	1	4	0	72	0		4.111111
75	9			-1	-1	1	8	417	100	0		4.166667
76	9	Fa5	F5	340	340	1	4	833	95	96	ARANAÐME 	4.277778
77	9	Sol5	G5	349	349	1	8	417	95	96	.	4.333333
78	9	Mi5	E5	336	336	3	16	625	95	96	.	4.416667
79	9	Re5	D5	327	327	1	16	208	95	96	.	4.444445
80	9	Do5#4	C5#4	322	322	1	4	833	95	96	.	4.555555
81	9	Re5	D5	327	327	1	12	278	95	96	.	4.592593
82	9	Do5#4	C5#4	322	322	1	12	278	95	96	.	4.62963
83	9	Re5	D5	327	327	1	12	278	95	96	.	4.666667
84	9	Mi5	E5	336	336	1	12	278	95	96	.	4.703704
85	9	Re5	D5	327	327	1	12	278	95	96	.	4.740741
86	9	Mi5	E5	336	336	1	12	278	95	96	.	4.777778
87	9	Fa5	F5	340	340	1	12	278	95	96	.	4.814815
88	9	Mi5	E5	336	336	1	12	278	95	96	.	4.851852
89	9	Fa5	F5	340	340	1	12	278	95	96	.	4.888889
90	9	Sol5	G5	349	349	1	12	278	95	96	.	4.925926
91	9	Fa5	F5	340	340	1	12	278	95	96	.	4.962963
92	9	Sol5	G5	349	349	1	12	278	95	96	.	5
93	9	La5	A5	358	358	1	4	833	95	96	.	5.111111
94	9			-1	-1	1	8	417	100	0	.	5.166667
95	9	Si5b5	B5b5	362	362	1	8	417	95	96	.	5.222222
96	9	La5	A5	358	358	1	8	417	95	96	.	5.277778
97	9	Sol5	G5	349	349	1	8	417	95	96	.	5.333333
98	9	Sol5	G5	349	349	3	16	625	95	96	.	5.416667
99	9	Fa5	F5	340	340	1	16	208	95	96	.	5.444445
100	9	Fa5	F5	340	340	3	16	625	95	96	.	5.527778
101	9	Mi5	E5	336	336	1	16	208	95	96	.	5.555555
102	9	Mi5	E5	336	336	3	16	625	95	96	.	5.638889
103	9	Re5	D5	327	327	1	16	208	95	96	.	5.666667
104	9	Do5#4	C5#4	322	322	1	16	208	95	96	.	5.694445
105	9	Re5	D5	327	327	1	16	208	95	96	.	5.722222
106	9	Mi5	E5	336	336	1	16	208	95	96	.	5.75
107	9	Do5#4	C5#4	322	322	1	16	208	95	96	.	5.777778
108	9	Re5	D5	327	327	1	4	833	95	96	.	5.888889
109	9	La4	A4	305	305	1	8	417	95	96	.	5.944445
110	9	Si4b5	B4b5	309	309	1	16	208	95	96	.	5.972222
111	9	Do5#4	C5#4	322	322	1	16	208	95	96	.	6
112	9	Re5	D5	327	327	1	4	833	95	96	.	6.111111
113	9			-1	-1	1	8	417	100	0	.	6.166667
114	9	Fa5	F5	340	340	1	4	833	95	96	.	6.277778
115	9	Sol5	G5	349	349	1	8	417	95	96	.	6.333333
116	9	Mi5	E5	336	336	3	16	625	95	96	.	6.416667
117	9	Re5	D5	327	327	1	16	208	95	96	.	6.444445
118	9	Do5#4	C5#4	322	322	1	4	833	95	96	.	6.555555
119	9			-1	-1	1	8	417	100	0	.	6.611111
120	9	Do5#4	C5#4	322	322	1	4	833	95	96	.	6.722222
121	9	Re5	D5	327	327	1	8	417	95	96	.	6.777778
122	9	Re5	D5	327	327	1	16	208	95	96	.	6.805555
123	9	Mi5	E5	336	336	1	16	208	95	96	.	6.833333
124	9	Re5	D5	327	327	1	16	208	95	96	.	6.861111
125	9	Do5#4	C5#4	322	322	1	16	208	95	96	.	6.888889
126	9	Do5#4	C5#4	322	322	1	16	208	95	96	.	6.916667
127	9	Re5	D5	327	327	1	16	208	95	96	.	6.944445
128	9	Do5#4	C5#4	322	322	1	16	208	95	96	.	6.972222
129	9	Si4b5	B4b5	309	309	1	16	208	95	96	.	7
130	9	Do5#4	C5#4	322	322	1	16	208	95	96	.	7.027778
131	9	Si4b5	B4b5	309	309	1	16	208	95	96	.	7.055555
132	9	La4	A4	305	305	1	8	417	95	96	.	7.111111
133	9			-1	-1	1	8	417	100	0		7.166667
134	9	Re5	D5	327	327	1	8	417	95	96	.	7.222222
135	9	Do5	C5	318	318	1	8	417	95	96	.	7.277778
136	9	Si4b5	B4b5	309	309	1	8	417	95	96	.	7.333333
137	9	La4	A4	305	305	1	8	417	95	96	.	7.388889
138	9	Sol4	G4	296	296	1	8	417	95	96	.	7.444445
139	9	Fa4	F4	287	287	1	8	417	95	96	.	7.5
140	9	Mi4	E4	283	283	1	8	417	95	96	.	7.555555
141	9	Re4	D4	274	274	1	4	833	95	96	.	7.666667
142	9	Do4#4	C4#4	269	269	1	4	833	95	96	.	7.777778
143	9	Re4	D4	274	274	3	8	1250	95	96	.	7.944445
144	9	La4	A4	305	305	1	8	417	95	96	.	8
145	9	Si4b5	B4b5	309	309	1	8	417	95	96	.	8.055555
146	9	Do5#4	C5#4	322	322	1	8	417	95	96	.  	8.111111
147	9			-1	-1	1	2	1667	100	0		8.333333
148	9			-1	-1	1	8	417	100	0		8.388889
149	9	La4	A4	305	305	1	4	833	95	96	Gül	8.5
150	9	Re5	D5	327	327	1	8	417	95	96	ler_	8.555555
151	9	Mi5	E5	336	336	1	16	208	99	96	aç	8.583333
152	9	Re5	D5	327	327	1	16	208	99	96		8.611111
153	9	Re5	D5	327	327	1	16	208	99	96		8.638889
154	9	Do5#4	C5#4	322	322	1	16	208	99	96		8.666667
155	9	Re5	D5	327	327	1	4	833	95	96		8.777778
156	9	Do5#4	C5#4	322	322	1	16	208	99	96	mýþ 	8.805555
157	9	Re5	D5	327	327	1	16	208	99	96		8.833333
158	9	Mi5	E5	336	336	3	8	1250	100	96		9
159	9	Mi5	E5	336	336	1	4	833	99	96		9.111111
160	9	Sol5	G5	349	349	1	16	208	99	96		9.138889
161	9	Fa5	F5	340	340	1	16	208	99	96		9.166667
162	9	Mi5	E5	336	336	1	16	208	99	96		9.194445
163	9	Re5	D5	327	327	1	16	208	99	96		9.222222
164	9	Do5#4	C5#4	322	322	1	16	208	99	96		9.25
165	9	Si4b5	B4b5	309	309	1	16	208	99	96		9.277778
166	9	La4	A4	305	305	1	8	417	95	96		9.333333
167	9			-1	-1	1	8	417	100	0		9.388889
168	9	La4	A4	305	305	1	4	833	95	96	bül	9.5
169	9	Si4b5	B4b5	309	309	1	8	417	95	96	bül_	9.555555
170	9	Do5#4	C5#4	322	322	1	8	417	99	96	ol	9.611111
171	9	Si4b5	B4b5	309	309	1	16	208	99	96		9.638889
172	9	Do5#4	C5#4	322	322	1	16	208	99	96		9.666667
173	9	Re5	D5	327	327	1	8	417	99	96		9.722222
174	9	Do5#4	C5#4	322	322	1	16	208	99	96		9.75
175	9	Re5	D5	327	327	1	16	208	95	96		9.777778
176	9	Mi5	E5	336	336	3	16	625	99	96	muþ 	9.861111
177	9	Sol5	G5	349	349	1	16	208	99	96		9.888889
178	9	Fa5	F5	340	340	1	4	833	100	96		10
179	9	Fa5	F5	340	340	1	4	833	95	96		10.11111
180	9			-1	-1	1	8	417	100	0		10.16667
181	9	Fa5	F5	340	340	1	4	833	99	96	bî-	10.27778
182	9	La5	A5	358	358	1	4	834	99	96		10.38889
183	9	Sol5	G5	349	349	1	4	833	99	96		10.5
184	9	Si5b5	B5b5	362	362	1	8	417	99	96		10.55556
185	9	La5	A5	358	358	1	8	417	99	96		10.61111
186	9	Sol5	G5	349	349	1	8	417	99	96		10.66667
187	9	Fa5	F5	340	340	1	8	417	99	96		10.72222
188	9	Mi5	E5	336	336	1	8	417	99	96		10.77778
189	9	Mi5	E5	336	336	1	16	208	99	96		10.80556
190	9	Re5	D5	327	327	1	16	208	99	96		10.83333
191	9	Re5	D5	327	327	1	16	208	99	96		10.86111
192	9	Do5#4	C5#4	322	322	1	16	208	99	96		10.88889
193	9	Re5	D5	327	327	1	4	833	95	96		11
194	9	Mi5	E5	336	336	1	16	208	99	96	ka	11.02778
195	9	Sol5	G5	349	349	1	16	208	99	96		11.05556
196	9	Fa5	F5	340	340	1	16	208	95	96		11.08333
197	9	Mi5	E5	336	336	3	16	625	95	96		11.16667
198	9	Mi5	E5	336	336	1	4	833	99	96	rar  	11.27778
199	9	Re5	D5	327	327	1	16	208	99	96		11.30556
200	9	Do5#4	C5#4	322	322	1	16	208	99	96		11.33333
201	9	Do5#4	C5#4	322	322	3	8	1250	99	96		11.5
202	9	Si4b5	B4b5	309	309	1	16	208	99	96		11.52778
203	9	La4	A4	305	305	1	16	208	99	96		11.55556
204	9	La4	A4	305	305	3	8	1250	95	96		11.72222
205	9	Si4b5	B4b5	309	309	1	16	208	95	96	SAZ 	11.75
206	9	Do5#4	C5#4	322	322	1	16	208	95	96	.	11.77778
207	9	Re5	D5	327	327	3	8	1250	95	96	.	11.94444
208	9	Fa5	F5	340	340	1	8	417	95	96	.	12
209	9	Mi5	E5	336	336	1	8	417	95	96	.	12.05556
210	9	Sol5	G5	349	349	1	8	417	95	96	.	12.11111
211	1	Fa5	F5	340	340	3	16	625	95	96	.	12.19444
212	1	Sol5	G5	349	349	1	16	208	95	96	.	12.22222
213	1	Fa5	F5	340	340	1	16	208	95	96	.	12.25
214	1	Mi5	E5	336	336	1	16	208	95	96	.	12.27778
215	1	Fa5	F5	340	340	1	8	417	95	96	.  	12.33333
216	9			-1	-1	1	8	417	100	0		12.38889
217	9	Fa5	F5	340	340	1	4	833	95	96	Gel 	12.5
218	9	Fa5	F5	340	340	1	8	417	95	96	a	12.55556
219	9	Sol5	G5	349	349	1	16	208	99	96	çýl 	12.58333
220	9	Fa5	F5	340	340	1	16	208	99	96		12.61111
221	9	Fa5	F5	340	340	1	16	208	99	96		12.63889
222	9	Mi5	E5	336	336	1	16	208	99	96		12.66667
223	9	Fa5	F5	340	340	1	4	833	95	96		12.77778
224	9	Mi5	E5	336	336	1	8	417	99	96	gül	12.83333
225	9	Fa5	F5	340	340	3	8	1250	100	96		13
226	9	Fa5	F5	340	340	1	8	417	99	96		13.05556
227	9	Mi5	E5	336	336	1	8	417	99	96		13.11111
228	9	La5	A5	358	358	1	16	208	99	96		13.13889
229	9	Sol5#4	G5#4	353	353	1	16	208	99	96		13.16667
230	9	Fa5	F5	340	340	1	16	208	99	96		13.19444
231	9	Mi5	E5	336	336	1	16	208	99	96		13.22222
232	9	Re5	D5	327	327	1	16	208	99	96		13.25
233	9	Do5#4	C5#4	322	322	1	16	208	99	96		13.27778
234	9	Si4b5	B4b5	309	309	1	4	834	95	96		13.38889
235	9	Do5#4	C5#4	322	322	1	4	833	95	96	þen	13.5
236	9	Re5	D5	327	327	1	16	208	99	96	de 	13.52778
237	9	Mi5	E5	336	336	1	16	208	95	96		13.55556
238	9	Do5#4	C5#4	322	322	3	16	625	99	96	ey 	13.63889
239	9	Si4b5	B4b5	309	309	1	16	208	99	96		13.66667
240	9	Si4b5	B4b5	309	309	3	16	625	99	96		13.75
241	9	La4	A4	305	305	1	16	208	95	96		13.77778
242	9	Sol4#4	G4#4	300	300	1	4	833	99	96	reþk_	13.88889
243	9	La4	A4	305	305	1	4	833	100	96		14
244	9	La4	A4	305	305	3	8	1250	95	96		14.16667
245	9	Do5	C5	318	318	3	8	1250	99	96	i 	14.33333
246	9	Re5	D5	327	327	1	8	417	99	96		14.38889
247	9	Do5	C5	318	318	1	8	417	99	96		14.44444
248	9	Si4b5	B4b5	309	309	1	8	417	99	96		14.5
249	9	La4	A4	305	305	1	4	834	99	96		14.61111
250	9	Sol4	G4	296	296	1	4	833	99	96		14.72222
251	9	Si4b5	B4b5	309	309	1	8	417	99	96		14.77778
252	9	La4	A4	305	305	3	16	625	99	96		14.86111
253	9	Sol4	G4	296	296	1	16	208	99	96		14.88889
254	9	Fa4	F4	287	287	3	16	625	99	96		14.97222
255	9	Mi4	E4	283	283	1	16	208	95	96		15
256	9	Re4	D4	274	274	3	8	1250	95	96	ba	15.16667
257	9	La4	A4	305	305	1	4	833	99	96	har  	15.27778
258	9	Sol4	G4	296	296	1	16	208	99	96		15.30556
259	9	Fa4	F4	287	287	1	16	208	99	96		15.33333
260	9	Fa4	F4	287	287	3	8	1250	99	96		15.5
261	9	Mi4	E4	283	283	1	16	208	99	96		15.52778
262	9	Re4	D4	274	274	1	16	208	99	96		15.55556
263	9	Mi4	E4	283	283	1	4	833	99	96		15.66667
264	9	Do4#4	C4#4	269	269	1	4	833	99	96		15.77778
265	9	Re4	D4	274	274	3	8	1250	95	96		15.94444
266	9	Fa5	F5	340	340	1	8	417	95	96	SAZ 	16
267	9	Mi5	E5	336	336	1	8	417	95	96	.	16.05556
268	9	Sol5	G5	349	349	1	8	417	95	96	.  	16.11111
269	1	Fa5	F5	340	340	3	16	625	95	96	.	16.19444
270	1	Sol5	G5	349	349	1	16	208	95	96	.	16.22222
271	1	Fa5	F5	340	340	1	16	208	95	96	.	16.25
272	1	Mi5	E5	336	336	1	16	208	95	96	.	16.27778
273	1	Fa5	F5	340	340	1	8	417	95	96	.  	16.33333
274	9			-1	-1	1	8	417	100	0		16.38889
275	9	Fa5	F5	340	340	1	4	833	95	96	Gel 	16.5
276	9	Fa5	F5	340	340	1	8	417	95	96	a	16.55556
277	9	Sol5	G5	349	349	1	16	208	99	96	çýl 	16.58333
278	9	Fa5	F5	340	340	1	16	208	99	96		16.61111
279	9	Fa5	F5	340	340	1	16	208	99	96		16.63889
280	9	Mi5	E5	336	336	1	16	208	99	96		16.66667
281	9	Fa5	F5	340	340	1	4	833	95	96		16.77778
282	9	Mi5	E5	336	336	1	8	417	99	96	gül	16.83333
283	9	Fa5	F5	340	340	3	8	1250	100	96		17
284	9	Fa5	F5	340	340	1	8	417	99	96		17.05556
285	9	Mi5	E5	336	336	1	8	417	99	96		17.11111
286	9	La5	A5	358	358	1	16	208	99	96		17.13889
287	9	Sol5#4	G5#4	353	353	1	16	208	99	96		17.16667
288	9	Fa5	F5	340	340	1	16	208	99	96		17.19444
289	9	Mi5	E5	336	336	1	16	208	99	96		17.22222
290	9	Re5	D5	327	327	1	16	208	99	96		17.25
291	9	Do5#4	C5#4	322	322	1	16	208	99	96		17.27778
292	9	Si4b5	B4b5	309	309	1	4	834	95	96		17.38889
293	9	Do5#4	C5#4	322	322	1	4	833	95	96	þen	17.5
294	9	Re5	D5	327	327	1	16	208	99	96	de 	17.52778
295	9	Mi5	E5	336	336	1	16	208	95	96		17.55556
296	9	Do5#4	C5#4	322	322	3	16	625	99	96	ey 	17.63889
297	9	Si4b5	B4b5	309	309	1	16	208	99	96		17.66667
298	9	Si4b5	B4b5	309	309	3	16	625	99	96		17.75
299	9	La4	A4	305	305	1	16	208	95	96		17.77778
300	9	Sol4#4	G4#4	300	300	1	4	833	99	96	reþk_	17.88889
301	9	La4	A4	305	305	1	4	833	100	96		18
302	9	La4	A4	305	305	3	8	1250	95	96		18.16667
303	9	Do5	C5	318	318	3	8	1250	99	96	i 	18.33333
304	9	Re5	D5	327	327	1	8	417	99	96		18.38889
305	9	Do5	C5	318	318	1	8	417	99	96		18.44444
306	9	Si4b5	B4b5	309	309	1	8	417	99	96		18.5
307	9	La4	A4	305	305	1	4	834	99	96		18.61111
308	9	Sol4	G4	296	296	1	4	833	99	96		18.72222
309	9	Si4b5	B4b5	309	309	1	8	417	99	96		18.77778
310	9	La4	A4	305	305	3	16	625	99	96		18.86111
311	9	Sol4	G4	296	296	1	16	208	99	96		18.88889
312	9	Fa4	F4	287	287	3	16	625	99	96		18.97222
313	9	Mi4	E4	283	283	1	16	208	95	96		19
314	9	Re4	D4	274	274	3	8	1250	99	96	ba	19.16667
315	9	La4	A4	305	305	1	4	833	99	96		19.27778
316	9	Sol4	G4	296	296	1	16	208	99	96		19.30556
317	9	Fa4	F4	287	287	1	16	208	99	96		19.33333
318	9	Fa4	F4	287	287	3	8	1250	99	96		19.5
319	9	Mi4	E4	283	283	1	16	208	99	96		19.52778
320	9	Re4	D4	274	274	1	16	208	99	96		19.55556
321	9	Mi4	E4	283	283	1	4	833	99	96		19.66667
322	9	Do4#4	C4#4	269	269	1	4	833	99	96		19.77778
323	9	Re4	D4	274	274	3	8	1250	95	96		19.94444
324	9	Sol5	G5	349	349	1	8	417	95	96	SAZ 	20
325	9	Fa5	F5	340	340	1	8	417	95	96	.	20.05556
326	9	Sol5	G5	349	349	1	8	417	95	96	.	20.11111
327	1	La5	A5	358	358	3	16	625	95	96	.	20.19444
328	1	Si5b5	B5b5	362	362	1	16	208	95	96	.	20.22222
329	1	La5	A5	358	358	1	16	208	95	96	.	20.25
330	1	Sol5	G5	349	349	1	16	208	95	96	.	20.27778
331	1	La5	A5	358	358	1	8	417	95	96	.	20.33333
332	9			-1	-1	1	8	417	100	0		20.38889
333	9	La5	A5	358	358	1	16	208	99	96	Câ	20.41667
334	9	Sol5	G5	349	349	1	16	208	99	96		20.44444
335	9	Fa5#4	F5#4	344	344	1	8	417	95	96		20.5
336	9	Sol5	G5	349	349	1	8	417	95	96	na 	20.55556
337	9	La5	A5	358	358	1	2	1667	95	96	te	20.77778
338	9	Sol5	G5	349	349	1	8	417	99	96	sir 	20.83333
339	9	La5	A5	358	358	3	8	1250	100	96		21
340	9	La5	A5	358	358	1	4	833	99	96		21.11111
341	9	Si5	B5	367	367	1	16	208	99	96		21.13889
342	9	La5	A5	358	358	1	16	208	99	96		21.16667
343	9	Sol5	G5	349	349	1	16	208	99	96		21.19444
344	9	La5	A5	358	358	1	16	208	99	96		21.22222
345	9	Sol5	G5	349	349	1	8	417	99	96		21.27778
346	9	Fa5#4	F5#4	344	344	1	8	417	95	96		21.33333
347	9			-1	-1	1	8	417	100	0		21.38889
348	9	Si5	B5	367	367	1	8	417	99	96	et	21.44444
349	9	La5	A5	358	358	1	8	417	95	96		21.5
350	9	Si5	B5	367	367	1	8	417	95	96	ti 	21.55556
351	9	Sol5	G5	349	349	3	16	625	99	96	ye	21.63889
352	9	La5	A5	358	358	1	16	208	99	96		21.66667
353	9	Sol5	G5	349	349	1	16	208	99	96		21.69444
354	9	Fa5#4	F5#4	344	344	1	16	208	99	96		21.72222
355	9	Fa5#4	F5#4	344	344	1	16	208	99	96		21.75
356	9	Mi5	E5	336	336	1	16	208	95	96		21.77778
357	9	Mi5	E5	336	336	3	4	2500	95	96	si 	22.11111
358	9			-1	-1	1	8	417	100	0		22.16667
359	9	La5	A5	358	358	1	4	833	99	96	in	22.27778
360	9	Sol5#4	G5#4	353	353	1	16	208	99	96		22.30556
361	9	Fa5	F5	340	340	1	16	208	99	96		22.33333
362	9	Fa5	F5	340	340	3	8	1250	99	96		22.5
363	9	Mi5	E5	336	336	1	16	208	99	96		22.52778
364	9	Re5	D5	327	327	1	16	208	99	96		22.55556
365	9	Mi5	E5	336	336	3	8	1250	99	96		22.72222
366	9	Re5	D5	327	327	1	16	208	99	96		22.75
367	9	Do5#4	C5#4	322	322	1	16	208	99	96		22.77778
368	9	Re5	D5	327	327	1	8	417	99	96		22.83333
369	9	Do5#4	C5#4	322	322	1	16	208	99	96		22.86111
370	9	Si4b5	B4b5	309	309	1	16	208	99	96		22.88889
371	9	Do5#4	C5#4	322	322	1	8	417	99	96		22.94444
372	9	Si4b5	B4b5	309	309	1	16	208	99	96		22.97222
373	9	La4	A4	305	305	1	16	208	95	96		23
374	9	La4	A4	305	305	3	8	1250	95	96	ti	23.16667
375	9	Re5	D5	327	327	1	4	833	99	96	zâr  	23.27778
376	9	Mi5	E5	336	336	1	8	417	99	96		23.33333
377	9	Fa5	F5	340	340	3	16	625	99	96		23.41667
378	9	Sol5#4	G5#4	353	353	1	16	208	99	96		23.44444
379	9	La5	A5	358	358	3	16	625	99	96		23.52778
380	9	Sol5#4	G5#4	353	353	1	16	208	99	96		23.55556
381	9	Fa5	F5	340	340	3	16	625	99	96		23.63889
382	9	Mi5	E5	336	336	1	16	208	99	96		23.66667
383	9	Mi5	E5	336	336	1	16	208	99	96		23.69444
384	9	Re5	D5	327	327	1	16	208	99	96		23.72222
385	9	Re5	D5	327	327	1	16	208	99	96		23.75
386	9	Do5#4	C5#4	322	322	1	16	208	99	96		23.77778
387	9	Re5	D5	327	327	3	8	1250	95	96		23.94444
388	9	Fa5	F5	340	340	1	8	417	95	96	SAZ 	24
389	9	Mi5	E5	336	336	1	8	417	95	96	.	24.05556
390	9	Sol5	G5	349	349	1	8	417	95	96	.	24.11111
391	1	Fa5	F5	340	340	3	16	625	95	96	.	24.19444
392	1	Sol5	G5	349	349	1	16	208	95	96	.	24.22222
393	1	Fa5	F5	340	340	1	16	208	95	96	.	24.25
394	1	Mi5	E5	336	336	1	16	208	95	96	.	24.27778
395	1	Fa5	F5	340	340	1	8	417	95	96	.  	24.33333
396	9			-1	-1	1	8	417	100	0		24.38889
397	9	Fa5	F5	340	340	1	4	833	95	96	Gel 	24.5
398	9	Fa5	F5	340	340	1	8	417	95	96	a	24.55556
399	9	Sol5	G5	349	349	1	16	208	99	96	çýl 	24.58333
400	9	Fa5	F5	340	340	1	16	208	99	96		24.61111
401	9	Fa5	F5	340	340	1	16	208	99	96		24.63889
402	9	Mi5	E5	336	336	1	16	208	99	96		24.66667
403	9	Fa5	F5	340	340	1	4	833	95	96		24.77778
404	9	Mi5	E5	336	336	1	8	417	99	96	gül	24.83333
405	9	Fa5	F5	340	340	3	8	1250	100	96		25
406	9	Fa5	F5	340	340	1	8	417	99	96		25.05556
407	9	Mi5	E5	336	336	1	8	417	99	96		25.11111
408	9	La5	A5	358	358	1	16	208	99	96		25.13889
409	9	Sol5#4	G5#4	353	353	1	16	208	99	96		25.16667
410	9	Fa5	F5	340	340	1	16	208	99	96		25.19444
411	9	Mi5	E5	336	336	1	16	208	99	96		25.22222
412	9	Re5	D5	327	327	1	16	208	99	96		25.25
413	9	Do5#4	C5#4	322	322	1	16	208	99	96		25.27778
414	9	Si4b5	B4b5	309	309	1	4	834	95	96		25.38889
415	9	Do5#4	C5#4	322	322	1	4	833	95	96	þen	25.5
416	9	Re5	D5	327	327	1	16	208	99	96	de 	25.52778
417	9	Mi5	E5	336	336	1	16	208	95	96		25.55556
418	9	Do5#4	C5#4	322	322	3	16	625	99	96	ey 	25.63889
419	9	Si4b5	B4b5	309	309	1	16	208	99	96		25.66667
420	9	Si4b5	B4b5	309	309	3	16	625	99	96		25.75
421	9	La4	A4	305	305	1	16	208	95	96		25.77778
422	9	Sol4#4	G4#4	300	300	1	4	833	99	96	reþk_	25.88889
423	9	La4	A4	305	305	1	4	833	100	96		26
424	9	La4	A4	305	305	3	8	1250	95	96		26.16667
425	9	Do5	C5	318	318	3	8	1250	99	96	i 	26.33333
426	9	Re5	D5	327	327	1	8	417	99	96		26.38889
427	9	Do5	C5	318	318	1	8	417	99	96		26.44444
428	9	Si4b5	B4b5	309	309	1	8	417	99	96		26.5
429	9	La4	A4	305	305	1	4	834	99	96		26.61111
430	9	Sol4	G4	296	296	1	4	833	99	96		26.72222
431	9	Si4b5	B4b5	309	309	1	8	417	99	96		26.77778
432	9	La4	A4	305	305	3	16	625	99	96		26.86111
433	9	Sol4	G4	296	296	1	16	208	99	96		26.88889
434	9	Fa4	F4	287	287	3	16	625	99	96		26.97222
435	9	Mi4	E4	283	283	1	16	208	95	96		27
436	9	Re4	D4	274	274	3	8	1250	95	96	ba	27.16667
437	9	La4	A4	305	305	1	4	833	99	96	har  	27.27778
438	9	Sol4	G4	296	296	1	16	208	99	96		27.30556
439	9	Fa4	F4	287	287	1	16	208	99	96		27.33333
440	9	Fa4	F4	287	287	3	8	1250	99	96		27.5
441	9	Mi4	E4	283	283	1	16	208	99	96		27.52778
442	9	Re4	D4	274	274	1	16	208	99	96		27.55556
443	9	Mi4	E4	283	283	1	4	833	99	96		27.66667
444	9	Do4#4	C4#4	269	269	1	4	833	99	96		27.77778
445	9	Re4	D4	274	274	3	8	1250	95	96		27.94444
446	9	Fa5	F5	340	340	1	8	417	95	96	SAZ 	28
447	9	Mi5	E5	336	336	1	8	417	95	96	.	28.05556
448	9	Sol5	G5	349	349	1	8	417	95	96	.  	28.11111
449	1	Fa5	F5	340	340	3	16	625	95	96	.	28.19444
450	1	Sol5	G5	349	349	1	16	208	95	96	.	28.22222
451	1	Fa5	F5	340	340	1	16	208	95	96	.	28.25
452	1	Mi5	E5	336	336	1	16	208	95	96	.	28.27778
453	1	Fa5	F5	340	340	1	8	417	95	96	.  	28.33333
454	9			-1	-1	1	8	417	100	0		28.38889
455	9	Fa5	F5	340	340	1	4	833	95	96	Gel 	28.5
456	9	Fa5	F5	340	340	1	8	417	95	96	a	28.55556
457	9	Sol5	G5	349	349	1	16	208	99	96	çýl 	28.58333
458	9	Fa5	F5	340	340	1	16	208	99	96		28.61111
459	9	Fa5	F5	340	340	1	16	208	99	96		28.63889
460	9	Mi5	E5	336	336	1	16	208	99	96		28.66667
461	9	Fa5	F5	340	340	1	4	833	95	96		28.77778
462	9	Mi5	E5	336	336	1	8	417	99	96	gül	28.83333
463	9	Fa5	F5	340	340	3	8	1250	100	96		29
464	9	Fa5	F5	340	340	1	8	417	99	96		29.05556
465	9	Mi5	E5	336	336	1	8	417	99	96		29.11111
466	9	La5	A5	358	358	1	16	208	99	96		29.13889
467	9	Sol5#4	G5#4	353	353	1	16	208	99	96		29.16667
468	9	Fa5	F5	340	340	1	16	208	99	96		29.19444
469	9	Mi5	E5	336	336	1	16	208	99	96		29.22222
470	9	Re5	D5	327	327	1	16	208	99	96		29.25
471	9	Do5#4	C5#4	322	322	1	16	208	99	96		29.27778
472	9	Si4b5	B4b5	309	309	1	4	834	95	96		29.38889
473	9	Do5#4	C5#4	322	322	1	4	833	95	96	þen	29.5
474	9	Re5	D5	327	327	1	16	208	99	96	de 	29.52778
475	9	Mi5	E5	336	336	1	16	208	95	96		29.55556
476	9	Do5#4	C5#4	322	322	3	16	625	99	96	ey 	29.63889
477	9	Si4b5	B4b5	309	309	1	16	208	99	96		29.66667
478	9	Si4b5	B4b5	309	309	3	16	625	99	96		29.75
479	9	La4	A4	305	305	1	16	208	95	96		29.77778
480	9	Sol4#4	G4#4	300	300	1	4	833	99	96	reþk_	29.88889
481	9	La4	A4	305	305	1	4	833	100	96		30
482	9	La4	A4	305	305	3	8	1250	95	96		30.16667
483	9	Do5	C5	318	318	3	8	1250	99	96	i 	30.33333
484	9	Re5	D5	327	327	1	8	417	99	96		30.38889
485	9	Do5	C5	318	318	1	8	417	99	96		30.44444
486	9	Si4b5	B4b5	309	309	1	8	417	99	96		30.5
487	9	La4	A4	305	305	1	4	834	99	96		30.61111
488	9	Sol4	G4	296	296	1	4	833	99	96		30.72222
489	9	Si4b5	B4b5	309	309	1	8	417	99	96		30.77778
490	9	La4	A4	305	305	3	16	625	99	96		30.86111
491	9	Sol4	G4	296	296	1	16	208	99	96		30.88889
492	9	Fa4	F4	287	287	3	16	625	99	96		30.97222
493	9	Mi4	E4	283	283	1	16	208	95	96		31
494	9	Re4	D4	274	274	3	8	1250	99	96	ba	31.16667
495	9	La4	A4	305	305	1	4	833	99	96		31.27778
496	9	Sol4	G4	296	296	1	16	208	99	96		31.30556
497	9	Fa4	F4	287	287	1	16	208	99	96		31.33333
498	9	Fa4	F4	287	287	3	8	1250	99	96		31.5
499	9	Mi4	E4	283	283	1	16	208	99	96		31.52778
500	9	Re4	D4	274	274	1	16	208	99	96		31.55556
501	9	Mi4	E4	283	283	1	4	833	99	96		31.66667
502	9	Do4#4	C4#4	269	269	1	4	833	99	96		31.77778
503	9	Re4	D4	274	274	3	8	1250	95	96		31.94444
