Sira	Kod	Nota53	NotaAE	Koma53	KomaAE	Pay	Payda	Ms	LNS	Bas	Soz1	Offset
1	9	Sol4	G4	296	296	1	8	455	95	66	ARANAÐME	0.125
2	9	La4	A4	305	305	1	8	455	95	66	.	0.25
3	9	La4	A4	305	305	1	8	455	95	67	.	0.375
4	9	La4	A4	305	305	1	16	227	95	67	.	0.4375
5	9	Do5	C5	318	318	1	16	227	95	68	.	0.5
6	9	Si4b2	B4b1	312	313	1	16	227	95	68	.	0.5625
7	9	Do5	C5	318	318	1	16	227	95	69	.	0.625
8	9	La4	A4	305	305	3	8	1364	95	69	.	1
9	9	La5	A5	358	358	1	16	227	95	70	.	1.0625
10	9	Sol5	G5	349	349	1	16	227	95	70	.	1.125
11	9	Fa5	F5	340	340	1	16	227	95	71	.	1.1875
12	9	Mi5	E5	336	336	1	16	227	95	71	.	1.25
13	9	Re5	D5	327	327	1	8	455	95	72	.	1.375
14	9	Mi5	E5	336	336	1	8	455	95	72	.	1.5
15	9	Do5	C5	318	318	1	8	455	95	72	.	1.625
16	9	Re5	D5	327	327	3	8	1364	95	73	.	2
17	9	Do5	C5	318	318	1	8	455	95	73	.	2.125
18	9	Re5	D5	327	327	1	8	455	95	74	.	2.25
19	9	Mi5	E5	336	336	1	8	455	95	74	.	2.375
20	9	Fa5#4	F5#4	344	344	1	8	455	95	75	.	2.5
21	9	Sol5	G5	349	349	1	8	455	95	75	.	2.625
22	9	La5	A5	358	358	1	16	227	95	76	.	2.6875
23	9	Sol5	G5	349	349	1	16	227	95	76	.	2.75
24	9	Fa5	F5	340	340	1	16	227	95	77	.	2.8125
25	9	Mi5	E5	336	336	1	16	227	95	77	.	2.875
26	9	Re5	D5	327	327	1	8	455	95	78	.	3
27	9	Fa5	F5	340	340	1	16	227	95	78	.	3.0625
28	9	Mi5	E5	336	336	1	16	227	95	78	.	3.125
29	9	Re5	D5	327	327	1	8	455	95	79	.	3.25
30	9	Mi5	E5	336	336	1	8	455	95	79	.	3.375
31	9	Re5	D5	327	327	1	16	227	95	80	.	3.4375
32	9	Do5	C5	318	318	1	16	227	95	80	.	3.5
33	9	Si4b2	B4b1	312	313	1	16	227	95	81	.	3.5625
34	9	La4	A4	305	305	1	16	227	95	81	.	3.625
35	9	Si4b2	B4b1	312	313	3	8	1364	95	82	.	4
36	9	Do5	C5	318	318	1	4	909	95	82	.	4.25
37	9	Do5	C5	318	318	1	16	227	95	83	.	4.3125
38	9	Si4b2	B4b1	312	313	1	16	227	95	83	.	4.375
39	9	Do5	C5	318	318	1	16	227	95	84	.	4.4375
40	9	Si4b2	B4b1	312	313	1	16	227	95	84	.	4.5
41	9	Si4b2	B4b1	312	313	1	16	227	95	84	.	4.5625
42	9	La4	A4	305	305	1	16	227	95	85	.	4.625
43	9	La4	A4	305	305	3	8	1364	95	85	.	5
44	9	Si4b2	B4b1	312	313	1	4	909	95	86	.	5.25
45	9	La4	A4	305	305	1	16	227	95	86	.	5.3125
46	9	Si4b2	B4b1	312	313	1	16	227	95	87	.	5.375
47	9	Re5	D5	327	327	1	16	227	95	87	.	5.4375
48	9	Do5	C5	318	318	1	16	227	95	88	.	5.5
49	9	Si4b2	B4b1	312	313	1	16	227	95	88	.	5.5625
50	9	La4	A4	305	305	1	16	227	95	89	.	5.625
51	9	Sol4	G4	296	296	3	8	1364	95	89	.	6
52	9	Fa5	F5	340	340	1	8	455	95	90	.	6.125
53	9	Mi5	E5	336	336	1	8	455	95	90	.	6.25
54	9	Re5	D5	327	327	1	8	455	95	90	.	6.375
55	9	Do5	C5	318	318	1	8	455	95	91	.	6.5
56	9	Si4b2	B4b1	312	313	1	8	455	95	91	.	6.625
57	9	Do5	C5	318	318	1	4	909	95	92	.	6.875
58	9	Re5	D5	327	327	1	8	455	95	92	.	7
59	9	Re5	D5	327	327	1	16	227	95	93	.	7.0625
60	9	Do5	C5	318	318	1	16	227	95	93	.	7.125
61	9	Si4b2	B4b1	312	313	1	8	455	95	94	.	7.25
62	9	Si4b2	B4b1	312	313	1	16	227	95	94	.	7.3125
63	9	La4	A4	305	305	1	16	227	95	95	.	7.375
64	9	La4	A4	305	305	1	2	1818	95	95	.	7.875
65	9			-1	-1	1	8	455	100	96		8
66	52			0	0	1	8	0	127	96		8.125
67	9	Sol4	G4	296	296	1	8	455	95	96	ARANAÐME	8.25
68	9	La4	A4	305	305	1	8	455	95	96	.	8.375
69	9	La4	A4	305	305	1	8	455	95	96	.	8.5
70	9	La4	A4	305	305	1	16	227	95	96	.	8.5625
71	9	Do5	C5	318	318	1	16	227	95	96	.	8.625
72	9	Si4b2	B4b1	312	313	1	16	227	95	96	.	8.6875
73	9	Do5	C5	318	318	1	16	227	95	96	.	8.75
74	9	La4	A4	305	305	3	8	1364	95	96	.	9.125
75	9	La5	A5	358	358	1	16	227	95	96	.	9.1875
76	9	Sol5	G5	349	349	1	16	227	95	96	.	9.25
77	9	Fa5	F5	340	340	1	16	227	95	96	.	9.3125
78	9	Mi5	E5	336	336	1	16	227	95	96	.	9.375
79	9	Re5	D5	327	327	1	8	455	95	96	.	9.5
80	9	Mi5	E5	336	336	1	8	455	95	96	.	9.625
81	9	Do5	C5	318	318	1	8	455	95	96	.	9.75
82	9	Re5	D5	327	327	3	8	1364	95	96	.	10.125
83	9	Do5	C5	318	318	1	8	455	95	96	.	10.25
84	9	Re5	D5	327	327	1	8	455	95	96	.	10.375
85	9	Mi5	E5	336	336	1	8	455	95	96	.	10.5
86	9	Fa5#4	F5#4	344	344	1	8	455	95	96	.	10.625
87	9	Sol5	G5	349	349	1	8	455	95	96	.	10.75
88	9	La5	A5	358	358	1	16	227	95	96	.	10.8125
89	9	Sol5	G5	349	349	1	16	227	95	96	.	10.875
90	9	Fa5	F5	340	340	1	16	227	95	96	.	10.9375
91	9	Mi5	E5	336	336	1	16	227	95	96	.	11
92	9	Re5	D5	327	327	1	8	455	95	96	.	11.125
93	9	Fa5	F5	340	340	1	16	227	95	96	.	11.1875
94	9	Mi5	E5	336	336	1	16	227	95	96	.	11.25
95	9	Re5	D5	327	327	1	8	455	95	96	.	11.375
96	9	Mi5	E5	336	336	1	8	455	95	96	.	11.5
97	9	Re5	D5	327	327	1	16	227	95	96	.	11.5625
98	9	Do5	C5	318	318	1	16	227	95	96	.	11.625
99	9	Si4b2	B4b1	312	313	1	16	227	95	96	.	11.6875
100	9	La4	A4	305	305	1	16	227	95	96	.	11.75
101	9	Si4b2	B4b1	312	313	3	8	1364	95	96	.	12.125
102	9	Do5	C5	318	318	1	4	909	95	96	.	12.375
103	9	Do5	C5	318	318	1	16	227	95	96	.	12.4375
104	9	Si4b2	B4b1	312	313	1	16	227	95	96	.	12.5
105	9	Do5	C5	318	318	1	16	227	95	96	.	12.5625
106	9	Si4b2	B4b1	312	313	1	16	227	95	96	.	12.625
107	9	Si4b2	B4b1	312	313	1	16	227	95	96	.	12.6875
108	9	La4	A4	305	305	1	16	227	95	96	.	12.75
109	9	La4	A4	305	305	3	8	1364	95	96	.	13.125
110	9	Si4b2	B4b1	312	313	1	4	909	95	96	.	13.375
111	9	La4	A4	305	305	1	16	227	95	96	.	13.4375
112	9	Si4b2	B4b1	312	313	1	16	227	95	96	.	13.5
113	9	Re5	D5	327	327	1	16	227	95	96	.	13.5625
114	9	Do5	C5	318	318	1	16	227	95	96	.	13.625
115	9	Si4b2	B4b1	312	313	1	16	227	95	96	.	13.6875
116	9	La4	A4	305	305	1	16	227	95	96	.	13.75
117	9	Sol4	G4	296	296	3	8	1364	95	96	.	14.125
118	9	Fa5	F5	340	340	1	8	455	95	96	.	14.25
119	9	Mi5	E5	336	336	1	8	455	95	96	.	14.375
120	9	Re5	D5	327	327	1	8	455	95	96	.	14.5
121	9	Do5	C5	318	318	1	8	455	95	96	.	14.625
122	9	Si4b2	B4b1	312	313	1	8	455	95	96	.	14.75
123	9	Do5	C5	318	318	1	4	909	95	96	.	15
124	9	Re5	D5	327	327	1	8	455	95	96	.	15.125
125	9	Re5	D5	327	327	1	16	227	95	96	.	15.1875
126	9	Do5	C5	318	318	1	16	227	95	96	.	15.25
127	9	Si4b2	B4b1	312	313	1	8	455	95	96	.	15.375
128	9	Si4b2	B4b1	312	313	1	16	227	95	96	.	15.4375
129	9	La4	A4	305	305	1	16	227	95	96	.	15.5
130	9	La4	A4	305	305	1	2	1818	95	96	.	16
131	9			-1	-1	1	8	455	100	0		16.125
132	9	Sol4	G4	296	296	1	4	909	95	96	Gel	16.375
133	9	La4	A4	305	305	1	8	455	95	96	me	16.5
134	9	La4	A4	305	305	1	4	909	95	96	din 	16.75
135	9	La4	A4	305	305	3	8	1364	95	96	bir 	17.125
136	9	La4	A4	305	305	1	4	909	95	96	ker	17.375
137	9	Do5	C5	318	318	1	8	455	95	96	re	17.5
138	9	Si4b2	B4b1	312	313	3	16	682	99	96	den 	17.6875
139	9	La4	A4	305	305	1	16	227	95	96		17.75
140	9	Sol4	G4	296	296	3	8	1364	95	96	maa	18.125
141	9	Re5	D5	327	327	1	16	227	99	96	dâ 	18.1875
142	9	Do5	C5	318	318	1	16	227	99	96		18.25
143	9	Si4b2	B4b1	312	313	1	8	455	95	96		18.375
144	9	Do5	C5	318	318	1	8	455	95	96	ne	18.5
145	9	Re5	D5	327	327	1	4	909	95	96	den  	18.75
146	9	Do5	C5	318	318	1	8	455	95	96	SAZ	18.875
147	9	Si4b2	B4b1	312	313	1	8	455	95	96	.	19
148	9	La4	A4	305	305	1	8	455	95	96	.	19.125
149	9	Sol4	G4	296	296	1	4	909	95	96	Gel	19.375
150	9	La4	A4	305	305	1	8	455	95	96	me	19.5
151	9	La4	A4	305	305	1	4	909	95	96	din 	19.75
152	9	La4	A4	305	305	3	8	1364	95	96	bir 	20.125
153	9	La4	A4	305	305	1	4	909	95	96	ker	20.375
154	9	Do5	C5	318	318	1	8	455	95	96	re	20.5
155	9	Si4b2	B4b1	312	313	3	16	682	99	96	den 	20.6875
156	9	La4	A4	305	305	1	16	227	95	96		20.75
157	9	Sol4	G4	296	296	3	8	1364	95	96	maa	21.125
158	9	Re5	D5	327	327	1	16	227	99	96	dâ 	21.1875
159	9	Do5	C5	318	318	1	16	227	99	96		21.25
160	9	Si4b2	B4b1	312	313	1	8	455	95	96		21.375
161	9	Do5	C5	318	318	1	8	455	95	96	ne	21.5
162	9	Re5	D5	327	327	1	4	909	95	96	den  	21.75
163	9	Sol4	G4	296	296	1	16	227	95	96	SAZ	21.8125
164	9	La4	A4	305	305	1	16	227	95	96	.	21.875
165	9	Si4b2	B4b1	312	313	1	16	227	95	96	.	21.9375
166	9	Do5	C5	318	318	1	16	227	95	96	.	22
167	9	Re5	D5	327	327	1	8	455	95	96	.	22.125
168	9	Do5	C5	318	318	1	4	909	95	96	Baþ	22.375
169	9	Re5	D5	327	327	1	8	455	95	96	ka 	22.5
170	9	Mi5	E5	336	336	3	16	682	99	96	hiç	22.6875
171	11	Re5	D5	327	327	1	16	227	95	96		22.75
172	9	Re5	D5	327	327	3	8	1364	95	96	bir 	23.125
173	9	Do5	C5	318	318	1	8	455	99	96	þey	23.25
174	9	Si4b2	B4b1	312	313	1	8	455	95	96		23.375
175	9	Do5	C5	318	318	1	8	455	95	96	le 	23.5
176	10	Si4b2	B4b1	312	313	1	8	455	99	96	gön	23.625
177	8	Do5	C5	318	318	0	0	0	99	96		23.625
178	9	Si4b2	B4b1	312	313	1	16	227	99	96		23.6875
179	11	La4	A4	305	305	1	16	227	95	96		23.75
180	9	La4	A4	305	305	3	8	1364	95	96	lüm 	24.125
181	9	Si4b2	B4b1	312	313	1	16	227	99	96	dol	24.1875
182	9	La4	A4	305	305	1	16	227	99	96		24.25
183	9	Sol4	G4	296	296	1	8	455	95	96		24.375
184	9	La4#3	A4#4	308	309	1	8	455	95	96	mu	24.5
185	9	Si4b1	B4b1	313	313	1	2	1818	95	96	yor  	25
186	9			-1	-1	1	8	455	100	0		25.125
187	9	Do5	C5	318	318	1	8	455	99	96	Baþ	25.25
188	9	Si4b2	B4b1	312	313	1	8	455	95	96		25.375
189	9	Do5	C5	318	318	1	8	455	95	96	ka 	25.5
190	10	Si4b2	B4b1	312	313	1	8	455	99	96	hiç	25.625
191	8	Do5	C5	318	318	0	0	0	99	96		25.625
192	9	Si4b2	B4b1	312	313	1	16	227	99	96		25.6875
193	11	La4	A4	305	305	1	16	227	95	96		25.75
194	9	La4	A4	305	305	3	8	1364	95	96	bir 	26.125
195	9	Sol4	G4	296	296	1	8	455	99	96	þey	26.25
196	9	La4	A4	305	305	1	8	455	95	96		26.375
197	9	Si4b2	B4b1	312	313	1	8	455	95	96	le 	26.5
198	9	Do5	C5	318	318	1	8	455	99	96	gön	26.625
199	9	Re5	D5	327	327	1	16	227	99	96		26.6875
200	9	Do5	C5	318	318	1	16	227	95	96		26.75
201	9	Si4b2	B4b1	312	313	1	16	227	99	96	lüm 	26.8125
202	9	La4	A4	305	305	1	16	227	99	96		26.875
203	9	Sol4	G4	296	296	1	4	909	95	96		27.125
204	9	Do5	C5	318	318	1	8	455	99	96	dol	27.25
205	9	Si4b2	B4b1	312	313	1	8	455	95	96		27.375
206	9	Si4b2	B4b1	312	313	1	16	227	99	96	mu	27.4375
207	9	La4	A4	305	305	1	16	227	95	96		27.5
208	9	La4	A4	305	305	1	2	1818	95	96	yor  	28
209	9			-1	-1	1	8	455	100	0		28.125
210	9	Mi5	E5	336	336	1	4	909	95	96	Ra	28.375
211	9	Fa5#4	F5#4	344	344	1	8	455	95	96	zý	28.5
212	9	Sol5	G5	349	349	1	4	909	95	96	yým 	28.75
213	9	Sol5	G5	349	349	3	8	1364	95	96	rü	29.125
214	9	Fa5#4	F5#4	344	344	1	8	455	99	96	ya	29.25
215	9	Mi5	E5	336	336	1	8	455	95	96		29.375
216	9	Sol5	G5	349	349	1	8	455	95	96	da 	29.5
217	9	Fa5#4	F5#4	344	344	3	16	682	99	96	gör	29.6875
218	9	Mi5	E5	336	336	1	16	227	95	96		29.75
219	9	Re5	D5	327	327	1	4	909	95	96	sem 	30
220	9			-1	-1	1	8	455	100	0		30.125
221	9	Mi5	E5	336	336	1	16	227	99	96	gel	30.1875
222	9	Re5	D5	327	327	1	16	227	99	96		30.25
223	9	Mi5	E5	336	336	1	8	455	95	96		30.375
224	9	Fa5#4	F5#4	344	344	1	8	455	95	96	me	30.5
225	9	Sol5	G5	349	349	5	8	2273	95	96	sen  	31.125
226	9	Sol5	G5	349	349	1	4	909	95	96	Aþk 	31.375
227	9	La5	A5	358	358	1	8	455	95	96	ya	31.5
228	9	La5	A5	358	358	1	4	909	95	96	nan 	31.75
229	9	La5	A5	358	358	3	8	1364	95	96	göz	32.125
230	9	Sol5	G5	349	349	1	16	227	99	96	ler	32.1875
231	9	Fa5#4	F5#4	344	344	1	16	227	99	96		32.25
232	9	Mi5	E5	336	336	1	8	455	95	96		32.375
233	9	Sol5	G5	349	349	1	8	455	95	96	de 	32.5
234	9	Fa5#4	F5#4	344	344	3	16	682	99	96	gün 	32.6875
235	9	Mi5	E5	336	336	1	16	227	95	96		32.75
236	9	Re5	D5	327	327	3	8	1364	95	96	hiç	33.125
237	9	Re5	D5	327	327	1	16	227	99	96	sol	33.1875
238	9	Do5	C5	318	318	1	16	227	99	96		33.25
239	9	Si4b2	B4b1	312	313	1	8	455	95	96		33.375
240	9	Do5	C5	318	318	1	8	455	95	96	mu	33.5
241	9	Re5	D5	327	327	5	8	2273	95	96	yor  	34.125
242	9	Do5	C5	318	318	1	4	909	95	96	Baþ	34.375
243	9	Re5	D5	327	327	1	8	455	95	96	ka 	34.5
244	9	Mi5	E5	336	336	3	16	682	99	96	hiç	34.6875
245	11	Re5	D5	327	327	1	16	227	95	96		34.75
246	9	Re5	D5	327	327	3	8	1364	95	96	bir 	35.125
247	9	Do5	C5	318	318	1	8	455	99	96	þey	35.25
248	9	Si4b2	B4b1	312	313	1	8	455	95	96		35.375
249	9	Do5	C5	318	318	1	8	455	95	96	le 	35.5
250	10	Si4b2	B4b1	312	313	1	8	455	99	96	gön	35.625
251	8	Do5	C5	318	318	0	0	0	99	96		35.625
252	9	Si4b2	B4b1	312	313	1	16	227	99	96		35.6875
253	11	La4	A4	305	305	1	16	227	95	96		35.75
254	9	La4	A4	305	305	3	8	1364	95	96	lüm 	36.125
255	9	Si4b2	B4b1	312	313	1	16	227	99	96	dol	36.1875
256	9	La4	A4	305	305	1	16	227	99	96		36.25
257	9	Sol4	G4	296	296	1	8	455	95	96		36.375
258	9	La4#3	A4#4	308	309	1	8	455	95	96	mu	36.5
259	9	Si4b1	B4b1	313	313	1	2	1818	95	96	yor  	37
260	9			-1	-1	1	8	455	100	0		37.125
261	9	Do5	C5	318	318	1	8	455	99	96	Baþ	37.25
262	9	Si4b2	B4b1	312	313	1	8	455	95	96		37.375
263	9	Do5	C5	318	318	1	8	455	95	96	ka 	37.5
264	10	Si4b2	B4b1	312	313	1	8	455	99	96	hiç	37.625
265	8	Do5	C5	318	318	0	0	0	99	96		37.625
266	9	Si4b2	B4b1	312	313	1	16	227	99	96		37.6875
267	11	La4	A4	305	305	1	16	227	95	96		37.75
268	9	La4	A4	305	305	3	8	1364	95	96	bir 	38.125
269	9	Sol4	G4	296	296	1	8	455	99	96	þey	38.25
270	9	La4	A4	305	305	1	8	455	95	96		38.375
271	9	Si4b2	B4b1	312	313	1	8	455	95	96	le 	38.5
272	9	Do5	C5	318	318	1	8	455	99	96	gön	38.625
273	9	Re5	D5	327	327	1	16	227	99	96		38.6875
274	9	Do5	C5	318	318	1	16	227	95	96		38.75
275	9	Si4b2	B4b1	312	313	1	16	227	99	96	lüm 	38.8125
276	9	La4	A4	305	305	1	16	227	99	96		38.875
277	9	Sol4	G4	296	296	1	4	909	95	96		39.125
278	9	Do5	C5	318	318	1	8	455	99	96	dol	39.25
279	9	Si4b2	B4b1	312	313	1	8	455	95	96		39.375
280	9	Si4b2	B4b1	312	313	1	16	227	99	96	mu	39.4375
281	9	La4	A4	305	305	1	16	227	95	96		39.5
282	9	La4	A4	305	305	1	2	1818	95	96	yor  	40
283	9			-1	-1	1	8	455	100	0		40.125
