Sira	Kod	Nota53	NotaAE	Koma53	KomaAE	Pay	Payda	Ms	LNS	Bas	Soz1	Offset
1	9	Do5	C5	318	318	1	16	227	95	96	ARANAÐME 	0.0625
2	9	Do5	C5	318	318	1	8	455	95	96	.	0.1875
3	9	Do5	C5	318	318	1	16	227	95	96	.	0.25
4	9	Mi5b5	E5b5	331	331	1	16	227	95	96	.	0.3125
5	9	Mi5b5	E5b5	331	331	1	8	455	95	96	.	0.4375
6	9	Mi5b5	E5b5	331	331	1	16	227	95	96	.	0.5
7	9	Sol5	G5	349	349	1	16	227	95	96	.	0.5625
8	9	Sol5	G5	349	349	1	8	455	95	96	.	0.6875
9	9	Sol5	G5	349	349	1	16	227	95	96	.	0.75
10	9	Mi5b5	E5b5	331	331	1	16	227	95	96	.	0.8125
11	9	Re5	D5	327	327	1	16	227	95	96	.	0.875
12	9	Mi5b5	E5b5	331	331	1	16	227	95	96	.	0.9375
13	9	Do5	C5	318	318	1	16	227	95	96	.	1
14	9	Si4b5	B4b5	309	309	1	16	227	95	96	.	1.0625
15	9	Si4b5	B4b5	309	309	1	8	455	95	96	.	1.1875
16	9	Si4b5	B4b5	309	309	1	16	227	95	96	.	1.25
17	9	Re5	D5	327	327	1	16	227	95	96	.	1.3125
18	9	Re5	D5	327	327	1	8	455	95	96	.	1.4375
19	9	Re5	D5	327	327	1	16	227	95	96	.	1.5
20	9	Fa5	F5	340	340	1	16	227	95	96	.	1.5625
21	9	Fa5	F5	340	340	1	8	455	95	96	.	1.6875
22	9	Fa5	F5	340	340	1	16	227	95	96	.	1.75
23	9	Re5	D5	327	327	1	16	227	95	96	.	1.8125
24	9	Do5	C5	318	318	1	16	227	95	96	.	1.875
25	9	Re5	D5	327	327	1	16	227	95	96	.	1.9375
26	9	Si4b5	B4b5	309	309	1	16	227	95	96	.	2
27	9	La4b5	A4b5	300	300	1	16	227	95	96	.	2.0625
28	9	La4b5	A4b5	300	300	1	8	455	95	96	.	2.1875
29	9	La4b5	A4b5	300	300	1	16	227	95	96	.	2.25
30	9	Do5	C5	318	318	1	16	227	95	96	.	2.3125
31	9	Do5	C5	318	318	1	8	455	95	96	.	2.4375
32	9	Do5	C5	318	318	1	16	227	95	96	.	2.5
33	9	Mi5b5	E5b5	331	331	1	16	227	95	96	.	2.5625
34	9	Mi5b5	E5b5	331	331	1	8	455	95	96	.	2.6875
35	9	Mi5b5	E5b5	331	331	1	16	227	95	96	.	2.75
36	9	La4b5	A4b5	300	300	1	8	455	95	96	.	2.875
37	9	Si4b5	B4b5	309	309	1	8	455	95	96	.	3
38	9	La4b5	A4b5	300	300	1	24	152	95	96	.	3.041667
39	9	Si4b5	B4b5	309	309	1	24	152	95	96	.	3.083333
40	9	La4b5	A4b5	300	300	1	24	152	95	96	.	3.125
41	9	Sol4	G4	296	296	1	4	909	95	96	.	3.375
42	9	La4b5	A4b5	300	300	1	16	227	95	96	.	3.4375
43	9	Si4b5	B4b5	309	309	1	16	227	95	96	.	3.5
44	9	Do5	C5	318	318	1	16	227	95	96	.	3.5625
45	9	Re5	D5	327	327	1	16	227	95	96	.	3.625
46	9	Mi5b5	E5b5	331	331	1	16	227	95	96	.	3.6875
47	9	Fa5	F5	340	340	1	16	227	95	96	.	3.75
48	9	Sol5	G5	349	349	1	4	909	95	96	.	4
49	52			0	0	1	4	0	66	0		4.25
50	9	Do5	C5	318	318	1	16	227	95	96	ARANAÐME 	4.3125
51	9	Do5	C5	318	318	1	8	455	95	96	.	4.4375
52	9	Do5	C5	318	318	1	16	227	95	96	.	4.5
53	9	Mi5b5	E5b5	331	331	1	16	227	95	96	.	4.5625
54	9	Mi5b5	E5b5	331	331	1	8	455	95	96	.	4.6875
55	9	Mi5b5	E5b5	331	331	1	16	227	95	96	.	4.75
56	9	Sol5	G5	349	349	1	16	227	95	96	.	4.8125
57	9	Sol5	G5	349	349	1	8	455	95	96	.	4.9375
58	9	Sol5	G5	349	349	1	16	227	95	96	.	5
59	9	Mi5b5	E5b5	331	331	1	16	227	95	96	.	5.0625
60	9	Re5	D5	327	327	1	16	227	95	96	.	5.125
61	9	Mi5b5	E5b5	331	331	1	16	227	95	96	.	5.1875
62	9	Do5	C5	318	318	1	16	227	95	96	.	5.25
63	9	Si4b5	B4b5	309	309	1	16	227	95	96	.	5.3125
64	9	Si4b5	B4b5	309	309	1	8	455	95	96	.	5.4375
65	9	Si4b5	B4b5	309	309	1	16	227	95	96	.	5.5
66	9	Re5	D5	327	327	1	16	227	95	96	.	5.5625
67	9	Re5	D5	327	327	1	8	455	95	96	.	5.6875
68	9	Re5	D5	327	327	1	16	227	95	96	.	5.75
69	9	Fa5	F5	340	340	1	16	227	95	96	.	5.8125
70	9	Fa5	F5	340	340	1	8	455	95	96	.	5.9375
71	9	Fa5	F5	340	340	1	16	227	95	96	.	6
72	9	Re5	D5	327	327	1	16	227	95	96	.	6.0625
73	9	Do5	C5	318	318	1	16	227	95	96	.	6.125
74	9	Re5	D5	327	327	1	16	227	95	96	.	6.1875
75	9	Si4b5	B4b5	309	309	1	16	227	95	96	.	6.25
76	9	La4b5	A4b5	300	300	1	16	227	95	96	.	6.3125
77	9	La4b5	A4b5	300	300	1	8	455	95	96	.	6.4375
78	9	La4b5	A4b5	300	300	1	16	227	95	96	.	6.5
79	9	Do5	C5	318	318	1	16	227	95	96	.	6.5625
80	9	Do5	C5	318	318	1	8	455	95	96	.	6.6875
81	9	Do5	C5	318	318	1	16	227	95	96	.	6.75
82	9	Mi5b5	E5b5	331	331	1	16	227	95	96	.	6.8125
83	9	Mi5b5	E5b5	331	331	1	8	455	95	96	.	6.9375
84	9	Mi5b5	E5b5	331	331	1	16	227	95	96	.	7
85	9	La4b5	A4b5	300	300	1	8	455	95	96	.	7.125
86	9	Si4b5	B4b5	309	309	1	8	455	95	96	.	7.25
87	9	La4b5	A4b5	300	300	1	24	152	95	96	.	7.291667
88	9	Si4b5	B4b5	309	309	1	24	152	95	96	.	7.333333
89	9	La4b5	A4b5	300	300	1	24	152	95	96	.	7.375
90	9	Sol4	G4	296	296	1	4	909	95	96	.	7.625
91	9	La4b5	A4b5	300	300	1	16	227	95	96	.	7.6875
92	9	Si4b5	B4b5	309	309	1	16	227	95	96	.	7.75
93	9	Do5	C5	318	318	1	16	227	95	96	.	7.8125
94	9	Re5	D5	327	327	1	16	227	95	96	.	7.875
95	9	Mi5b5	E5b5	331	331	1	16	227	95	96	.	7.9375
96	9	Fa5	F5	340	340	1	16	227	95	96	.	8
97	9	Sol5	G5	349	349	1	4	909	95	96	.	8.25
98	9	Sol5	G5	349	349	1	8	455	95	96	Se	8.375
99	9	La5b5	A5b5	353	353	1	8	455	95	96	ni 	8.5
100	9	Sol5	G5	349	349	1	4	909	95	96	ben 	8.75
101	9	Mi5b5	E5b5	331	331	1	16	227	95	96	SAZ	8.8125
102	9	Fa5	F5	340	340	1	16	227	95	96	.	8.875
103	9	Mi5b5	E5b5	331	331	1	16	227	95	96	.	8.9375
104	9	Fa5	F5	340	340	1	16	227	95	96	.	9
105	9	Sol5	G5	349	349	1	4	909	95	96	.	9.25
106	9			-1	-1	1	8	455	100	0		9.375
107	9	Fa5	F5	340	340	1	4	909	95	96	el	9.625
108	9	La5b5	A5b5	353	353	1	8	455	95	96	le	9.75
109	9	Sol5	G5	349	349	1	4	909	95	96	rin_	10
110	9	Mi5b5	E5b5	331	331	3	16	682	99	96	ol	10.1875
111	9	Fa5	F5	340	340	1	16	227	95	96		10.25
112	9	Sol5	G5	349	349	1	2	1818	99	96	sun 	10.75
113	9	Si5b5	B5b5	362	362	1	8	455	99	96		10.875
114	9	La5b5	A5b5	353	353	1	16	227	99	96		10.9375
115	9	Sol5	G5	349	349	1	16	227	99	96		11
116	9	La5b5	A5b5	353	353	1	4	909	95	96		11.25
117	9			-1	-1	1	4	909	100	0		11.5
118	9	Do6	C6	371	371	1	8	455	95	96	di	11.625
119	9	Si5b5	B5b5	362	362	1	8	455	95	96	ye 	11.75
120	9	La5b5	A5b5	353	353	1	8	455	99	96	mi 	11.875
121	9	Sol5	G5	349	349	1	8	455	95	96		12
122	9	Fa5	F5	340	340	1	8	455	99	96	sev	12.125
123	9	Sol5	G5	349	349	1	8	455	95	96		12.25
124	9	La5b5	A5b5	353	353	1	1	3636	95	96	dim  	13.25
125	9	Mi5b1	E5b1	335	335	1	4	909	99	96	ah 	13.5
126	9	Fa5	F5	340	340	1	4	909	99	96		13.75
127	9	Sol5	G5	349	349	1	4	909	99	96		14
128	9	Fa5	F5	340	340	1	16	227	99	96		14.0625
129	9	Mi5b5	E5b5	331	331	1	16	227	99	96		14.125
130	9	Re5	D5	327	327	1	16	227	99	96		14.1875
131	9	Do5	C5	318	318	1	16	227	95	96		14.25
132	9			-1	-1	1	8	455	100	0		14.375
133	9	Do5	C5	318	318	1	4	909	95	96	el	14.625
134	9	Do5	C5	318	318	1	8	455	95	96	le	14.75
135	9	Fa5	F5	340	340	1	4	909	95	96	rin_	15
136	9	Fa5	F5	340	340	1	16	227	99	96	ol	15.0625
137	9	Mi5b5	E5b5	331	331	1	16	227	99	96		15.125
138	9	Re5	D5	327	327	1	16	227	99	96		15.1875
139	9	Do5	C5	318	318	1	16	227	95	96		15.25
140	9	Sol5	G5	349	349	1	2	1818	99	96	sun 	15.75
141	9	Si5b5	B5b5	362	362	1	8	455	99	96		15.875
142	9	La5b5	A5b5	353	353	1	16	227	99	96		15.9375
143	9	Sol5	G5	349	349	1	16	227	99	96		16
144	9	La5b5	A5b5	353	353	1	4	909	95	96		16.25
145	9			-1	-1	1	4	909	100	0		16.5
146	9	Do6	C6	371	371	1	8	455	95	96	di	16.625
147	9	Si5b5	B5b5	362	362	1	8	455	95	96	ye 	16.75
148	9	La5b5	A5b5	353	353	1	16	227	99	96	mi 	16.8125
149	9	Sol5	G5	349	349	1	16	227	99	96		16.875
150	9	Fa5	F5	340	340	1	16	227	99	96		16.9375
151	9	Do6	C6	371	371	1	16	227	95	96		17
152	9	Si5b5	B5b5	362	362	1	16	227	99	96	sev	17.0625
153	9	La5b5	A5b5	353	353	1	16	227	99	96		17.125
154	9	Sol5	G5	349	349	1	16	227	99	96		17.1875
155	9	Fa5	F5	340	340	1	16	227	95	96		17.25
156	9	Sol5	G5	349	349	1	1	3636	95	96	dim  	18.25
157	9	Do5	C5	318	318	1	16	227	95	96	SAZ	18.3125
158	9	Do5	C5	318	318	1	8	455	95	96	.	18.4375
159	9	Do5	C5	318	318	1	16	227	95	96	.	18.5
160	9	Mi5b5	E5b5	331	331	1	16	227	95	96	.	18.5625
161	9	Mi5b5	E5b5	331	331	1	8	455	95	96	.	18.6875
162	9	Mi5b5	E5b5	331	331	1	16	227	95	96	.	18.75
163	9	Sol5	G5	349	349	1	16	227	95	96	.	18.8125
164	9	Sol5	G5	349	349	1	8	455	95	96	.	18.9375
165	9	Sol5	G5	349	349	1	16	227	95	96	.	19
166	9	Mi5b5	E5b5	331	331	1	16	227	95	96	.	19.0625
167	9	Re5	D5	327	327	1	16	227	95	96	.	19.125
168	9	Mi5b5	E5b5	331	331	1	16	227	95	96	.	19.1875
169	9	Do5	C5	318	318	1	16	227	95	96	.	19.25
170	9	Si4b5	B4b5	309	309	1	16	227	95	96	.	19.3125
171	9	Si4b5	B4b5	309	309	1	8	455	95	96	.	19.4375
172	9	Si4b5	B4b5	309	309	1	16	227	95	96	.	19.5
173	9	Re5	D5	327	327	1	16	227	95	96	.	19.5625
174	9	Re5	D5	327	327	1	8	455	95	96	.	19.6875
175	9	Re5	D5	327	327	1	16	227	95	96	.	19.75
176	9	Fa5	F5	340	340	1	16	227	95	96	.	19.8125
177	9	Fa5	F5	340	340	1	8	455	95	96	.	19.9375
178	9	Fa5	F5	340	340	1	16	227	95	96	.	20
179	9	Re5	D5	327	327	1	16	227	95	96	.	20.0625
180	9	Do5	C5	318	318	1	16	227	95	96	.	20.125
181	9	Re5	D5	327	327	1	16	227	95	96	.	20.1875
182	9	Si4b5	B4b5	309	309	1	16	227	95	96	.	20.25
183	9	La4b5	A4b5	300	300	1	16	227	95	96	.	20.3125
184	9	La4b5	A4b5	300	300	1	8	455	95	96	.	20.4375
185	9	La4b5	A4b5	300	300	1	16	227	95	96	.	20.5
186	9	Do5	C5	318	318	1	16	227	95	96	.	20.5625
187	9	Do5	C5	318	318	1	8	455	95	96	.	20.6875
188	9	Do5	C5	318	318	1	16	227	95	96	.	20.75
189	9	Mi5b5	E5b5	331	331	1	16	227	95	96	.	20.8125
190	9	Mi5b5	E5b5	331	331	1	8	455	95	96	.	20.9375
191	9	Mi5b5	E5b5	331	331	1	16	227	95	96	.	21
192	9	La4b5	A4b5	300	300	1	8	455	95	96	.	21.125
193	9	Si4b5	B4b5	309	309	1	8	455	95	96	.	21.25
194	9	La4b5	A4b5	300	300	1	24	152	95	96	.	21.29167
195	9	Si4b5	B4b5	309	309	1	24	152	95	96	.	21.33333
196	9	La4b5	A4b5	300	300	1	24	152	95	96	.	21.375
197	9	Sol4	G4	296	296	1	4	909	95	96	.	21.625
198	9	Sol5	G5	349	349	1	24	152	95	96	.	21.66667
199	9	Fa5	F5	340	340	1	24	152	95	96	.	21.70833
200	9	Mi5b5	E5b5	331	331	1	24	152	95	96	.	21.75
201	9	Re5	D5	327	327	1	16	227	95	96	.	21.8125
202	9	Do5	C5	318	318	1	16	227	95	96	.	21.875
203	9	Si4b5	B4b5	309	309	1	16	227	95	96	.	21.9375
204	9	La4b5	A4b5	300	300	1	16	227	95	96	.	22
205	9	Sol4	G4	296	296	1	4	909	95	96	.	22.25
206	9	Do5	C5	318	318	1	16	227	95	96	SAZ	22.3125
207	9	Do5	C5	318	318	1	8	455	95	96	.	22.4375
208	9	Do5	C5	318	318	1	16	227	95	96	.	22.5
209	9	Mi5b5	E5b5	331	331	1	16	227	95	96	.	22.5625
210	9	Mi5b5	E5b5	331	331	1	8	455	95	96	.	22.6875
211	9	Mi5b5	E5b5	331	331	1	16	227	95	96	.	22.75
212	9	Sol5	G5	349	349	1	16	227	95	96	.	22.8125
213	9	Sol5	G5	349	349	1	8	455	95	96	.	22.9375
214	9	Sol5	G5	349	349	1	16	227	95	96	.	23
215	9	Mi5b5	E5b5	331	331	1	16	227	95	96	.	23.0625
216	9	Re5	D5	327	327	1	16	227	95	96	.	23.125
217	9	Mi5b5	E5b5	331	331	1	16	227	95	96	.	23.1875
218	9	Do5	C5	318	318	1	16	227	95	96	.	23.25
219	9	Si4b5	B4b5	309	309	1	16	227	95	96	.	23.3125
220	9	Si4b5	B4b5	309	309	1	8	455	95	96	.	23.4375
221	9	Si4b5	B4b5	309	309	1	16	227	95	96	.	23.5
222	9	Re5	D5	327	327	1	16	227	95	96	.	23.5625
223	9	Re5	D5	327	327	1	8	455	95	96	.	23.6875
224	9	Re5	D5	327	327	1	16	227	95	96	.	23.75
225	9	Fa5	F5	340	340	1	16	227	95	96	.	23.8125
226	9	Fa5	F5	340	340	1	8	455	95	96	.	23.9375
227	9	Fa5	F5	340	340	1	16	227	95	96	.	24
228	9	Re5	D5	327	327	1	16	227	95	96	.	24.0625
229	9	Do5	C5	318	318	1	16	227	95	96	.	24.125
230	9	Re5	D5	327	327	1	16	227	95	96	.	24.1875
231	9	Si4b5	B4b5	309	309	1	16	227	95	96	.	24.25
232	9	La4b5	A4b5	300	300	1	16	227	95	96	.	24.3125
233	9	La4b5	A4b5	300	300	1	8	455	95	96	.	24.4375
234	9	La4b5	A4b5	300	300	1	16	227	95	96	.	24.5
235	9	Do5	C5	318	318	1	16	227	95	96	.	24.5625
236	9	Do5	C5	318	318	1	8	455	95	96	.	24.6875
237	9	Do5	C5	318	318	1	16	227	95	96	.	24.75
238	9	Mi5b5	E5b5	331	331	1	16	227	95	96	.	24.8125
239	9	Mi5b5	E5b5	331	331	1	8	455	95	96	.	24.9375
240	9	Mi5b5	E5b5	331	331	1	16	227	95	96	.	25
241	9	La4b5	A4b5	300	300	1	8	455	95	96	.	25.125
242	9	Si4b5	B4b5	309	309	1	8	455	95	96	.	25.25
243	9	La4b5	A4b5	300	300	1	24	152	95	96	.	25.29167
244	9	Si4b5	B4b5	309	309	1	24	152	95	96	.	25.33333
245	9	La4b5	A4b5	300	300	1	24	152	95	96	.	25.375
246	9	Sol4	G4	296	296	1	4	909	95	96	.	25.625
247	9	La4b5	A4b5	300	300	1	16	227	95	96	.	25.6875
248	9	Si4b5	B4b5	309	309	1	16	227	95	96	.	25.75
249	9	Do5	C5	318	318	1	16	227	95	96	.	25.8125
250	9	Re5	D5	327	327	1	16	227	95	96	.	25.875
251	9	Mi5b5	E5b5	331	331	1	16	227	95	96	.	25.9375
252	9	Fa5	F5	340	340	1	16	227	95	96	.	26
253	9	Sol5	G5	349	349	1	4	909	95	96	.	26.25
254	9			-1	-1	1	8	455	100	0		26.375
255	9	Do6	C6	371	371	1	8	455	95	96	Her 	26.5
256	9	Si5b5	B5b5	362	362	1	8	455	95	96	þe	26.625
257	9	La5b5	A5b5	353	353	1	8	455	95	96	yi	26.75
258	9	Sol5	G5	349	349	1	8	455	95	96	mi 	26.875
259	9	Do6	C6	371	371	1	24	152	95	96	SAZ	26.91667
260	9	Re6	D6	380	380	1	24	152	95	96	.	26.95833
261	9	Do6	C6	371	371	1	24	152	95	96	.	27
262	9	Si5b5	B5b5	362	362	1	24	152	95	96	.	27.04167
263	9	Do6	C6	371	371	1	24	152	95	96	.	27.08333
264	9	Si5b5	B5b5	362	362	1	24	152	95	96	.	27.125
265	9	La5b5	A5b5	353	353	1	24	152	95	96	.	27.16667
266	9	Si5b5	B5b5	362	362	1	24	152	95	96	.	27.20833
267	9	La5b5	A5b5	353	353	1	24	152	95	96	.	27.25
268	9	Sol5	G5	349	349	1	8	455	95	96	.	27.375
269	9	Si5b5	B5b5	362	362	1	8	455	95	96	uð	27.5
270	9	La5b5	A5b5	353	353	1	8	455	95	96	ru	27.625
271	9	Sol5	G5	349	349	1	8	455	95	96	na 	27.75
272	9	Fa5	F5	340	340	1	8	455	95	96	ben 	27.875
273	9	Si5b5	B5b5	362	362	1	24	152	95	96	SAZ	27.91667
274	9	Do6	C6	371	371	1	24	152	95	96	.	27.95833
275	9	Si5b5	B5b5	362	362	1	24	152	95	96	.	28
276	9	La5b5	A5b5	353	353	1	24	152	95	96	.	28.04167
277	9	Si5b5	B5b5	362	362	1	24	152	95	96	.	28.08333
278	9	La5b5	A5b5	353	353	1	24	152	95	96	.	28.125
279	9	Sol5	G5	349	349	1	24	152	95	96	.	28.16667
280	9	La5b5	A5b5	353	353	1	24	152	95	96	.	28.20833
281	9	Sol5	G5	349	349	1	24	152	95	96	.	28.25
282	9	Fa5	F5	340	340	1	8	455	95	96	.	28.375
283	9	Mi5b5	E5b5	331	331	1	8	455	95	96	boþ 	28.5
284	9	Fa5	F5	340	340	1	8	455	95	96	ye	28.625
285	9	Sol5	G5	349	349	1	8	455	95	96	re 	28.75
286	9	Re5	D5	327	327	1	2	1818	95	96	mi 	29.25
287	9	Sol5	G5	349	349	1	16	227	99	96	ver	29.3125
288	9	Sol5	G5	349	349	1	16	227	99	96		29.375
289	9	Fa5	F5	340	340	1	16	227	99	96		29.4375
290	9	Mi5b5	E5b5	331	331	1	16	227	99	96		29.5
291	9	Re5	D5	327	327	1	16	227	99	96		29.5625
292	9	Do5	C5	318	318	1	16	227	99	96		29.625
293	9	Si4b5	B4b5	309	309	1	16	227	99	96		29.6875
294	9	Do5	C5	318	318	1	16	227	95	96		29.75
295	9	Re5	D5	327	327	1	2	1818	95	96	dim  	30.25
296	9			-1	-1	1	8	455	100	0		30.375
297	9	Sol5	G5	349	349	1	4	909	99	96	ah 	30.625
298	9	Fa5	F5	340	340	1	16	227	99	96		30.6875
299	9	Mi5b5	E5b5	331	331	1	16	227	99	96		30.75
300	9	Fa5	F5	340	340	1	8	455	99	96		30.875
301	9	Mi5b5	E5b5	331	331	1	16	227	99	96		30.9375
302	9	Re5	D5	327	327	1	16	227	99	96		31
303	9	Mi5b5	E5b5	331	331	1	8	455	99	96		31.125
304	9	Re5	D5	327	327	1	16	227	99	96		31.1875
305	9	Do5	C5	318	318	1	16	227	99	96		31.25
306	9	Re5	D5	327	327	1	8	455	99	96		31.375
307	9	Do5	C5	318	318	1	16	227	99	96		31.4375
308	9	Si4b5	B4b5	309	309	1	16	227	99	96		31.5
309	9	Do5	C5	318	318	1	8	455	99	96		31.625
310	9	Si4b5	B4b5	309	309	1	16	227	99	96		31.6875
311	9	La4b5	A4b5	300	300	1	16	227	99	96		31.75
312	9	Si4b5	B4b5	309	309	1	8	455	99	96		31.875
313	9	La4b5	A4b5	300	300	1	16	227	99	96		31.9375
314	9	Sol4	G4	296	296	1	16	227	99	96		32
315	9	La4b5	A4b5	300	300	1	4	909	95	96		32.25
316	9			-1	-1	1	8	455	100	0		32.375
317	9	Mi5b5	E5b5	331	331	1	8	455	95	96	boþ 	32.5
318	9	Re5	D5	327	327	1	8	455	95	96	ye	32.625
319	9	Do5	C5	318	318	1	8	455	95	96	re 	32.75
320	9	Si4b5	B4b5	309	309	1	4	909	95	96	mi 	33
321	9	Do5	C5	318	318	1	16	227	99	96	ver	33.0625
322	9	Si4b5	B4b5	309	309	1	16	227	99	96		33.125
323	9	Do5	C5	318	318	1	16	227	99	96		33.1875
324	9	La4b5	A4b5	300	300	1	16	227	95	96		33.25
325	9	Sol4	G4	296	296	1	1	3636	95	96	dim  	34.25
326	9	Do5	C5	318	318	1	16	227	95	96	SAZ	34.3125
327	9	Do5	C5	318	318	1	8	455	95	96	.	34.4375
328	9	Do5	C5	318	318	1	16	227	95	96	.	34.5
329	9	Mi5b5	E5b5	331	331	1	16	227	95	96	.	34.5625
330	9	Mi5b5	E5b5	331	331	1	8	455	95	96	.	34.6875
331	9	Mi5b5	E5b5	331	331	1	16	227	95	96	.	34.75
332	9	Sol5	G5	349	349	1	16	227	95	96	.	34.8125
333	9	Sol5	G5	349	349	1	8	455	95	96	.	34.9375
334	9	Sol5	G5	349	349	1	16	227	95	96	.	35
335	9	Mi5b5	E5b5	331	331	1	16	227	95	96	.	35.0625
336	9	Re5	D5	327	327	1	16	227	95	96	.	35.125
337	9	Mi5b5	E5b5	331	331	1	16	227	95	96	.	35.1875
338	9	Do5	C5	318	318	1	16	227	95	96	.	35.25
339	9	Si4b5	B4b5	309	309	1	16	227	95	96	.	35.3125
340	9	Si4b5	B4b5	309	309	1	8	455	95	96	.	35.4375
341	9	Si4b5	B4b5	309	309	1	16	227	95	96	.	35.5
342	9	Re5	D5	327	327	1	16	227	95	96	.	35.5625
343	9	Re5	D5	327	327	1	8	455	95	96	.	35.6875
344	9	Re5	D5	327	327	1	16	227	95	96	.	35.75
345	9	Fa5	F5	340	340	1	16	227	95	96	.	35.8125
346	9	Fa5	F5	340	340	1	8	455	95	96	.	35.9375
347	9	Fa5	F5	340	340	1	16	227	95	96	.	36
348	9	Re5	D5	327	327	1	16	227	95	96	.	36.0625
349	9	Do5	C5	318	318	1	16	227	95	96	.	36.125
350	9	Re5	D5	327	327	1	16	227	95	96	.	36.1875
351	9	Si4b5	B4b5	309	309	1	16	227	95	96	.	36.25
352	9	La4b5	A4b5	300	300	1	16	227	95	96	.	36.3125
353	9	La4b5	A4b5	300	300	1	8	455	95	96	.	36.4375
354	9	La4b5	A4b5	300	300	1	16	227	95	96	.	36.5
355	9	Do5	C5	318	318	1	16	227	95	96	.	36.5625
356	9	Do5	C5	318	318	1	8	455	95	96	.	36.6875
357	9	Do5	C5	318	318	1	16	227	95	96	.	36.75
358	9	Mi5b5	E5b5	331	331	1	16	227	95	96	.	36.8125
359	9	Mi5b5	E5b5	331	331	1	8	455	95	96	.	36.9375
360	9	Mi5b5	E5b5	331	331	1	16	227	95	96	.	37
361	9	La4b5	A4b5	300	300	1	8	455	95	96	.	37.125
362	9	Si4b5	B4b5	309	309	1	8	455	95	96	.	37.25
363	9	La4b5	A4b5	300	300	1	24	152	95	96	.	37.29167
364	9	Si4b5	B4b5	309	309	1	24	152	95	96	.	37.33333
365	9	La4b5	A4b5	300	300	1	24	152	95	96	.	37.375
366	9	Sol4	G4	296	296	1	4	909	95	96	.	37.625
367	9	La4b5	A4b5	300	300	1	16	227	95	96	.	37.6875
368	9	Si4b5	B4b5	309	309	1	16	227	95	96	.	37.75
369	9	Do5	C5	318	318	1	16	227	95	96	.	37.8125
370	9	Re5	D5	327	327	1	16	227	95	96	.	37.875
371	9	Mi5b5	E5b5	331	331	1	16	227	95	96	.	37.9375
372	9	Fa5	F5	340	340	1	16	227	95	96	.	38
373	9	Sol5	G5	349	349	1	4	909	95	96	.	38.25
374	9			-1	-1	1	8	455	100	0		38.375
375	9	Do6	C6	371	371	1	8	455	95	96	Her 	38.5
376	9	Si5b5	B5b5	362	362	1	8	455	95	96	þe	38.625
377	9	La5b5	A5b5	353	353	1	8	455	95	96	yi	38.75
378	9	Sol5	G5	349	349	1	8	455	95	96	mi 	38.875
379	9	Do6	C6	371	371	1	24	152	95	96	SAZ	38.91667
380	9	Re6	D6	380	380	1	24	152	95	96	.	38.95833
381	9	Do6	C6	371	371	1	24	152	95	96	.	39
382	9	Si5b5	B5b5	362	362	1	24	152	95	96	.	39.04167
383	9	Do6	C6	371	371	1	24	152	95	96	.	39.08333
384	9	Si5b5	B5b5	362	362	1	24	152	95	96	.	39.125
385	9	La5b5	A5b5	353	353	1	24	152	95	96	.	39.16667
386	9	Si5b5	B5b5	362	362	1	24	152	95	96	.	39.20833
387	9	La5b5	A5b5	353	353	1	24	152	95	96	.	39.25
388	9	Sol5	G5	349	349	1	8	455	95	96	.	39.375
389	9	Si5b5	B5b5	362	362	1	8	455	95	96	uð	39.5
390	9	La5b5	A5b5	353	353	1	8	455	95	96	ru	39.625
391	9	Sol5	G5	349	349	1	8	455	95	96	na 	39.75
392	9	Fa5	F5	340	340	1	8	455	95	96	ben 	39.875
393	9	Si5b5	B5b5	362	362	1	24	152	95	96	SAZ	39.91667
394	9	Do6	C6	371	371	1	24	152	95	96	.	39.95833
395	9	Si5b5	B5b5	362	362	1	24	152	95	96	.	40
396	9	La5b5	A5b5	353	353	1	24	152	95	96	.	40.04167
397	9	Si5b5	B5b5	362	362	1	24	152	95	96	.	40.08333
398	9	La5b5	A5b5	353	353	1	24	152	95	96	.	40.125
399	9	Sol5	G5	349	349	1	24	152	95	96	.	40.16667
400	9	La5b5	A5b5	353	353	1	24	152	95	96	.	40.20833
401	9	Sol5	G5	349	349	1	24	152	95	96	.	40.25
402	9	Fa5	F5	340	340	1	8	455	95	96	.	40.375
403	9	Mi5b5	E5b5	331	331	1	8	455	95	96	boþ 	40.5
404	9	Fa5	F5	340	340	1	8	455	95	96	ye	40.625
405	9	Sol5	G5	349	349	1	8	455	95	96	re 	40.75
406	9	Re5	D5	327	327	1	2	1818	95	96	mi 	41.25
407	9	Sol5	G5	349	349	1	16	227	99	96	ver	41.3125
408	9	Sol5	G5	349	349	1	16	227	99	96		41.375
409	9	Fa5	F5	340	340	1	16	227	99	96		41.4375
410	9	Mi5b5	E5b5	331	331	1	16	227	99	96		41.5
411	9	Re5	D5	327	327	1	16	227	99	96		41.5625
412	9	Do5	C5	318	318	1	16	227	99	96		41.625
413	9	Si4b5	B4b5	309	309	1	16	227	99	96		41.6875
414	9	Do5	C5	318	318	1	16	227	95	96		41.75
415	9	Re5	D5	327	327	1	2	1818	95	96	dim  	42.25
416	9			-1	-1	1	8	455	100	0		42.375
417	9	Sol5	G5	349	349	1	4	909	99	96	ah 	42.625
418	9	Fa5	F5	340	340	1	16	227	99	96		42.6875
419	9	Mi5b5	E5b5	331	331	1	16	227	99	96		42.75
420	9	Fa5	F5	340	340	1	8	455	99	96		42.875
421	9	Mi5b5	E5b5	331	331	1	16	227	99	96		42.9375
422	9	Re5	D5	327	327	1	16	227	99	96		43
423	9	Mi5b5	E5b5	331	331	1	8	455	99	96		43.125
424	9	Re5	D5	327	327	1	16	227	99	96		43.1875
425	9	Do5	C5	318	318	1	16	227	99	96		43.25
426	9	Re5	D5	327	327	1	8	455	99	96		43.375
427	9	Do5	C5	318	318	1	16	227	99	96		43.4375
428	9	Si4b5	B4b5	309	309	1	16	227	99	96		43.5
429	9	Do5	C5	318	318	1	8	455	99	96		43.625
430	9	Si4b5	B4b5	309	309	1	16	227	99	96		43.6875
431	9	La4b5	A4b5	300	300	1	16	227	99	96		43.75
432	9	Si4b5	B4b5	309	309	1	8	455	99	96		43.875
433	9	La4b5	A4b5	300	300	1	16	227	99	96		43.9375
434	9	Sol4	G4	296	296	1	16	227	99	96		44
435	9	La4b5	A4b5	300	300	1	4	909	95	96		44.25
436	9			-1	-1	1	8	455	100	0		44.375
437	9	Mi5b5	E5b5	331	331	1	8	455	95	96	boþ 	44.5
438	9	Re5	D5	327	327	1	8	455	95	96	ye	44.625
439	9	Do5	C5	318	318	1	8	455	95	96	re 	44.75
440	9	Si4b5	B4b5	309	309	1	4	909	95	96	mi 	45
441	9	Do5	C5	318	318	1	16	227	99	96	ver	45.0625
442	9	Si4b5	B4b5	309	309	1	16	227	99	96		45.125
443	9	Do5	C5	318	318	1	16	227	99	96		45.1875
444	9	La4b5	A4b5	300	300	1	16	227	95	96		45.25
445	9	Sol4	G4	296	296	1	1	3636	95	96	dim  	46.25
446	9	Do5	C5	318	318	1	16	227	95	96	SAZ	46.3125
447	9	Do5	C5	318	318	1	8	455	95	96	.	46.4375
448	9	Do5	C5	318	318	1	16	227	95	96	.	46.5
449	9	Mi5b5	E5b5	331	331	1	16	227	95	96	.	46.5625
450	9	Mi5b5	E5b5	331	331	1	8	455	95	96	.	46.6875
451	9	Mi5b5	E5b5	331	331	1	16	227	95	96	.	46.75
452	9	Sol5	G5	349	349	1	16	227	95	96	.	46.8125
453	9	Sol5	G5	349	349	1	8	455	95	96	.	46.9375
454	9	Sol5	G5	349	349	1	16	227	95	96	.	47
455	9	Mi5b5	E5b5	331	331	1	16	227	95	96	.	47.0625
456	9	Re5	D5	327	327	1	16	227	95	96	.	47.125
457	9	Mi5b5	E5b5	331	331	1	16	227	95	96	.	47.1875
458	9	Do5	C5	318	318	1	16	227	95	96	.	47.25
459	9	Si4b5	B4b5	309	309	1	16	227	95	96	.	47.3125
460	9	Si4b5	B4b5	309	309	1	8	455	95	96	.	47.4375
461	9	Si4b5	B4b5	309	309	1	16	227	95	96	.	47.5
462	9	Re5	D5	327	327	1	16	227	95	96	.	47.5625
463	9	Re5	D5	327	327	1	8	455	95	96	.	47.6875
464	9	Re5	D5	327	327	1	16	227	95	96	.	47.75
465	9	Fa5	F5	340	340	1	16	227	95	96	.	47.8125
466	9	Fa5	F5	340	340	1	8	455	95	96	.	47.9375
467	9	Fa5	F5	340	340	1	16	227	95	96	.	48
468	9	Re5	D5	327	327	1	16	227	95	96	.	48.0625
469	9	Do5	C5	318	318	1	16	227	95	96	.	48.125
470	9	Re5	D5	327	327	1	16	227	95	96	.	48.1875
471	9	Si4b5	B4b5	309	309	1	16	227	95	96	.	48.25
472	9	La4b5	A4b5	300	300	1	16	227	95	96	.	48.3125
473	9	La4b5	A4b5	300	300	1	8	455	95	96	.	48.4375
474	9	La4b5	A4b5	300	300	1	16	227	95	96	.	48.5
475	9	Do5	C5	318	318	1	16	227	95	96	.	48.5625
476	9	Do5	C5	318	318	1	8	455	95	96	.	48.6875
477	9	Do5	C5	318	318	1	16	227	95	96	.	48.75
478	9	Mi5b5	E5b5	331	331	1	16	227	95	96	.	48.8125
479	9	Mi5b5	E5b5	331	331	1	8	455	95	96	.	48.9375
480	9	Mi5b5	E5b5	331	331	1	16	227	95	96	.	49
481	9	La4b5	A4b5	300	300	1	8	455	95	96	.	49.125
482	9	Si4b5	B4b5	309	309	1	8	455	95	96	.	49.25
483	9	La4b5	A4b5	300	300	1	24	152	95	96	.	49.29167
484	9	Si4b5	B4b5	309	309	1	24	152	95	96	.	49.33333
485	9	La4b5	A4b5	300	300	1	24	152	95	96	.	49.375
486	9	Sol4	G4	296	296	1	4	909	95	96	.	49.625
487	9	Re5	D5	327	327	1	8	455	95	96	.	49.75
488	9	Fa5	F5	340	340	3	32	341	95	96	.	49.84375
489	9	Mi5b5	E5b5	331	331	1	32	114	95	96	.	49.875
490	9	Re5	D5	327	327	1	16	227	95	96	.	49.9375
491	9	Mi5b5	E5b5	331	331	1	16	227	95	96	.	50
492	9	Re5	D5	327	327	1	4	909	95	96	.	50.25
493	9	Do5	C5	318	318	1	8	455	95	96	Ya	50.375
494	9	Re5	D5	327	327	3	8	1364	95	96	lan 	50.75
495	9	Re5	D5	327	327	1	4	909	95	96	söz	51
496	9	Re5	D5	327	327	1	8	455	99	96	ler	51.125
497	9	Do5	C5	318	318	1	8	455	95	96		51.25
498	9	Fa5	F5	340	340	1	16	227	99	96	le 	51.3125
499	9	Mi5b5	E5b5	331	331	1	16	227	95	96		51.375
500	9	Mi5b5	E5b5	331	331	1	4	909	95	96	al	51.625
501	9	Mi5b5	E5b5	331	331	1	16	227	99	96	da	51.6875
502	9	Re5	D5	327	327	1	16	227	95	96		51.75
503	9	Re5	D5	327	327	1	2	1818	95	96	týp 	52.25
504	9			-1	-1	1	8	455	100	0		52.375
505	9	Si5b5	B5b5	362	362	1	8	455	95	96	se	52.5
506	9	La5b5	A5b5	353	353	1	8	455	95	96	ni	52.625
507	9	Sol5	G5	349	349	1	8	455	95	96	nim 	52.75
508	9	Sol5	G5	349	349	3	16	682	99	96	der	52.9375
509	9	Fa5	F5	340	340	1	16	227	99	96		53
510	9	Mi5b5	E5b5	331	331	1	16	227	99	96		53.0625
511	9	Mi5b5	E5b5	331	331	1	16	227	99	96		53.125
512	9	Mi5b5	E5b5	331	331	1	16	227	99	96		53.1875
513	9	Re5	D5	327	327	1	16	227	95	96		53.25
514	9	Re5	D5	327	327	1	4	909	95	96	din 	53.5
515	9	Sol5	G5	349	349	1	4	909	95	96	SAZ	53.75
516	9	Fa5	F5	340	340	1	16	227	95	96	.	53.8125
517	9	Mi5b5	E5b5	331	331	1	16	227	95	96	.	53.875
518	9	Re5	D5	327	327	1	16	227	95	96	.	53.9375
519	9	Do5	C5	318	318	1	16	227	95	96	.	54
520	9	Si4b5	B4b5	309	309	1	16	227	95	96	.	54.0625
521	9	La4b5	A4b5	300	300	1	16	227	95	96	.	54.125
522	9	Sol4	G4	296	296	1	8	455	95	96	.	54.25
523	9	Do5	C5	318	318	1	8	455	95	96	Ya	54.375
524	9	Re5	D5	327	327	3	8	1364	95	96	lan 	54.75
525	9	Re5	D5	327	327	1	4	909	95	96	söz	55
526	9	Re5	D5	327	327	1	8	455	99	96	ler	55.125
527	9	Do5	C5	318	318	1	8	455	95	96		55.25
528	9	Fa5	F5	340	340	1	16	227	99	96	le 	55.3125
529	9	Mi5b5	E5b5	331	331	1	16	227	95	96		55.375
530	9	Mi5b5	E5b5	331	331	1	4	909	95	96	al	55.625
531	9	Mi5b5	E5b5	331	331	1	16	227	99	96	da	55.6875
532	9	Re5	D5	327	327	1	16	227	95	96		55.75
533	9	Re5	D5	327	327	1	2	1818	95	96	týp 	56.25
534	9	Fa5	F5	340	340	1	8	455	95	96	se	56.375
535	9	Sol5	G5	349	349	1	4	909	95	96	ni	56.625
536	9	La5b5	A5b5	353	353	1	8	455	95	96	nim 	56.75
537	9	Sol5	G5	349	349	3	16	682	99	96	der	56.9375
538	9	Fa5	F5	340	340	1	16	227	99	96		57
539	9	Mi5b5	E5b5	331	331	1	16	227	99	96		57.0625
540	9	Mi5b5	E5b5	331	331	1	16	227	99	96		57.125
541	9	Mi5b5	E5b5	331	331	1	16	227	99	96		57.1875
542	9	Fa5	F5	340	340	1	16	227	95	96		57.25
543	9	Sol5	G5	349	349	1	1	3636	95	96	din  	58.25
544	9	Do5	C5	318	318	1	16	227	95	96	SAZ	58.3125
545	9	Do5	C5	318	318	1	8	455	95	96	.	58.4375
546	9	Do5	C5	318	318	1	16	227	95	96	.	58.5
547	9	Mi5b5	E5b5	331	331	1	16	227	95	96	.	58.5625
548	9	Mi5b5	E5b5	331	331	1	8	455	95	96	.	58.6875
549	9	Mi5b5	E5b5	331	331	1	16	227	95	96	.	58.75
550	9	Sol5	G5	349	349	1	16	227	95	96	.	58.8125
551	9	Sol5	G5	349	349	1	8	455	95	96	.	58.9375
552	9	Sol5	G5	349	349	1	16	227	95	96	.	59
553	9	Mi5b5	E5b5	331	331	1	16	227	95	96	.	59.0625
554	9	Re5	D5	327	327	1	16	227	95	96	.	59.125
555	9	Mi5b5	E5b5	331	331	1	16	227	95	96	.	59.1875
556	9	Do5	C5	318	318	1	16	227	95	96	.	59.25
557	9	Si4b5	B4b5	309	309	1	16	227	95	96	.	59.3125
558	9	Si4b5	B4b5	309	309	1	8	455	95	96	.	59.4375
559	9	Si4b5	B4b5	309	309	1	16	227	95	96	.	59.5
560	9	Re5	D5	327	327	1	16	227	95	96	.	59.5625
561	9	Re5	D5	327	327	1	8	455	95	96	.	59.6875
562	9	Re5	D5	327	327	1	16	227	95	96	.	59.75
563	9	Fa5	F5	340	340	1	16	227	95	96	.	59.8125
564	9	Fa5	F5	340	340	1	8	455	95	96	.	59.9375
565	9	Fa5	F5	340	340	1	16	227	95	96	.	60
566	9	Re5	D5	327	327	1	16	227	95	96	.	60.0625
567	9	Do5	C5	318	318	1	16	227	95	96	.	60.125
568	9	Re5	D5	327	327	1	16	227	95	96	.	60.1875
569	9	Si4b5	B4b5	309	309	1	16	227	95	96	.	60.25
570	9	La4b5	A4b5	300	300	1	16	227	95	96	.	60.3125
571	9	La4b5	A4b5	300	300	1	8	455	95	96	.	60.4375
572	9	La4b5	A4b5	300	300	1	16	227	95	96	.	60.5
573	9	Do5	C5	318	318	1	16	227	95	96	.	60.5625
574	9	Do5	C5	318	318	1	8	455	95	96	.	60.6875
575	9	Do5	C5	318	318	1	16	227	95	96	.	60.75
576	9	Mi5b5	E5b5	331	331	1	16	227	95	96	.	60.8125
577	9	Mi5b5	E5b5	331	331	1	8	455	95	96	.	60.9375
578	9	Mi5b5	E5b5	331	331	1	16	227	95	96	.	61
579	9	La4b5	A4b5	300	300	1	8	455	95	96	.	61.125
580	9	Si4b5	B4b5	309	309	1	8	455	95	96	.	61.25
581	9	La4b5	A4b5	300	300	1	24	152	95	96	.	61.29167
582	9	Si4b5	B4b5	309	309	1	24	152	95	96	.	61.33333
583	9	La4b5	A4b5	300	300	1	24	152	95	96	.	61.375
584	9	Sol4	G4	296	296	1	4	909	95	96	.	61.625
585	9	Sol5	G5	349	349	1	24	152	95	96	.	61.66667
586	9	Fa5	F5	340	340	1	24	152	95	96	.	61.70833
587	9	Mi5b5	E5b5	331	331	1	24	152	95	96	.	61.75
588	9	Re5	D5	327	327	1	16	227	95	96	.	61.8125
589	9	Do5	C5	318	318	1	16	227	95	96	.	61.875
590	9	Si4b5	B4b5	309	309	1	16	227	95	96	.	61.9375
591	9	La4b5	A4b5	300	300	1	16	227	95	96	.	62
592	9	Sol4	G4	296	296	1	4	909	95	96	.	62.25
593	9	Do5	C5	318	318	1	16	227	95	96	SAZ	62.3125
594	9	Do5	C5	318	318	1	8	455	95	96	.	62.4375
595	9	Do5	C5	318	318	1	16	227	95	96	.	62.5
596	9	Mi5b5	E5b5	331	331	1	16	227	95	96	.	62.5625
597	9	Mi5b5	E5b5	331	331	1	8	455	95	96	.	62.6875
598	9	Mi5b5	E5b5	331	331	1	16	227	95	96	.	62.75
599	9	Sol5	G5	349	349	1	16	227	95	96	.	62.8125
600	9	Sol5	G5	349	349	1	8	455	95	96	.	62.9375
601	9	Sol5	G5	349	349	1	16	227	95	96	.	63
602	9	Mi5b5	E5b5	331	331	1	16	227	95	96	.	63.0625
603	9	Re5	D5	327	327	1	16	227	95	96	.	63.125
604	9	Mi5b5	E5b5	331	331	1	16	227	95	96	.	63.1875
605	9	Do5	C5	318	318	1	16	227	95	96	.	63.25
606	9	Si4b5	B4b5	309	309	1	16	227	95	96	.	63.3125
607	9	Si4b5	B4b5	309	309	1	8	455	95	96	.	63.4375
608	9	Si4b5	B4b5	309	309	1	16	227	95	96	.	63.5
609	9	Re5	D5	327	327	1	16	227	95	96	.	63.5625
610	9	Re5	D5	327	327	1	8	455	95	96	.	63.6875
611	9	Re5	D5	327	327	1	16	227	95	96	.	63.75
612	9	Fa5	F5	340	340	1	16	227	95	96	.	63.8125
613	9	Fa5	F5	340	340	1	8	455	95	96	.	63.9375
614	9	Fa5	F5	340	340	1	16	227	95	96	.	64
615	9	Re5	D5	327	327	1	16	227	95	96	.	64.0625
616	9	Do5	C5	318	318	1	16	227	95	96	.	64.125
617	9	Re5	D5	327	327	1	16	227	95	96	.	64.1875
618	9	Si4b5	B4b5	309	309	1	16	227	95	96	.	64.25
619	9	La4b5	A4b5	300	300	1	16	227	95	96	.	64.3125
620	9	La4b5	A4b5	300	300	1	8	455	95	96	.	64.4375
621	9	La4b5	A4b5	300	300	1	16	227	95	96	.	64.5
622	9	Do5	C5	318	318	1	16	227	95	96	.	64.5625
623	9	Do5	C5	318	318	1	8	455	95	96	.	64.6875
624	9	Do5	C5	318	318	1	16	227	95	96	.	64.75
625	9	Mi5b5	E5b5	331	331	1	16	227	95	96	.	64.8125
626	9	Mi5b5	E5b5	331	331	1	8	455	95	96	.	64.9375
627	9	Mi5b5	E5b5	331	331	1	16	227	95	96	.	65
628	9	La4b5	A4b5	300	300	1	8	455	95	96	.	65.125
629	9	Si4b5	B4b5	309	309	1	8	455	95	96	.	65.25
630	9	La4b5	A4b5	300	300	1	24	152	95	96	.	65.29166
631	9	Si4b5	B4b5	309	309	1	24	152	95	96	.	65.33334
632	9	La4b5	A4b5	300	300	1	24	152	95	96	.	65.375
633	9	Sol4	G4	296	296	1	4	909	95	96	.	65.625
634	9	La4b5	A4b5	300	300	1	16	227	95	96	.	65.6875
635	9	Si4b5	B4b5	309	309	1	16	227	95	96	.	65.75
636	9	Do5	C5	318	318	1	16	227	95	96	.	65.8125
637	9	Re5	D5	327	327	1	16	227	95	96	.	65.875
638	9	Mi5b5	E5b5	331	331	1	16	227	95	96	.	65.9375
639	9	Fa5	F5	340	340	1	16	227	95	96	.	66
640	9	Sol5	G5	349	349	1	4	909	95	96	.	66.25
641	9			-1	-1	1	8	455	100	0		66.375
642	9	Do6	C6	371	371	1	8	455	95	96	Her 	66.5
643	9	Si5b5	B5b5	362	362	1	8	455	95	96	þe	66.625
644	9	La5b5	A5b5	353	353	1	8	455	95	96	yi	66.75
645	9	Sol5	G5	349	349	1	8	455	95	96	mi 	66.875
646	9	Do6	C6	371	371	1	24	152	95	96	SAZ	66.91666
647	9	Re6	D6	380	380	1	24	152	95	96	.	66.95834
648	9	Do6	C6	371	371	1	24	152	95	96	.	67
649	9	Si5b5	B5b5	362	362	1	24	152	95	96	.	67.04166
650	9	Do6	C6	371	371	1	24	152	95	96	.	67.08334
651	9	Si5b5	B5b5	362	362	1	24	152	95	96	.	67.125
652	9	La5b5	A5b5	353	353	1	24	152	95	96	.	67.16666
653	9	Si5b5	B5b5	362	362	1	24	152	95	96	.	67.20834
654	9	La5b5	A5b5	353	353	1	24	152	95	96	.	67.25
655	9	Sol5	G5	349	349	1	8	455	95	96	.	67.375
656	9	Si5b5	B5b5	362	362	1	8	455	95	96	uð	67.5
657	9	La5b5	A5b5	353	353	1	8	455	95	96	ru	67.625
658	9	Sol5	G5	349	349	1	8	455	95	96	na 	67.75
659	9	Fa5	F5	340	340	1	8	455	95	96	ben 	67.875
660	9	Si5b5	B5b5	362	362	1	24	152	95	96	SAZ	67.91666
661	9	Do6	C6	371	371	1	24	152	95	96	.	67.95834
662	9	Si5b5	B5b5	362	362	1	24	152	95	96	.	68
663	9	La5b5	A5b5	353	353	1	24	152	95	96	.	68.04166
664	9	Si5b5	B5b5	362	362	1	24	152	95	96	.	68.08334
665	9	La5b5	A5b5	353	353	1	24	152	95	96	.	68.125
666	9	Sol5	G5	349	349	1	24	152	95	96	.	68.16666
667	9	La5b5	A5b5	353	353	1	24	152	95	96	.	68.20834
668	9	Sol5	G5	349	349	1	24	152	95	96	.	68.25
669	9	Fa5	F5	340	340	1	8	455	95	96	.	68.375
670	9	Mi5b5	E5b5	331	331	1	8	455	95	96	boþ 	68.5
671	9	Fa5	F5	340	340	1	8	455	95	96	ye	68.625
672	9	Sol5	G5	349	349	1	8	455	95	96	re 	68.75
673	9	Re5	D5	327	327	1	2	1818	95	96	mi 	69.25
674	9	Sol5	G5	349	349	1	16	227	99	96	ver	69.3125
675	9	Sol5	G5	349	349	1	16	227	99	96		69.375
676	9	Fa5	F5	340	340	1	16	227	99	96		69.4375
677	9	Mi5b5	E5b5	331	331	1	16	227	99	96		69.5
678	9	Re5	D5	327	327	1	16	227	99	96		69.5625
679	9	Do5	C5	318	318	1	16	227	99	96		69.625
680	9	Si4b5	B4b5	309	309	1	16	227	99	96		69.6875
681	9	Do5	C5	318	318	1	16	227	95	96		69.75
682	9	Re5	D5	327	327	1	2	1818	95	96	dim  	70.25
683	9			-1	-1	1	8	455	100	0		70.375
684	9	Sol5	G5	349	349	1	4	909	99	96	ah 	70.625
685	9	Fa5	F5	340	340	1	16	227	99	96		70.6875
686	9	Mi5b5	E5b5	331	331	1	16	227	99	96		70.75
687	9	Fa5	F5	340	340	1	8	455	99	96		70.875
688	9	Mi5b5	E5b5	331	331	1	16	227	99	96		70.9375
689	9	Re5	D5	327	327	1	16	227	99	96		71
690	9	Mi5b5	E5b5	331	331	1	8	455	99	96		71.125
691	9	Re5	D5	327	327	1	16	227	99	96		71.1875
692	9	Do5	C5	318	318	1	16	227	99	96		71.25
693	9	Re5	D5	327	327	1	8	455	99	96		71.375
694	9	Do5	C5	318	318	1	16	227	99	96		71.4375
695	9	Si4b5	B4b5	309	309	1	16	227	99	96		71.5
696	9	Do5	C5	318	318	1	8	455	99	96		71.625
697	9	Si4b5	B4b5	309	309	1	16	227	99	96		71.6875
698	9	La4b5	A4b5	300	300	1	16	227	99	96		71.75
699	9	Si4b5	B4b5	309	309	1	8	455	99	96		71.875
700	9	La4b5	A4b5	300	300	1	16	227	99	96		71.9375
701	9	Sol4	G4	296	296	1	16	227	99	96		72
702	9	La4b5	A4b5	300	300	1	4	909	95	96		72.25
703	9			-1	-1	1	8	455	100	0		72.375
704	9	Mi5b5	E5b5	331	331	1	8	455	95	96	boþ 	72.5
705	9	Re5	D5	327	327	1	8	455	95	96	ye	72.625
706	9	Do5	C5	318	318	1	8	455	95	96	re 	72.75
707	9	Si4b5	B4b5	309	309	1	4	909	95	96	mi 	73
708	9	Do5	C5	318	318	1	16	227	99	96	ver	73.0625
709	9	Si4b5	B4b5	309	309	1	16	227	99	96		73.125
710	9	Do5	C5	318	318	1	16	227	99	96		73.1875
711	9	La4b5	A4b5	300	300	1	16	227	95	96		73.25
712	9	Sol4	G4	296	296	1	1	3636	95	96	dim  	74.25
