Sira	Kod	Nota53	NotaAE	Koma53	KomaAE	Pay	Payda	Ms	LNS	Bas	Soz1	Offset
1	9			-1	-1	1	8	500	100	0		0.125
2	9	Re5	D5	327	327	1	16	250	95	96	ARANAÐME 	0.1875
3	9	Sol5	G5	349	349	1	16	250	95	96	.	0.25
4	9	Sol5	G5	349	349	1	16	250	95	96	.	0.3125
5	9	Re5	D5	327	327	1	16	250	95	96	.	0.375
6	9	Sol5	G5	349	349	1	8	500	99	96	.	0.5
7	9	Sol5	G5	349	349	1	16	250	95	96	.	0.5625
8	9	Fa5#5	F5#5	345	345	1	16	250	95	96	.	0.625
9	9	Sol5	G5	349	349	1	16	250	95	96	.	0.6875
10	9	La5	A5	358	358	1	16	250	95	96	.	0.75
11	9	Si5	B5	367	367	3	32	375	95	96	.	0.84375
12	9	La5	A5	358	358	1	32	125	95	96	.	0.875
13	9	Sol5	G5	349	349	1	8	500	95	96	.	1
14	9			-1	-1	1	8	500	100	0	.	1.125
15	9	Re5	D5	327	327	1	16	250	95	96	.	1.1875
16	9	Sol5	G5	349	349	1	16	250	95	96	.	1.25
17	9	Sol5	G5	349	349	1	16	250	95	96	.	1.3125
18	9	Re5	D5	327	327	1	16	250	95	96	.	1.375
19	9	Sol5	G5	349	349	1	8	500	95	96	.	1.5
20	9	Sol5	G5	349	349	1	16	250	95	96	.	1.5625
21	9	Fa5#5	F5#5	345	345	1	16	250	95	96	.	1.625
22	9	Sol5	G5	349	349	1	16	250	95	96	.	1.6875
23	9	La5	A5	358	358	1	16	250	95	96	.	1.75
24	9	Si5	B5	367	367	3	32	375	95	96	.	1.84375
25	9	La5	A5	358	358	1	32	125	95	96	.	1.875
26	9	Si5	B5	367	367	1	8	500	95	96	.	2
27	9			-1	-1	1	8	500	100	0	.	2.125
28	9	Si5	B5	367	367	1	16	250	95	96	.	2.1875
29	9	Do6	C6	371	371	1	16	250	95	96	.	2.25
30	9	Do6	C6	371	371	1	16	250	95	96	.	2.3125
31	9	Si5	B5	367	367	1	16	250	95	96	.	2.375
32	9	La5	A5	358	358	1	8	500	95	96	.	2.5
33	9	Sol5	G5	349	349	1	8	500	95	96	.	2.625
34	9	La5	A5	358	358	1	16	250	95	96	.	2.6875
35	9	Si5	B5	367	367	1	16	250	99	96	.	2.75
36	9	Si5	B5	367	367	1	16	250	95	96	.	2.8125
37	9	La5	A5	358	358	1	16	250	95	96	.	2.875
38	9	Sol5	G5	349	349	1	8	500	95	96	.	3
39	9	Fa5#5	F5#5	345	345	1	16	250	95	96	.	3.0625
40	9	Sol5	G5	349	349	1	16	250	95	96	.	3.125
41	9	Fa5#5	F5#5	345	345	1	16	250	95	96	.	3.1875
42	9	La5	A5	358	358	1	16	250	99	96	.	3.25
43	9	La5	A5	358	358	1	16	250	95	96	.	3.3125
44	9	Sol5	G5	349	349	1	16	250	95	96	.	3.375
45	9	Fa5#5	F5#5	345	345	1	8	500	95	96	.	3.5
46	9	Mi5	E5	336	336	1	16	250	95	96	.	3.5625
47	9	Fa5#5	F5#5	345	345	1	8	500	95	96	.	3.6875
48	9	Mi5	E5	336	336	1	16	250	95	96	.	3.75
49	9	Fa5#5	F5#5	345	345	1	8	500	95	96	.	3.875
50	9	Sol5	G5	349	349	1	8	500	95	96	.	4
51	9	La5	A5	358	358	1	8	500	95	96	.	4.125
52	9	Fa5#5	F5#5	345	345	1	16	250	95	96	.	4.1875
53	9	Sol5	G5	349	349	1	16	250	99	96	.	4.25
54	9	Sol5	G5	349	349	1	16	250	95	96	.	4.3125
55	9	Mi5	E5	336	336	1	16	250	95	96	.	4.375
56	9	Re5	D5	327	327	1	8	500	95	96	.	4.5
57	9			-1	-1	1	16	250	100	0	.	4.5625
58	9	Si4	B4	314	314	1	16	250	95	96	.	4.625
59	9	Do5	C5	318	318	1	16	250	95	96	.	4.6875
60	9	Re5	D5	327	327	1	16	250	95	96	.	4.75
61	9	Mi5	E5	336	336	1	16	250	95	96	.	4.8125
62	9	Fa5#5	F5#5	345	345	1	16	250	95	96	.	4.875
63	9	Sol5	G5	349	349	1	16	250	95	96	.	4.9375
64	9	La5	A5	358	358	1	16	250	95	96	.	5
65	9	Sol5	G5	349	349	1	8	500	95	96	.	5.125
66	9	Sol5	G5	349	349	1	16	250	95	96	.	5.1875
67	9	Sol5	G5	349	349	1	16	250	95	96	.	5.25
68	9	Fa5#5	F5#5	345	345	1	16	250	95	96	.	5.3125
69	9	Mi5	E5	336	336	1	16	250	95	96	.	5.375
70	9	Re5	D5	327	327	1	16	250	95	96	.	5.4375
71	9	Do5	C5	318	318	1	16	250	95	96	.	5.5
72	9	Si4	B4	314	314	1	16	250	95	96	.	5.5625
73	9	La4	A4	305	305	1	16	250	95	96	.	5.625
74	9	Sol4	G4	296	296	1	16	250	95	96	.	5.6875
75	9	Fa4#5	F4#5	292	292	1	16	250	95	96	.	5.75
76	9	Sol4	G4	296	296	1	4	1000	95	96	.	6
77	9			-1	-1	1	8	500	100	0		6.125
78	9	Sol5	G5	349	349	1	8	500	95	96	Hoþ	6.25
79	9	Sol5	G5	349	349	1	8	500	95	96	gel	6.375
80	9	La5	A5	358	358	1	8	500	95	96	din 	6.5
81	9	Sol5	G5	349	349	1	16	250	99	96	e	6.5625
82	9	Fa5#5	F5#5	345	345	1	16	250	99	96		6.625
83	9	Mi5	E5	336	336	1	16	250	99	96		6.6875
84	9	Fa5#5	F5#5	345	345	1	16	250	95	96		6.75
85	9	Sol5	G5	349	349	1	16	250	99	96	li	6.8125
86	9	Sol5	G5	349	349	1	16	250	95	96		6.875
87	9	Fa5#5	F5#5	345	345	1	16	250	99	96	mi	6.9375
88	9	Mi5	E5	336	336	1	16	250	95	96		7
89	9	Re5	D5	327	327	1	8	500	95	96	ze  	7.125
90	9	Sol5	G5	349	349	1	16	250	95	96	Þi	7.1875
91	9	Sol5	G5	349	349	1	16	250	95	96	ir 	7.25
92	9	Sol5	G5	349	349	1	8	500	95	96	ol	7.375
93	9	La5	A5	358	358	1	8	500	95	96	dun	7.5
94	9	Sol5	G5	349	349	1	16	250	99	96	di	7.5625
95	9	Fa5#5	F5#5	345	345	1	16	250	99	96		7.625
96	9	Mi5	E5	336	336	1	16	250	99	96		7.6875
97	9	Fa5#5	F5#5	345	345	1	16	250	95	96		7.75
98	9	Sol5	G5	349	349	1	16	250	99	96	li	7.8125
99	9	Sol5	G5	349	349	1	16	250	95	96		7.875
100	9	Fa5#5	F5#5	345	345	1	16	250	99	96	mi	7.9375
101	9	Mi5	E5	336	336	1	16	250	95	96		8
102	9	Re5	D5	327	327	1	8	500	95	96	ze  	8.125
103	9	Sol5	G5	349	349	1	8	500	99	96	bay	8.25
104	9	Fa5	F5	340	340	1	8	500	95	96		8.375
105	9	Mi5	E5	336	336	1	8	500	95	96	ram 	8.5
106	9	Re5	D5	327	327	1	16	250	99	96	ge	8.5625
107	9	Do5	C5	318	318	1	16	250	95	96		8.625
108	9	Si4	B4	314	314	1	16	250	99	96	ce	8.6875
109	9	La4	A4	305	305	1	16	250	95	96		8.75
110	9	Si4	B4	314	314	1	16	250	95	96	si 	8.8125
111	9	Do5	C5	318	318	1	16	250	95	96		8.875
112	9	Re5	D5	327	327	1	8	500	95	96		9
113	9	La4	A4	305	305	1	16	250	99	96	bay	9.0625
114	9	Si4	B4	314	314	1	16	250	95	96		9.125
115	9	Do5	C5	318	318	1	8	500	95	96	ram 	9.25
116	9	Si4	B4	314	314	1	16	250	99	96	ge	9.3125
117	9	La4	A4	305	305	1	16	250	95	96		9.375
118	9	Sol4	G4	296	296	1	16	250	95	96		9.4375
119	9	Fa4#5	F4#5	292	292	1	16	250	95	96		9.5
120	9	Sol4	G4	296	296	1	8	500	95	96	si  	9.625
121	9	Sol4	G4	296	296	1	16	250	95	96	SAZ 	9.6875
122	9	La4	A4	305	305	1	16	250	95	96	.	9.75
123	9	La4	A4	305	305	1	16	250	95	96	.	9.8125
124	9	Fa4#5	F4#5	292	292	1	16	250	95	96	.	9.875
125	9	Sol4	G4	296	296	1	8	500	95	96	.	10
126	52			0	0	1	8	0	120	0		10.125
127	9			-1	-1	1	8	500	100	0		10.25
128	9	Sol5	G5	349	349	1	8	500	95	96	Hoþ	10.375
129	9	Sol5	G5	349	349	1	8	500	95	96	gel	10.5
130	9	La5	A5	358	358	1	8	500	95	96	din 	10.625
131	9	Sol5	G5	349	349	1	16	250	99	96	e	10.6875
132	9	Fa5#5	F5#5	345	345	1	16	250	99	96		10.75
133	9	Mi5	E5	336	336	1	16	250	99	96		10.8125
134	9	Fa5#5	F5#5	345	345	1	16	250	95	96		10.875
135	9	Sol5	G5	349	349	1	16	250	99	96	li	10.9375
136	9	Sol5	G5	349	349	1	16	250	95	96		11
137	9	Fa5#5	F5#5	345	345	1	16	250	99	96	mi	11.0625
138	9	Mi5	E5	336	336	1	16	250	95	96		11.125
139	9	Re5	D5	327	327	1	8	500	95	96	ze  	11.25
140	9	Sol5	G5	349	349	1	16	250	95	96	Þi	11.3125
141	9	Sol5	G5	349	349	1	16	250	95	96	ir 	11.375
142	9	Sol5	G5	349	349	1	8	500	95	96	ol	11.5
143	9	La5	A5	358	358	1	8	500	95	96	dun	11.625
144	9	Sol5	G5	349	349	1	16	250	99	96	di	11.6875
145	9	Fa5#5	F5#5	345	345	1	16	250	99	96		11.75
146	9	Mi5	E5	336	336	1	16	250	99	96		11.8125
147	9	Fa5#5	F5#5	345	345	1	16	250	95	96		11.875
148	9	Sol5	G5	349	349	1	16	250	99	96	li	11.9375
149	9	Sol5	G5	349	349	1	16	250	95	96		12
150	9	Fa5#5	F5#5	345	345	1	16	250	99	96	mi	12.0625
151	9	Mi5	E5	336	336	1	16	250	95	96		12.125
152	9	Re5	D5	327	327	1	8	500	95	96	ze  	12.25
153	9	Sol5	G5	349	349	1	8	500	99	96	bay	12.375
154	9	Fa5	F5	340	340	1	8	500	95	96		12.5
155	9	Mi5	E5	336	336	1	8	500	95	96	ram 	12.625
156	9	Re5	D5	327	327	1	16	250	99	96	ge	12.6875
157	9	Do5	C5	318	318	1	16	250	95	96		12.75
158	9	Si4	B4	314	314	1	16	250	99	96	ce	12.8125
159	9	La4	A4	305	305	1	16	250	95	96		12.875
160	9	Si4	B4	314	314	1	16	250	95	96	si 	12.9375
161	9	Do5	C5	318	318	1	16	250	95	96		13
162	9	Re5	D5	327	327	1	8	500	95	96		13.125
163	9	La4	A4	305	305	1	16	250	99	96	bay	13.1875
164	9	Si4	B4	314	314	1	16	250	95	96		13.25
165	9	Do5	C5	318	318	1	8	500	95	96	ram 	13.375
166	9	Si4	B4	314	314	1	16	250	99	96	ge	13.4375
167	9	La4	A4	305	305	1	16	250	95	96		13.5
168	9	Sol4	G4	296	296	1	16	250	95	96		13.5625
169	9	Fa4#5	F4#5	292	292	1	16	250	95	96		13.625
170	9	Sol4	G4	296	296	1	8	500	95	96	si  	13.75
171	9	Sol4	G4	296	296	1	16	250	95	96	SAZ 	13.8125
172	9	La4	A4	305	305	1	16	250	95	96	.	13.875
173	9	La4	A4	305	305	1	16	250	95	96	.	13.9375
174	9	Fa4#5	F4#5	292	292	1	16	250	95	96	.	14
175	9	Sol4	G4	296	296	1	8	500	95	96	.	14.125
176	9			-1	-1	1	8	500	100	0		14.25
177	9	Sol5	G5	349	349	1	8	500	95	96	Al	14.375
178	9	Sol5	G5	349	349	1	8	500	95	96	týn 	14.5
179	9	La5	A5	358	358	1	8	500	95	96	hi	14.625
180	9	Sol5	G5	349	349	3	8	1500	99	96	lâ	15
181	9	Fa5#5	F5#5	345	345	1	16	250	99	96		15.0625
182	9	Mi5	E5	336	336	1	16	250	99	96		15.125
183	9	Re5	D5	327	327	1	16	250	99	96	lin 	15.1875
184	9	Mi5	E5	336	336	1	16	250	99	96		15.25
185	9	Re5	D5	327	327	1	8	500	99	96		15.375
186	9	Mi5	E5	336	336	1	16	250	99	96		15.4375
187	9	Fa5#5	F5#5	345	345	1	16	250	99	96		15.5
188	9	Mi5	E5	336	336	1	8	500	99	96		15.625
189	9	Fa5#5	F5#5	345	345	1	16	250	99	96		15.6875
190	9	Sol5	G5	349	349	1	16	250	99	96		15.75
191	9	Fa5#5	F5#5	345	345	1	8	500	95	96		15.875
192	9	Sol5	G5	349	349	1	8	500	95	96	in	16
193	9	La5	A5	358	358	1	8	500	95	96	ce  	16.125
194	9			-1	-1	1	8	500	100	0		16.25
195	9	Do6	C6	371	371	1	8	500	95	96	I	16.375
196	9	Si5	B5	367	367	1	8	500	95	96	þý	16.5
197	9	La5	A5	358	358	1	8	500	95	96	ðý 	16.625
198	9	Sol5	G5	349	349	1	16	250	99	96	ser	16.6875
199	9	Sol5	G5	349	349	1	16	250	99	96		16.75
200	9	Fa5#5	F5#5	345	345	1	16	250	99	96		16.8125
201	9	Mi5	E5	336	336	1	16	250	99	96		16.875
202	9	Re5	D5	327	327	1	16	250	99	96		16.9375
203	9	Do5	C5	318	318	1	16	250	99	96		17
204	9	Si4	B4	314	314	1	16	250	99	96		17.0625
205	9	La4	A4	305	305	1	16	250	95	96		17.125
206	9	Sol4	G4	296	296	3	16	750	99	96	pi	17.3125
207	9	Sol5	G5	349	349	1	16	250	95	96		17.375
208	9	Sol5	G5	349	349	1	16	250	99	96	lin	17.4375
209	9	Fa5#5	F5#5	345	345	1	16	250	99	96		17.5
210	9	Mi5	E5	336	336	1	16	250	99	96		17.5625
211	9	Fa5#5	F5#5	345	345	1	16	250	95	96		17.625
212	9	Sol5	G5	349	349	1	16	250	95	96	ce  	17.6875
213	9			-1	-1	1	8	500	100	0		17.8125
214	9	Sol5	G5	349	349	1	16	250	95	96		17.875
215	9	Sol5	G5	349	349	1	16	250	95	96		17.9375
216	9	La5	A5	358	358	1	16	250	95	96		18
217	9	Sol5	G5	349	349	1	8	500	95	96		18.125
218	9			-1	-1	1	8	500	100	0		18.25
219	9	Sol5	G5	349	349	1	8	500	95	96	Bü	18.375
220	9	Fa5#5	F5#5	345	345	1	8	500	95	96	rü	18.5
221	9	Sol5	G5	349	349	1	8	500	95	96	dü 	18.625
222	9	La5	A5	358	358	1	4	1000	95	96	gü	18.875
223	9	Sol5	G5	349	349	1	16	250	95	96	zel	18.9375
224	9	Fa5#5	F5#5	345	345	1	16	250	95	96		19
225	9	Mi5	E5	336	336	1	16	250	95	96		19.0625
226	9	Re5	D5	327	327	1	16	250	95	96		19.125
227	9	Re5	D5	327	327	1	8	500	95	96	le	19.25
228	9	La5	A5	358	358	1	16	250	95	96	ri  	19.3125
229	9	Sol5	G5	349	349	1	16	250	99	96		19.375
230	9	Sol5	G5	349	349	1	16	250	99	96		19.4375
231	9	Fa5	F5	340	340	1	16	250	99	96		19.5
232	9	Fa5	F5	340	340	1	16	250	99	96		19.5625
233	9	Mi5	E5	336	336	1	16	250	99	96		19.625
234	9	Mi5	E5	336	336	1	16	250	99	96		19.6875
235	9	Re5	D5	327	327	1	16	250	99	96		19.75
236	9	Re5	D5	327	327	1	16	250	99	96		19.8125
237	9	Do5	C5	318	318	1	16	250	99	96		19.875
238	9	Fa5	F5	340	340	1	4	1000	95	96		20.125
239	9			-1	-1	1	8	500	100	0		20.25
240	9	Do5	C5	318	318	1	8	500	95	96	Gü	20.375
241	9	Do5	C5	318	318	1	8	500	95	96	müþ 	20.5
242	9	Do5	C5	318	318	1	8	500	95	96	bu	20.625
243	9	Si4	B4	314	314	1	16	250	95	96	ðu	20.6875
244	9	Do5	C5	318	318	1	16	250	95	96		20.75
245	9	Do5	C5	318	318	1	16	250	95	96		20.8125
246	9	Si4	B4	314	314	1	16	250	95	96		20.875
247	9	La4	A4	305	305	1	4	1000	95	96	lu 	21.125
248	9	La4	A4	305	305	1	8	500	95	96	pe	21.25
249	9	Re5	D5	327	327	3	8	1500	99	96	çe  	21.625
250	9	Mi5	E5	336	336	1	16	250	99	96		21.6875
251	9	Re5	D5	327	327	1	16	250	99	96		21.75
252	9	Mi5	E5	336	336	1	16	250	99	96		21.8125
253	9	Fa5#5	F5#5	345	345	1	16	250	99	96		21.875
254	9	Sol5	G5	349	349	1	4	1000	99	96		22.125
255	9	Sol5	G5	349	349	1	8	500	95	96		22.25
256	9	Sol5	G5	349	349	1	16	250	99	96	bay	22.3125
257	9	Sol5	G5	349	349	1	16	250	99	96		22.375
258	9	Fa5#5	F5#5	345	345	1	16	250	99	96		22.4375
259	9	Mi5	E5	336	336	1	16	250	95	96		22.5
260	9	Re5	D5	327	327	1	16	250	99	96	ram 	22.5625
261	9	Do5	C5	318	318	1	16	250	95	96		22.625
262	9	Si4	B4	314	314	1	16	250	99	96	ge	22.6875
263	9	La4	A4	305	305	1	16	250	95	96		22.75
264	9	Sol4	G4	296	296	1	16	250	99	96	ce	22.8125
265	9	Fa4#5	F4#5	292	292	1	16	250	95	96		22.875
266	9	Sol4	G4	296	296	1	4	1000	95	96	si  	23.125
267	9			-1	-1	1	8	500	100	0		23.25
268	9	Sol5	G5	349	349	1	8	500	95	96	Hoþ	23.375
269	9	Sol5	G5	349	349	1	8	500	95	96	gel	23.5
270	9	La5	A5	358	358	1	8	500	95	96	din 	23.625
271	9	Sol5	G5	349	349	1	16	250	99	96	e	23.6875
272	9	Fa5#5	F5#5	345	345	1	16	250	99	96		23.75
273	9	Mi5	E5	336	336	1	16	250	99	96		23.8125
274	9	Fa5#5	F5#5	345	345	1	16	250	95	96		23.875
275	9	Sol5	G5	349	349	1	16	250	99	96	li	23.9375
276	9	Sol5	G5	349	349	1	16	250	95	96		24
277	9	Fa5#5	F5#5	345	345	1	16	250	99	96	mi	24.0625
278	9	Mi5	E5	336	336	1	16	250	95	96		24.125
279	9	Re5	D5	327	327	1	8	500	95	96	ze  	24.25
280	9	Sol5	G5	349	349	1	16	250	95	96	Þi	24.3125
281	9	Sol5	G5	349	349	1	16	250	95	96	ir 	24.375
282	9	Sol5	G5	349	349	1	8	500	95	96	ol	24.5
283	9	La5	A5	358	358	1	8	500	95	96	dun	24.625
284	9	Sol5	G5	349	349	1	16	250	99	96	di	24.6875
285	9	Fa5#5	F5#5	345	345	1	16	250	99	96		24.75
286	9	Mi5	E5	336	336	1	16	250	99	96		24.8125
287	9	Fa5#5	F5#5	345	345	1	16	250	95	96		24.875
288	9	Sol5	G5	349	349	1	16	250	99	96	li	24.9375
289	9	Sol5	G5	349	349	1	16	250	95	96		25
290	9	Fa5#5	F5#5	345	345	1	16	250	99	96	mi	25.0625
291	9	Mi5	E5	336	336	1	16	250	95	96		25.125
292	9	Re5	D5	327	327	1	8	500	95	96	ze  	25.25
293	9	Sol5	G5	349	349	1	8	500	99	96	bay	25.375
294	9	Fa5	F5	340	340	1	8	500	95	96		25.5
295	9	Mi5	E5	336	336	1	8	500	95	96	ram 	25.625
296	9	Re5	D5	327	327	1	16	250	99	96	ge	25.6875
297	9	Do5	C5	318	318	1	16	250	95	96		25.75
298	9	Si4	B4	314	314	1	16	250	99	96	ce	25.8125
299	9	La4	A4	305	305	1	16	250	95	96		25.875
300	9	Si4	B4	314	314	1	16	250	95	96	si 	25.9375
301	9	Do5	C5	318	318	1	16	250	95	96		26
302	9	Re5	D5	327	327	1	8	500	95	96		26.125
303	9	La4	A4	305	305	1	16	250	99	96	bay	26.1875
304	9	Si4	B4	314	314	1	16	250	95	96		26.25
305	9	Do5	C5	318	318	1	8	500	95	96	ram 	26.375
306	9	Si4	B4	314	314	1	16	250	99	96	ge	26.4375
307	9	La4	A4	305	305	1	16	250	95	96		26.5
308	9	Sol4	G4	296	296	1	16	250	95	96		26.5625
309	9	Fa4#5	F4#5	292	292	1	16	250	95	96		26.625
310	9	Sol4	G4	296	296	1	8	500	95	96	si  	26.75
311	9	Sol4	G4	296	296	1	16	250	95	96	SAZ 	26.8125
312	9	La4	A4	305	305	1	16	250	95	96	.	26.875
313	9	La4	A4	305	305	1	16	250	95	96	.	26.9375
314	9	Fa4#5	F4#5	292	292	1	16	250	95	96	.	27
315	9	Sol4	G4	296	296	1	8	500	95	96	.	27.125
316	9			-1	-1	1	8	500	100	0		27.25
317	9	Sol5	G5	349	349	1	8	500	95	96	Hoþ	27.375
318	9	Sol5	G5	349	349	1	8	500	95	96	gel	27.5
319	9	La5	A5	358	358	1	8	500	95	96	din 	27.625
320	9	Sol5	G5	349	349	1	16	250	99	96	e	27.6875
321	9	Fa5#5	F5#5	345	345	1	16	250	99	96		27.75
322	9	Mi5	E5	336	336	1	16	250	99	96		27.8125
323	9	Fa5#5	F5#5	345	345	1	16	250	95	96		27.875
324	9	Sol5	G5	349	349	1	16	250	99	96	li	27.9375
325	9	Sol5	G5	349	349	1	16	250	95	96		28
326	9	Fa5#5	F5#5	345	345	1	16	250	99	96	mi	28.0625
327	9	Mi5	E5	336	336	1	16	250	95	96		28.125
328	9	Re5	D5	327	327	1	8	500	95	96	ze  	28.25
329	9	Sol5	G5	349	349	1	16	250	95	96	Þi	28.3125
330	9	Sol5	G5	349	349	1	16	250	95	96	ir 	28.375
331	9	Sol5	G5	349	349	1	8	500	95	96	ol	28.5
332	9	La5	A5	358	358	1	8	500	95	96	dun	28.625
333	9	Sol5	G5	349	349	1	16	250	99	96	di	28.6875
334	9	Fa5#5	F5#5	345	345	1	16	250	99	96		28.75
335	9	Mi5	E5	336	336	1	16	250	99	96		28.8125
336	9	Fa5#5	F5#5	345	345	1	16	250	95	96		28.875
337	9	Sol5	G5	349	349	1	16	250	99	96	li	28.9375
338	9	Sol5	G5	349	349	1	16	250	95	96		29
339	9	Fa5#5	F5#5	345	345	1	16	250	99	96	mi	29.0625
340	9	Mi5	E5	336	336	1	16	250	95	96		29.125
341	9	Re5	D5	327	327	1	8	500	95	96	ze  	29.25
342	9	Sol5	G5	349	349	1	8	500	99	96	bay	29.375
343	9	Fa5	F5	340	340	1	8	500	95	96		29.5
344	9	Mi5	E5	336	336	1	8	500	95	96	ram 	29.625
345	9	Re5	D5	327	327	1	16	250	99	96	ge	29.6875
346	9	Do5	C5	318	318	1	16	250	95	96		29.75
347	9	Si4	B4	314	314	1	16	250	99	96	ce	29.8125
348	9	La4	A4	305	305	1	16	250	95	96		29.875
349	9	Si4	B4	314	314	1	16	250	95	96	si 	29.9375
350	9	Do5	C5	318	318	1	16	250	95	96		30
351	9	Re5	D5	327	327	1	8	500	95	96		30.125
352	9	La4	A4	305	305	1	16	250	99	96	bay	30.1875
353	9	Si4	B4	314	314	1	16	250	95	96		30.25
354	9	Do5	C5	318	318	1	8	500	95	96	ram 	30.375
355	9	Si4	B4	314	314	1	16	250	99	96	ge	30.4375
356	9	La4	A4	305	305	1	16	250	95	96		30.5
357	9	Sol4	G4	296	296	1	16	250	95	96		30.5625
358	9	Fa4#5	F4#5	292	292	1	16	250	95	96		30.625
359	9	Sol4	G4	296	296	1	8	500	95	96	si  	30.75
360	9	Sol4	G4	296	296	1	16	250	95	96	SAZ 	30.8125
361	9	La4	A4	305	305	1	16	250	95	96	.	30.875
362	9	La4	A4	305	305	1	16	250	95	96	.	30.9375
363	9	Fa4#5	F4#5	292	292	1	16	250	95	96	.	31
364	9	Sol4	G4	296	296	1	8	500	95	96	.	31.125
365	9			-1	-1	1	8	500	100	0		31.25
366	9	Sol5	G5	349	349	1	4	1000	95	96	Söz 	31.5
367	9	La5	A5	358	358	1	8	500	95	96	yok_	31.625
368	9	Si5	B5	367	367	1	8	500	99	96	âb_	31.75
369	9	La5	A5	358	358	1	16	250	99	96		31.8125
370	9	Sol5	G5	349	349	1	16	250	95	96		31.875
371	9	Do6	C6	371	371	1	8	500	99	96	ü 	32
372	9	Si5	B5	367	367	1	16	250	99	96		32.0625
373	9	La5	A5	358	358	1	16	250	95	96		32.125
374	9	Sol5	G5	349	349	1	8	500	99	96	tâ	32.25
375	9	Sol5	G5	349	349	1	16	250	99	96		32.3125
376	9	Fa5#5	F5#5	345	345	1	16	250	99	96		32.375
377	9	Mi5	E5	336	336	1	8	500	99	96		32.5
378	9	Mi5	E5	336	336	1	16	250	95	96		32.5625
379	9	Fa5#5	F5#5	345	345	1	16	250	95	96	bý	32.625
380	9	Sol5	G5	349	349	3	32	375	95	96	na  	32.71875
381	9	Fa5#5	F5#5	345	345	1	32	125	95	96	SAZ 	32.75
382	9	Sol5	G5	349	349	1	16	250	95	96	.	32.8125
383	9	La5	A5	358	358	1	16	250	95	96	.	32.875
384	9	Si5	B5	367	367	3	32	375	95	96	.	32.96875
385	9	La5	A5	358	358	1	32	125	95	96	.	33
386	9	Si5	B5	367	367	1	16	250	95	96	.	33.0625
387	9	La5	A5	358	358	1	16	250	95	96	.	33.125
388	9	Sol5	G5	349	349	1	8	500	95	96	.	33.25
389	9	Sol5	G5	349	349	1	4	1000	95	96	Ka	33.5
390	9	La5	A5	358	358	1	8	500	95	96	nýl	33.625
391	9	Si5	B5	367	367	1	8	500	99	96	maz 	33.75
392	9	La5	A5	358	358	1	16	250	99	96		33.8125
393	9	Sol5	G5	349	349	1	16	250	95	96		33.875
394	9	Do6	C6	371	371	1	8	500	99	96	þa	34
395	9	Si5	B5	367	367	1	16	250	99	96		34.0625
396	9	La5	A5	358	358	1	16	250	95	96		34.125
397	9	Sol5	G5	349	349	1	8	500	99	96	râ	34.25
398	9	Sol5	G5	349	349	1	16	250	99	96		34.3125
399	9	Fa5#5	F5#5	345	345	1	16	250	99	96		34.375
400	9	Mi5	E5	336	336	1	8	500	99	96		34.5
401	9	Mi5	E5	336	336	1	16	250	95	96		34.5625
402	9	Fa5#5	F5#5	345	345	1	16	250	95	96	bý	34.625
403	9	Sol5	G5	349	349	3	32	375	95	96	na  	34.71875
404	9	Fa5#5	F5#5	345	345	1	32	125	95	96	SAZ 	34.75
405	9	Sol5	G5	349	349	1	16	250	95	96	.	34.8125
406	9	La5	A5	358	358	1	16	250	95	96	.	34.875
407	9	Si5	B5	367	367	3	32	375	95	96	.	34.96875
408	9	La5	A5	358	358	1	32	125	95	96	.	35
409	9	Si5	B5	367	367	1	16	250	95	96	.	35.0625
410	9	La5	A5	358	358	1	16	250	95	96	.	35.125
411	9	La5	A5	358	358	1	8	500	95	96	.	35.25
412	9	Sol5	G5	349	349	1	4	1000	95	96	Yur	35.5
413	9	La5	A5	358	358	1	8	500	95	96	dun_	35.625
414	9	La5	A5	358	358	1	4	1000	95	96	in	35.875
415	9	La5	A5	358	358	1	4	1000	95	96	ci 	36.125
416	9			-1	-1	1	8	500	100	0		36.25
417	9	La5	A5	358	358	1	4	1000	95	96	kýz	36.5
418	9	Do6	C6	371	371	1	8	500	95	96	la	36.625
419	9	Si5	B5	367	367	1	8	500	99	96	rý  	36.75
420	9	La5	A5	358	358	1	8	500	99	96		36.875
421	9	Sol5	G5	349	349	1	8	500	99	96		37
422	9	Fa5#5	F5#5	345	345	1	8	500	99	96		37.125
423	9	Mi5	E5	336	336	1	8	500	99	96		37.25
424	9	Re5	D5	327	327	1	8	500	95	96		37.375
425	9	Sol5	G5	349	349	1	8	500	95	96	Eþ_	37.5
426	9	Sol5	G5	349	349	1	8	500	95	96	o	37.625
427	9	Sol5	G5	349	349	1	4	1000	95	96	lur 	37.875
428	9	Sol5	G5	349	349	1	8	500	99	96	meh	38
429	9	Fa5#5	F5#5	345	345	1	8	500	99	96		38.125
430	9	Mi5	E5	336	336	1	8	500	95	96		38.25
431	9	Mi5	E5	336	336	1	4	1000	95	96	tâ	38.5
432	9	Fa5#5	F5#5	345	345	1	8	500	95	96	bý	38.625
433	9	Sol5	G5	349	349	1	2	2000	99	96	na  	39.125
434	9	Sol5	G5	349	349	1	8	500	95	96		39.25
435	9	Sol5	G5	349	349	1	16	250	99	96	bay	39.3125
436	9	Sol5	G5	349	349	1	16	250	99	96		39.375
437	9	Fa5	F5	340	340	1	16	250	99	96		39.4375
438	9	Mi5	E5	336	336	1	16	250	95	96		39.5
439	9	Re5	D5	327	327	1	16	250	99	96	ram 	39.5625
440	9	Do5	C5	318	318	1	16	250	95	96		39.625
441	9	Si4	B4	314	314	1	16	250	99	96	ge	39.6875
442	9	La4	A4	305	305	1	16	250	95	96		39.75
443	9	Sol4	G4	296	296	1	16	250	99	96	ce	39.8125
444	9	Fa4#5	F4#5	292	292	1	16	250	95	96		39.875
445	9	Sol4	G4	296	296	1	4	1000	95	96	si  	40.125
446	9			-1	-1	1	8	500	100	0		40.25
447	9	Sol5	G5	349	349	1	8	500	95	96	Hoþ	40.375
448	9	Sol5	G5	349	349	1	8	500	95	96	gel	40.5
449	9	La5	A5	358	358	1	8	500	95	96	din 	40.625
450	9	Sol5	G5	349	349	1	16	250	99	96	e	40.6875
451	9	Fa5#5	F5#5	345	345	1	16	250	99	96		40.75
452	9	Mi5	E5	336	336	1	16	250	99	96		40.8125
453	9	Fa5#5	F5#5	345	345	1	16	250	95	96		40.875
454	9	Sol5	G5	349	349	1	16	250	99	96	li	40.9375
455	9	Sol5	G5	349	349	1	16	250	95	96		41
456	9	Fa5#5	F5#5	345	345	1	16	250	99	96	mi	41.0625
457	9	Mi5	E5	336	336	1	16	250	95	96		41.125
458	9	Re5	D5	327	327	1	8	500	95	96	ze  	41.25
459	9	Sol5	G5	349	349	1	16	250	95	96	Þi	41.3125
460	9	Sol5	G5	349	349	1	16	250	95	96	ir 	41.375
461	9	Sol5	G5	349	349	1	8	500	95	96	ol	41.5
462	9	La5	A5	358	358	1	8	500	95	96	dun	41.625
463	9	Sol5	G5	349	349	1	16	250	99	96	di	41.6875
464	9	Fa5#5	F5#5	345	345	1	16	250	99	96		41.75
465	9	Mi5	E5	336	336	1	16	250	99	96		41.8125
466	9	Fa5#5	F5#5	345	345	1	16	250	95	96		41.875
467	9	Sol5	G5	349	349	1	16	250	99	96	li	41.9375
468	9	Sol5	G5	349	349	1	16	250	95	96		42
469	9	Fa5#5	F5#5	345	345	1	16	250	99	96	mi	42.0625
470	9	Mi5	E5	336	336	1	16	250	95	96		42.125
471	9	Re5	D5	327	327	1	8	500	95	96	ze  	42.25
472	9	Sol5	G5	349	349	1	8	500	99	96	bay	42.375
473	9	Fa5	F5	340	340	1	8	500	95	96		42.5
474	9	Mi5	E5	336	336	1	8	500	95	96	ram 	42.625
475	9	Re5	D5	327	327	1	16	250	99	96	ge	42.6875
476	9	Do5	C5	318	318	1	16	250	95	96		42.75
477	9	Si4	B4	314	314	1	16	250	99	96	ce	42.8125
478	9	La4	A4	305	305	1	16	250	95	96		42.875
479	9	Si4	B4	314	314	1	16	250	95	96	si 	42.9375
480	9	Do5	C5	318	318	1	16	250	95	96		43
481	9	Re5	D5	327	327	1	8	500	95	96		43.125
482	9	La4	A4	305	305	1	16	250	99	96	bay	43.1875
483	9	Si4	B4	314	314	1	16	250	95	96		43.25
484	9	Do5	C5	318	318	1	8	500	95	96	ram 	43.375
485	9	Si4	B4	314	314	1	16	250	99	96	ge	43.4375
486	9	La4	A4	305	305	1	16	250	95	96		43.5
487	9	Sol4	G4	296	296	1	16	250	95	96		43.5625
488	9	Fa4#5	F4#5	292	292	1	16	250	95	96		43.625
489	9	Sol4	G4	296	296	1	8	500	95	96	si  	43.75
490	9	Sol4	G4	296	296	1	16	250	95	96	SAZ 	43.8125
491	9	La4	A4	305	305	1	16	250	95	96	.	43.875
492	9	La4	A4	305	305	1	16	250	95	96	.	43.9375
493	9	Fa4#5	F4#5	292	292	1	16	250	95	96	.	44
494	9	Sol4	G4	296	296	1	8	500	95	96	.	44.125
495	9			-1	-1	1	8	500	100	0		44.25
496	9	Sol5	G5	349	349	1	8	500	95	96	Hoþ	44.375
497	9	Sol5	G5	349	349	1	8	500	95	96	gel	44.5
498	9	La5	A5	358	358	1	8	500	95	96	din 	44.625
499	9	Sol5	G5	349	349	1	16	250	99	96	e	44.6875
500	9	Fa5#5	F5#5	345	345	1	16	250	99	96		44.75
501	9	Mi5	E5	336	336	1	16	250	99	96		44.8125
502	9	Fa5#5	F5#5	345	345	1	16	250	95	96		44.875
503	9	Sol5	G5	349	349	1	16	250	99	96	li	44.9375
504	9	Sol5	G5	349	349	1	16	250	95	96		45
505	9	Fa5#5	F5#5	345	345	1	16	250	99	96	mi	45.0625
506	9	Mi5	E5	336	336	1	16	250	95	96		45.125
507	9	Re5	D5	327	327	1	8	500	95	96	ze  	45.25
508	9	Sol5	G5	349	349	1	16	250	95	96	Þi	45.3125
509	9	Sol5	G5	349	349	1	16	250	95	96	ir 	45.375
510	9	Sol5	G5	349	349	1	8	500	95	96	ol	45.5
511	9	La5	A5	358	358	1	8	500	95	96	dun	45.625
512	9	Sol5	G5	349	349	1	16	250	99	96	di	45.6875
513	9	Fa5#5	F5#5	345	345	1	16	250	99	96		45.75
514	9	Mi5	E5	336	336	1	16	250	99	96		45.8125
515	9	Fa5#5	F5#5	345	345	1	16	250	95	96		45.875
516	9	Sol5	G5	349	349	1	16	250	99	96	li	45.9375
517	9	Sol5	G5	349	349	1	16	250	95	96		46
518	9	Fa5#5	F5#5	345	345	1	16	250	99	96	mi	46.0625
519	9	Mi5	E5	336	336	1	16	250	95	96		46.125
520	9	Re5	D5	327	327	1	8	500	95	96	ze  	46.25
521	9	Sol5	G5	349	349	1	8	500	99	96	bay	46.375
522	9	Fa5	F5	340	340	1	8	500	95	96		46.5
523	9	Mi5	E5	336	336	1	8	500	95	96	ram 	46.625
524	9	Re5	D5	327	327	1	16	250	99	96	ge	46.6875
525	9	Do5	C5	318	318	1	16	250	95	96		46.75
526	9	Si4	B4	314	314	1	16	250	99	96	ce	46.8125
527	9	La4	A4	305	305	1	16	250	95	96		46.875
528	9	Si4	B4	314	314	1	16	250	95	96	si 	46.9375
529	9	Do5	C5	318	318	1	16	250	95	96		47
530	9	Re5	D5	327	327	1	8	500	95	96		47.125
531	9	La4	A4	305	305	1	16	250	99	96	bay	47.1875
532	9	Si4	B4	314	314	1	16	250	95	96		47.25
533	9	Do5	C5	318	318	1	8	500	95	96	ram 	47.375
534	9	Si4	B4	314	314	1	16	250	99	96	ge	47.4375
535	9	La4	A4	305	305	1	16	250	95	96		47.5
536	9	Sol4	G4	296	296	1	16	250	95	96		47.5625
537	9	Fa4#5	F4#5	292	292	1	16	250	95	96		47.625
538	9	Sol4	G4	296	296	1	8	500	95	96	si  	47.75
539	9	Sol4	G4	296	296	1	16	250	95	96	SAZ 	47.8125
540	9	La4	A4	305	305	1	16	250	95	96	.	47.875
541	9	La4	A4	305	305	1	16	250	95	96	.	47.9375
542	9	Fa4#5	F4#5	292	292	1	16	250	95	96	.	48
543	9	Sol4	G4	296	296	1	8	500	95	96	.	48.125
544	51			0	0	2	4	0	2	0		48.125
545	9			-1	-1	0	0	0	0	0		48.125
546	9			-1	-1	0	0	0	0	0		48.125
547	9	Sol5	G5	349	349	1	2	2000	95	96	SAZ	49.125
548	9	Sol5	G5	349	349	1	2	2000	95	96	.	50.125
549	9	Fa5#4	F5#4	344	344	1	16	250	95	96	.	50.25
550	9	Sol5	G5	349	349	1	16	250	95	96	.	50.375
551	9	Fa5#4	F5#4	344	344	1	16	250	99	96	.	50.5
552	9	Sol5	G5	349	349	1	16	250	95	96	.	50.625
553	9	Sol5	G5	349	349	1	16	250	95	96	.	50.75
554	9	Fa5#4	F5#4	344	344	1	16	250	99	96	.	50.875
555	9	Sol5	G5	349	349	1	8	500	95	96	.	51.125
556	9	Mi5b5	E5b5	331	331	1	16	250	99	96	.	51.25
557	9	Re5	D5	327	327	3	16	750	95	96	.	51.625
558	9	Re5	D5	327	327	1	16	250	95	96	.	51.75
559	9	Si5b5	B5b5	362	362	1	16	250	95	96	.	51.875
560	9	Do5	C5	318	318	1	16	250	95	96	.	52
561	9	Re5	D5	327	327	1	16	250	95	96	.	52.125
562	9	Mi5b5	E5b5	331	331	1	8	500	95	96		52.375
563	9	Si5b5	B5b5	362	362	1	16	250	95	96	.	52.5
564	9	Do5	C5	318	318	1	16	250	95	96	.	52.625
565	9	Do5	C5	318	318	1	16	250	95	96	.	52.75
566	9	La4	A4	305	305	1	16	250	95	96	.	52.875
567	9	Si5b5	B5b5	362	362	1	8	500	95	96	.	53.125
568	9	Sol4	G4	296	296	1	16	250	95	96	.	53.25
569	9	La4	A4	305	305	1	8	500	95	96	.	53.5
570	9	Fa4#4	F4#4	291	291	1	16	250	95	96	.	53.625
571	9	Sol4	G4	296	296	1	4	1000	95	96	.	54.125
572	9	Sol5	G5	349	349	1	2	2000	95	96	Neþ	55.125
573	9	Sol5	G5	349	349	1	2	2000	95	96	e 	56.125
574	9	Fa5#4	F5#4	344	344	1	8	500	95	96	gi	56.375
575	9	Sol5	G5	349	349	1	8	500	95	96	bi 	56.625
576	9	Fa5#4	F5#4	344	344	1	16	250	95	96	ta	56.75
577	9	Mi5	E5	336	336	1	16	250	95	96		56.875
578	9	Mi5	E5	336	336	1	16	250	99	96	þa	57
579	9	Re5	D5	327	327	1	16	250	95	96		57.125
580	9	Re5	D5	327	327	3	8	1500	95	96	lým  	57.875
581	9	Do5#4	C5#4	322	322	1	16	250	95	96	Ta	58
582	9	Re5	D5	327	327	1	16	250	95	96	þa	58.125
583	9	Mi5	E5	336	336	1	8	500	95	96	lým  	58.375
584	9	Re5	D5	327	327	1	16	250	95	96	ta	58.5
585	9	Mi5	E5	336	336	1	16	250	95	96	þa	58.625
586	9	Fa5#4	F5#4	344	344	1	8	500	95	96	lým  	58.875
587	9	Mi5	E5	336	336	1	16	250	95	96	ta	59
588	9	Fa5#4	F5#4	344	344	1	16	250	95	96	þa	59.125
589	9	Sol5	G5	349	349	1	4	1000	99	96	lým  	59.625
590	9	Sol5	G5	349	349	1	16	250	95	96	SAZ 	59.75
591	9	Fa5#4	F5#4	344	344	1	16	250	95	96	.	59.875
592	9	Sol5	G5	349	349	1	16	250	95	96	.	60
593	9	La5	A5	358	358	1	16	250	95	96	.	60.125
594	9	Si5	B5	367	367	1	16	250	95	96	.	60.25
595	9	Do6	C6	371	371	1	16	250	95	96	.	60.375
596	9	Si5	B5	367	367	1	16	250	95	96	.	60.5
597	9	La5	A5	358	358	1	16	250	95	96	.	60.625
598	9	Re6	D6	380	380	1	4	1000	95	96	.	61.125
599	9			-1	-1	1	16	250	100	0		61.25
600	9	Do6	C6	371	371	1	16	250	95	96	.	61.375
601	9	Si5	B5	367	367	1	16	250	95	96	.	61.5
602	9	La5	A5	358	358	1	16	250	95	96	.	61.625
603	9	Sol5	G5	349	349	1	4	1000	95	96	.	62.125
604	9			-1	-1	1	16	250	100	0		62.25
605	9	Mi5	E5	336	336	1	16	250	95	96	.	62.375
606	9	Re5	D5	327	327	1	16	250	95	96	.	62.5
607	9	Do5	C5	318	318	1	16	250	95	96	.	62.625
608	9	Si4	B4	314	314	1	16	250	95	96	.	62.75
609	9	La4	A4	305	305	1	16	250	95	96	.	62.875
610	9	Sol4	G4	296	296	1	8	500	95	96	.	63.125
611	9	Sol5	G5	349	349	1	2	2000	95	96	Neþ	64.125
612	9	Sol5	G5	349	349	1	2	2000	95	96	e 	65.125
613	9	Fa5#4	F5#4	344	344	1	8	500	95	96	gi	65.375
614	9	Sol5	G5	349	349	1	8	500	95	96	bi 	65.625
615	9	Fa5#4	F5#4	344	344	1	16	250	95	96	ta	65.75
616	9	Mi5	E5	336	336	1	16	250	95	96		65.875
617	9	Mi5	E5	336	336	1	16	250	99	96	þa	66
618	9	Re5	D5	327	327	1	16	250	95	96		66.125
619	9	Re5	D5	327	327	3	8	1500	95	96	lým  	66.875
620	9	Do5#4	C5#4	322	322	1	16	250	95	96	Ta	67
621	9	Re5	D5	327	327	1	16	250	95	96	þa	67.125
622	9	Mi5	E5	336	336	1	8	500	95	96	lým  	67.375
623	9	Re5	D5	327	327	1	16	250	95	96	ta	67.5
624	9	Mi5	E5	336	336	1	16	250	95	96	þa	67.625
625	9	Fa5#4	F5#4	344	344	1	8	500	95	96	lým  	67.875
626	9	Mi5	E5	336	336	1	16	250	95	96	ta	68
627	9	Fa5#4	F5#4	344	344	1	16	250	95	96	þa	68.125
628	9	Sol5	G5	349	349	1	4	1000	99	96	lým  	68.625
629	9	Sol5	G5	349	349	1	16	250	95	96	SAZ 	68.75
630	9	Fa5#4	F5#4	344	344	1	16	250	95	96	.	68.875
631	9	Sol5	G5	349	349	1	16	250	95	96	.	69
632	9	La5	A5	358	358	1	16	250	95	96	.	69.125
633	9	Si5	B5	367	367	1	16	250	95	96	.	69.25
634	9	Do6	C6	371	371	1	16	250	95	96	.	69.375
635	9	Si5	B5	367	367	1	16	250	95	96	.	69.5
636	9	La5	A5	358	358	1	16	250	95	96	.	69.625
637	9	Re6	D6	380	380	1	4	1000	95	96	.	70.125
638	9			-1	-1	1	16	250	100	0		70.25
639	9	Do6	C6	371	371	1	16	250	95	96	.	70.375
640	9	Si5	B5	367	367	1	16	250	95	96	.	70.5
641	9	La5	A5	358	358	1	16	250	95	96	.	70.625
642	9	Sol5	G5	349	349	1	4	1000	95	96	.	71.125
643	9			-1	-1	1	16	250	100	0		71.25
644	9	Mi5	E5	336	336	1	16	250	95	96	.	71.375
645	9	Re5	D5	327	327	1	16	250	95	96	.	71.5
646	9	Do5	C5	318	318	1	16	250	95	96	.	71.625
647	9	Si4	B4	314	314	1	16	250	95	96	.	71.75
648	9	La4	A4	305	305	1	16	250	95	96	.	71.875
649	9	Sol4	G4	296	296	1	8	500	95	96	.	72.125
650	9	Si5	B5	367	367	3	8	1500	99	96	Gel 	72.875
651	9	La5	A5	358	358	1	16	250	99	96		73
652	9	Sol5	G5	349	349	1	16	250	99	96		73.125
653	9	La5	A5	358	358	1	16	250	99	96		73.25
654	9	Fa5#4	F5#4	344	344	5	16	1250	95	96		73.875
655	9			-1	-1	1	8	500	100	0		74.125
656	9	La5	A5	358	358	3	8	1500	99	96	gel 	74.875
657	9	Fa5#4	F5#4	344	344	1	16	250	99	96		75
658	9	Mi5	E5	336	336	1	16	250	99	96		75.125
659	9	Fa5#4	F5#4	344	344	1	16	250	99	96		75.25
660	9	Re5	D5	327	327	5	16	1250	95	96		75.875
661	9			-1	-1	1	8	500	100	0		76.125
662	9			-1	-1	1	16	250	100	0		76.25
663	9	Re5	D5	327	327	1	8	500	95	96	gel 	76.5
664	9	Re5	D5	327	327	1	16	250	95	96	se	76.625
665	9	Re5	D5	327	327	1	8	500	95	96	nin	76.875
666	9	Re5	D5	327	327	1	8	500	95	96	le  	77.125
667	9			-1	-1	1	16	250	100	0		77.25
668	9	Mi5	E5	336	336	1	8	500	95	96	sev	77.5
669	9	Fa5#4	F5#4	344	344	1	16	250	95	96	gi	77.625
670	9	Sol5	G5	349	349	1	8	500	95	96	li 	77.875
671	9	La5	A5	358	358	1	8	500	95	96	biz 	78.125
672	9	Si5	B5	367	367	1	8	500	95	96	de 	78.375
673	9	La5	A5	358	358	1	8	500	95	96	bay	78.625
674	9	Sol5	G5	349	349	3	32	375	99	96	ram	78.8125
675	9	Fa5#5	F5#5	345	345	1	32	125	95	96		78.875
676	9	Mi5	E5	336	336	1	16	250	95	96	la	79
677	9	Fa5#5	F5#5	345	345	1	16	250	95	96	þa	79.125
678	9	Sol5	G5	349	349	1	2	2000	95	96	lým  	80.125
679	51			0	0	8	8	0	17	0		80.125
680	9			-1	-1	1	8	500	100	0		80.25
681	9	Sol5	G5	349	349	1	8	500	95	96	Hoþ	80.375
682	9	Sol5	G5	349	349	1	8	500	95	96	gel	80.5
683	9	La5	A5	358	358	1	8	500	95	96	din 	80.625
684	9	Sol5	G5	349	349	1	16	250	99	96	e	80.6875
685	9	Fa5#5	F5#5	345	345	1	16	250	99	96		80.75
686	9	Mi5	E5	336	336	1	16	250	99	96		80.8125
687	9	Fa5#5	F5#5	345	345	1	16	250	95	96		80.875
688	9	Sol5	G5	349	349	1	16	250	99	96	li	80.9375
689	9	Sol5	G5	349	349	1	16	250	95	96		81
690	9	Fa5#5	F5#5	345	345	1	16	250	99	96	mi	81.0625
691	9	Mi5	E5	336	336	1	16	250	95	96		81.125
692	9	Re5	D5	327	327	1	8	500	95	96	ze  	81.25
693	9	Sol5	G5	349	349	1	16	250	95	96	Þi	81.3125
694	9	Sol5	G5	349	349	1	16	250	95	96	ir 	81.375
695	9	Sol5	G5	349	349	1	8	500	95	96	ol	81.5
696	9	La5	A5	358	358	1	8	500	95	96	dun	81.625
697	9	Sol5	G5	349	349	1	16	250	99	96	di	81.6875
698	9	Fa5#5	F5#5	345	345	1	16	250	99	96		81.75
699	9	Mi5	E5	336	336	1	16	250	99	96		81.8125
700	9	Fa5#5	F5#5	345	345	1	16	250	95	96		81.875
701	9	Sol5	G5	349	349	1	16	250	99	96	li	81.9375
702	9	Sol5	G5	349	349	1	16	250	95	96		82
703	9	Fa5#5	F5#5	345	345	1	16	250	99	96	mi	82.0625
704	9	Mi5	E5	336	336	1	16	250	95	96		82.125
705	9	Re5	D5	327	327	1	8	500	95	96	ze  	82.25
706	9	Sol5	G5	349	349	1	8	500	99	96	bay	82.375
707	9	Fa5	F5	340	340	1	8	500	95	96		82.5
708	9	Mi5	E5	336	336	1	8	500	95	96	ram 	82.625
709	9	Re5	D5	327	327	1	16	250	99	96	ge	82.6875
710	9	Do5	C5	318	318	1	16	250	95	96		82.75
711	9	Si4	B4	314	314	1	16	250	99	96	ce	82.8125
712	9	La4	A4	305	305	1	16	250	95	96		82.875
713	9	Si4	B4	314	314	1	16	250	95	96	si 	82.9375
714	9	Do5	C5	318	318	1	16	250	95	96		83
715	9	Re5	D5	327	327	1	8	500	95	96		83.125
716	9	La4	A4	305	305	1	16	250	99	96	bay	83.1875
717	9	Si4	B4	314	314	1	16	250	95	96		83.25
718	9	Do5	C5	318	318	1	8	500	95	96	ram 	83.375
719	9	Si4	B4	314	314	1	16	250	99	96	ge	83.4375
720	9	La4	A4	305	305	1	16	250	95	96		83.5
721	9	Sol4	G4	296	296	1	16	250	95	96		83.5625
722	9	Fa4#5	F4#5	292	292	1	16	250	95	96		83.625
723	9	Sol4	G4	296	296	1	8	500	95	96	si  	83.75
724	9	Sol4	G4	296	296	1	16	250	95	96	SAZ 	83.8125
725	9	La4	A4	305	305	1	16	250	95	96	.	83.875
726	9	La4	A4	305	305	1	16	250	95	96	.	83.9375
727	9	Fa4#5	F4#5	292	292	1	16	250	95	96	.	84
728	9	Sol4	G4	296	296	1	8	500	95	96	.	84.125
729	9			-1	-1	1	8	500	100	0		84.25
730	9	Sol5	G5	349	349	1	8	500	95	96	Hoþ	84.375
731	9	Sol5	G5	349	349	1	8	500	95	96	gel	84.5
732	9	La5	A5	358	358	1	8	500	95	96	din 	84.625
733	9	Sol5	G5	349	349	1	16	250	99	96	e	84.6875
734	9	Fa5#5	F5#5	345	345	1	16	250	99	96		84.75
735	9	Mi5	E5	336	336	1	16	250	99	96		84.8125
736	9	Fa5#5	F5#5	345	345	1	16	250	95	96		84.875
737	9	Sol5	G5	349	349	1	16	250	99	96	li	84.9375
738	9	Sol5	G5	349	349	1	16	250	95	96		85
739	9	Fa5#5	F5#5	345	345	1	16	250	99	96	mi	85.0625
740	9	Mi5	E5	336	336	1	16	250	95	96		85.125
741	9	Re5	D5	327	327	1	8	500	95	96	ze  	85.25
742	9	Sol5	G5	349	349	1	16	250	95	96	Þi	85.3125
743	9	Sol5	G5	349	349	1	16	250	95	96	ir 	85.375
744	9	Sol5	G5	349	349	1	8	500	95	96	ol	85.5
745	9	La5	A5	358	358	1	8	500	95	96	dun	85.625
746	9	Sol5	G5	349	349	1	16	250	99	96	di	85.6875
747	9	Fa5#5	F5#5	345	345	1	16	250	99	96		85.75
748	9	Mi5	E5	336	336	1	16	250	99	96		85.8125
749	9	Fa5#5	F5#5	345	345	1	16	250	95	96		85.875
750	9	Sol5	G5	349	349	1	16	250	99	96	li	85.9375
751	9	Sol5	G5	349	349	1	16	250	95	96		86
752	9	Fa5#5	F5#5	345	345	1	16	250	99	96	mi	86.0625
753	9	Mi5	E5	336	336	1	16	250	95	96		86.125
754	9	Re5	D5	327	327	1	8	500	95	96	ze  	86.25
755	9	Sol5	G5	349	349	1	8	500	99	96	bay	86.375
756	9	Fa5	F5	340	340	1	8	500	95	96		86.5
757	9	Mi5	E5	336	336	1	8	500	95	96	ram 	86.625
758	9	Re5	D5	327	327	1	16	250	99	96	ge	86.6875
759	9	Do5	C5	318	318	1	16	250	95	96		86.75
760	9	Si4	B4	314	314	1	16	250	99	96	ce	86.8125
761	9	La4	A4	305	305	1	16	250	95	96		86.875
762	9	Si4	B4	314	314	1	16	250	95	96	si 	86.9375
763	9	Do5	C5	318	318	1	16	250	95	96		87
764	9	Re5	D5	327	327	1	8	500	95	96		87.125
765	9	La4	A4	305	305	1	16	250	99	96	bay	87.1875
766	9	Si4	B4	314	314	1	16	250	95	96		87.25
767	9	Do5	C5	318	318	1	8	500	95	96	ram 	87.375
768	9	Si4	B4	314	314	1	16	250	99	96	ge	87.4375
769	9	La4	A4	305	305	1	16	250	95	96		87.5
770	9	Sol4	G4	296	296	1	16	250	95	96		87.5625
771	9	Fa4#5	F4#5	292	292	1	16	250	95	96		87.625
772	9	Sol4	G4	296	296	1	8	500	95	96	si  	87.75
773	9	Sol4	G4	296	296	1	16	250	95	96	SAZ 	87.8125
774	9	La4	A4	305	305	1	16	250	95	96	.	87.875
775	9	La4	A4	305	305	1	16	250	95	96	.	87.9375
776	9	Fa4#5	F4#5	292	292	1	16	250	95	96	.	88
777	9	Sol4	G4	296	296	1	8	500	95	96	.	88.125
