Sira	Kod	Nota53	NotaAE	Koma53	KomaAE	Pay	Payda	Ms	LNS	Bas	Soz1	Offset
1	7	Mi5	E5	336	336	1	8	312	95	96	ARANAÐME 	0.125
2	7	Mi5	E5	336	336	1	8	312	95	96	.	0.25
3	10	Fa5	F5	340	340	1	8	312	95	96	.	0.375
4	8	Sol5	G5	349	349	0	0	0	95	78	.	0.375
5	10	Mi5	E5	336	336	1	8	312	95	96	.	0.5
6	8	Fa5	F5	340	340	0	0	0	95	78	.	0.5
7	9	Re5	D5	327	327	1	4	625	95	96	.	0.75
8	9	La5	A5	358	358	1	4	625	95	96	.	1
9	9	Sol5	G5	349	349	1	8	312	95	96	.	1.125
10	9	Fa5#2	F5#1	342	341	1	8	312	95	96	.	1.25
11	8	Sol5	G5	349	349	0	0	0	95	78	.	1.25
12	9	Mi5	E5	336	336	1	8	312	95	96	.	1.375
13	9	Re5	D5	327	327	1	8	312	95	96	.	1.5
14	8	Mi5	E5	336	336	0	0	0	95	78	.	1.5
15	9	Do5	C5	318	318	1	8	312	95	96	.	1.625
16	9	Re5	D5	327	327	1	8	312	95	96	.	1.75
17	9	Mi5	E5	336	336	1	4	625	95	96	.	2
18	9	Do5	C5	318	318	1	8	312	95	96	.	2.125
19	7	Re5	D5	327	327	4	16	625	95	96	.	2.375
20	9	Mi5	E5	336	336	1	8	312	95	96	.	2.5
21	7	Do5	C5	318	318	1	8	312	95	96	.	2.625
22	9	Si4b5	B4b5	309	309	1	8	312	95	96	.	2.75
23	7	Si4b5	B4b5	309	309	1	8	312	95	96	.	2.875
24	9	La4	A4	305	305	1	8	312	95	96	.	3
25	9	Mi5	E5	336	336	3	8	938	95	96	.	3.375
26	9	Mi5	E5	336	336	1	8	312	95	96	.	3.5
27	10	Mi5	E5	336	336	1	16	156	95	96	.	3.5625
28	8	Sol5	G5	349	349	0	0	0	95	78	.	3.5625
29	9	Fa5	F5	340	340	1	16	156	95	96	.	3.625
30	9	Mi5	E5	336	336	1	16	156	95	96	.	3.6875
31	9	Re5	D5	327	327	1	16	156	95	96	.	3.75
32	9	Mi5	E5	336	336	1	4	625	95	96	.	4
33	52			0	0	1	4	0	96	0		4.25
34	7	Mi5	E5	336	336	1	8	312	95	96	ARANAÐME 	4.375
35	7	Mi5	E5	336	336	1	8	312	95	96	.	4.5
36	10	Fa5	F5	340	340	1	8	312	95	96	.	4.625
37	8	Sol5	G5	349	349	0	0	0	95	78	.	4.625
38	10	Mi5	E5	336	336	1	8	312	95	96	.	4.75
39	8	Fa5	F5	340	340	0	0	0	95	78	.	4.75
40	9	Re5	D5	327	327	1	4	625	95	96	.	5
41	9	La5	A5	358	358	1	4	625	95	96	.	5.25
42	9	Sol5	G5	349	349	1	8	312	95	96	.	5.375
43	9	Fa5#2	F5#1	342	341	1	8	312	95	96	.	5.5
44	8	Sol5	G5	349	349	0	0	0	95	78	.	5.5
45	9	Mi5	E5	336	336	1	8	312	95	96	.	5.625
46	9	Re5	D5	327	327	1	8	312	95	96	.	5.75
47	8	Mi5	E5	336	336	0	0	0	95	78	.	5.75
48	9	Do5	C5	318	318	1	8	312	95	96	.	5.875
49	9	Re5	D5	327	327	1	8	312	95	96	.	6
50	9	Mi5	E5	336	336	1	4	625	95	96	.	6.25
51	9	Do5	C5	318	318	1	8	312	95	96	.	6.375
52	7	Re5	D5	327	327	4	16	625	95	96	.	6.625
53	9	Mi5	E5	336	336	1	8	312	95	96	.	6.75
54	7	Do5	C5	318	318	1	8	312	95	96	.	6.875
55	9	Si4b5	B4b5	309	309	1	8	312	95	96	.	7
56	7	Si4b5	B4b5	309	309	1	8	312	95	96	.	7.125
57	9	La4	A4	305	305	1	8	312	95	96	.	7.25
58	9	La4	A4	305	305	3	8	938	95	96	.	7.625
59	9	Do6	C6	371	371	1	8	312	95	96	.	7.75
60	9	Si5b2	B5b1	365	366	1	16	156	95	96	.	7.8125
61	9	Do6	C6	371	371	1	16	156	95	96	.	7.875
62	9	Re6	D6	380	380	1	16	156	95	96	.	7.9375
63	9	Si5b2	B5b1	365	366	1	16	156	95	96	.	8
64	9	Do6	C6	371	371	1	4	625	95	96	.	8.25
65	9	Do6	C6	371	371	1	8	312	95	96	Çö	8.375
66	9	Do6	C6	371	371	1	8	312	99	96	kert	8.5
67	7	Do6	C6	371	371	1	8	312	99	96		8.625
68	9	Si5b2	B5b1	365	366	1	8	312	95	96		8.75
69	9	Si5b2	B5b1	365	366	1	8	312	99	96	me	8.875
70	9	La5	A5	358	358	1	8	312	95	96		9
71	9	La5	A5	358	358	1	4	625	95	96	den 	9.25
72	9	La5	A5	358	358	1	8	312	99	96	çýk	9.375
73	8	Do6	C6	371	371	0	0	0	99	78		9.375
74	9	Si5b2	B5b1	365	366	1	8	312	95	96		9.5
75	9	La5	A5	358	358	1	8	312	95	96	tým 	9.625
76	9	Sol5	G5	349	349	1	8	312	95	96	da 	9.75
77	9	Fa5#2	F5#1	342	341	1	8	312	95	96	Ha	9.875
78	9	Mi5	E5	336	336	1	8	312	95	96	li	10
79	9	Re5	D5	327	327	1	4	625	95	96	lim 	10.25
80	9	Fa5#3	F5#4	343	344	1	8	312	95	96	a	10.375
81	9	Sol5	G5	349	349	1	8	312	95	96	man 	10.5
82	9	La5	A5	358	358	1	8	312	95	96	ba	10.625
83	9	Si5b2	B5b1	365	366	1	8	312	95	96	þým 	10.75
84	9	Sol5	G5	349	349	1	8	312	95	96	se	10.875
85	9	Sol5	G5	349	349	1	8	312	99	96	lâ	11
86	9	Si5b2	B5b1	365	366	1	8	312	99	96		11.125
87	9	La5	A5	358	358	1	8	312	95	96		11.25
88	9	La5	A5	358	358	3	8	938	95	96	met  	11.625
89	9	Sol5	G5	349	349	1	8	312	95	84	SAZ	11.75
90	9	Fa5#3	F5#4	343	344	1	8	312	95	84	.	11.875
91	9	Sol5	G5	349	349	1	8	312	95	84	.	12
92	9	La5	A5	358	358	1	8	312	95	84	.	12.125
93	9	Si5b2	B5b1	365	366	1	8	312	95	84	.	12.25
94	9	Do6	C6	371	371	1	8	312	95	96	Çö	12.375
95	9	Do6	C6	371	371	1	8	312	99	96	kert	12.5
96	7	Do6	C6	371	371	1	8	312	99	96		12.625
97	9	Si5b2	B5b1	365	366	1	8	312	95	96		12.75
98	9	Si5b2	B5b1	365	366	1	8	312	99	96	me	12.875
99	9	La5	A5	358	358	1	8	312	95	96		13
100	9	La5	A5	358	358	1	4	625	95	96	den 	13.25
101	9	La5	A5	358	358	1	8	312	99	96	çýk	13.375
102	8	Do6	C6	371	371	0	0	0	99	78		13.375
103	9	Si5b2	B5b1	365	366	1	8	312	95	96		13.5
104	9	La5	A5	358	358	1	8	312	95	96	tým 	13.625
105	9	Sol5	G5	349	349	1	8	312	95	96	da 	13.75
106	9	Fa5#2	F5#1	342	341	1	8	312	95	96	Ha	13.875
107	9	Mi5	E5	336	336	1	8	312	95	96	li	14
108	9	Re5	D5	327	327	1	4	625	95	96	lim 	14.25
109	9	Fa5#3	F5#4	343	344	1	8	312	95	96	a	14.375
110	9	Sol5	G5	349	349	1	8	312	95	96	man 	14.5
111	9	La5	A5	358	358	1	8	312	95	96	ba	14.625
112	9	Si5b2	B5b1	365	366	1	8	312	95	96	þým 	14.75
113	9	Sol5	G5	349	349	1	8	312	95	96	se	14.875
114	9	Sol5	G5	349	349	1	8	312	99	96	lâ	15
115	9	Si5b2	B5b1	365	366	1	8	312	99	96		15.125
116	9	La5	A5	358	358	1	8	312	95	96		15.25
117	9	La5	A5	358	358	3	8	938	95	96	met  	15.625
118	9	Sol5	G5	349	349	1	8	312	95	84	SAZ	15.75
119	9	Fa5#3	F5#4	343	344	1	8	312	95	84	.	15.875
120	9	Sol5	G5	349	349	1	8	312	95	84	.	16
121	9	La5	A5	358	358	1	4	625	95	84	.	16.25
122	9	Re5	D5	327	327	1	8	312	95	96	Bi	16.375
123	9	Mi5	E5	336	336	1	4	625	95	96	tez 	16.625
124	9	Fa5	F5	340	340	1	8	312	95	96	de 	16.75
125	9	Re5	D5	327	327	1	8	312	95	96	ya	16.875
126	9	Re5	D5	327	327	1	8	312	95	96	lý	17
127	9	La5	A5	358	358	1	8	312	95	96	sý	17.125
128	9	La5	A5	358	358	1	8	312	95	96	na 	17.25
129	10	Sol5	G5	349	349	1	8	312	99	96	var	17.375
130	8	La5	A5	358	358	0	0	0	99	78		17.375
131	9	Fa5	F5	340	340	1	8	312	95	96		17.5
132	9	Mi5	E5	336	336	1	8	312	95	96	ma	17.625
133	9	Re5	D5	327	327	1	8	312	95	96	dan 	17.75
134	9	Do5	C5	318	318	1	8	312	95	96	Ha	17.875
135	9	Re5	D5	327	327	1	8	312	95	96	li	18
136	9	Mi5	E5	336	336	1	8	312	95	96	lim 	18.125
137	9			-1	-1	1	8	312	95	0		18.25
138	9	Do5	C5	318	318	1	8	312	95	96	a	18.375
139	9	Re5	D5	327	327	1	8	312	95	96	man 	18.5
140	9	Re5	D5	327	327	1	8	312	95	96	kop	18.625
141	9	Mi5	E5	336	336	1	8	312	95	96	tu 	18.75
142	9	Do5	C5	318	318	1	8	312	99	96	ký	18.875
143	9	Si4b5	B4b5	309	309	1	8	312	95	96		19
144	9	Si4b5	B4b5	309	309	1	8	312	99	96	ya	19.125
145	9	La4	A4	305	305	1	8	312	95	96		19.25
146	9	Mi5	E5	336	336	3	8	938	95	96	met  	19.625
147	9	Re5	D5	327	327	1	8	312	95	84	SAZ	19.75
148	9	Do5	C5	318	318	1	8	312	95	84	.	19.875
149	9	Re5	D5	327	327	1	8	312	95	84	.	20
150	9	Mi5	E5	336	336	1	4	625	95	84	.	20.25
151	9	Re5	D5	327	327	1	8	312	95	96	Bi	20.375
152	9	Mi5	E5	336	336	1	4	625	95	96	tez 	20.625
153	9	Fa5	F5	340	340	1	8	312	95	96	de 	20.75
154	9	Re5	D5	327	327	1	8	312	95	96	ya	20.875
155	9	Re5	D5	327	327	1	8	312	95	96	lý	21
156	9	La5	A5	358	358	1	8	312	95	96	sý	21.125
157	9	La5	A5	358	358	1	8	312	95	96	na 	21.25
158	10	Sol5	G5	349	349	1	8	312	99	96	var	21.375
159	8	La5	A5	358	358	0	0	0	99	78		21.375
160	9	Fa5	F5	340	340	1	8	312	95	96		21.5
161	9	Mi5	E5	336	336	1	8	312	95	96	ma	21.625
162	9	Re5	D5	327	327	1	8	312	95	96	dan 	21.75
163	9	Do5	C5	318	318	1	8	312	95	96	Ha	21.875
164	9	Re5	D5	327	327	1	8	312	95	96	li	22
165	9	Mi5	E5	336	336	1	8	312	95	96	lim 	22.125
166	9			-1	-1	1	8	312	95	0		22.25
167	9	Do5	C5	318	318	1	8	312	95	96	a	22.375
168	9	Re5	D5	327	327	1	8	312	95	96	man 	22.5
169	9	Re5	D5	327	327	1	8	312	95	96	kop	22.625
170	9	Mi5	E5	336	336	1	8	312	95	96	tu 	22.75
171	9	Do5	C5	318	318	1	8	312	99	96	ký	22.875
172	9	Si4b5	B4b5	309	309	1	8	312	95	96		23
173	9	Si4b5	B4b5	309	309	1	8	312	99	96	ya	23.125
174	9	La4	A4	305	305	1	8	312	95	96		23.25
175	9	La4	A4	305	305	3	8	938	95	96	met  	23.625
176	9	Do6	C6	371	371	1	8	312	95	84	SAZ	23.75
177	9	Si5b2	B5b1	365	366	1	16	156	95	84	.	23.8125
178	9	Do6	C6	371	371	1	16	156	95	84	.	23.875
179	9	Re6	D6	380	380	1	16	156	95	84	.	23.9375
180	9	Si5b2	B5b1	365	366	1	16	156	95	84	.	24
181	9	Do6	C6	371	371	1	4	625	95	84	.	24.25
182	9	Si5b2	B5b1	365	366	1	8	312	95	96	.	24.375
183	9	Do6	C6	371	371	1	4	625	95	96	Ar	24.625
184	9	Si5b2	B5b1	365	366	1	8	312	95	96	ka	24.75
185	9	Si5b2	B5b1	365	366	1	8	312	99	96	da	24.875
186	9	La5	A5	358	358	1	8	312	95	96		25
187	9	La5	A5	358	358	1	4	625	95	96	þým 	25.25
188	9	La5	A5	358	358	1	8	312	99	96	Ýb	25.375
189	8	Do6	C6	371	371	0	0	0	99	78		25.375
190	9	Si5b2	B5b1	365	366	1	8	312	95	96		25.5
191	9	La5	A5	358	358	1	8	312	99	96	ram 	25.625
192	9	Sol5	G5	349	349	1	8	312	95	96		25.75
193	9	Fa5#2	F5#1	342	341	1	8	312	99	96	ça	25.875
194	9	Mi5	E5	336	336	1	8	312	95	96		26
195	9	Re5	D5	327	327	1	4	625	95	96	vuþ 	26.25
196	9	Fa5#3	F5#4	343	344	1	8	312	95	96	Al	26.375
197	9	Sol5	G5	349	349	1	8	312	95	96	la	26.5
198	9	La5	A5	358	358	1	8	312	95	96	hý	26.625
199	9	Si5b2	B5b1	365	366	1	8	312	95	96	ma 	26.75
200	9	Sol5	G5	349	349	1	8	312	95	96	e	26.875
201	9	Sol5	G5	349	349	1	8	312	99	96	ma	27
202	9	Si5b2	B5b1	365	366	1	8	312	99	96		27.125
203	9	La5	A5	358	358	1	8	312	95	96		27.25
204	9	La5	A5	358	358	3	8	938	95	96	net  	27.625
205	9	Do6	C6	371	371	1	8	312	95	84	SAZ	27.75
206	9	Si5b2	B5b1	365	366	1	16	156	95	84	.	27.8125
207	9	Do6	C6	371	371	1	16	156	95	84	.	27.875
208	9	Re6	D6	380	380	1	16	156	95	84	.	27.9375
209	9	Si5b2	B5b1	365	366	1	16	156	95	84	.	28
210	9	Do6	C6	371	371	1	4	625	95	84	.	28.25
211	9	Si5b2	B5b1	365	366	1	8	312	95	96	.	28.375
212	9	Do6	C6	371	371	1	4	625	95	96	Ar	28.625
213	9	Si5b2	B5b1	365	366	1	8	312	95	96	ka	28.75
214	9	Si5b2	B5b1	365	366	1	8	312	99	96	da	28.875
215	9	La5	A5	358	358	1	8	312	95	96		29
216	9	La5	A5	358	358	1	4	625	95	96	þým 	29.25
217	9	La5	A5	358	358	1	8	312	99	96	Ýb	29.375
218	8	Do6	C6	371	371	0	0	0	99	78		29.375
219	9	Si5b2	B5b1	365	366	1	8	312	95	96		29.5
220	9	La5	A5	358	358	1	8	312	99	96	ram 	29.625
221	9	Sol5	G5	349	349	1	8	312	95	96		29.75
222	9	Fa5#2	F5#1	342	341	1	8	312	99	96	ça	29.875
223	9	Mi5	E5	336	336	1	8	312	95	96		30
224	9	Re5	D5	327	327	1	4	625	95	96	vuþ 	30.25
225	9	Fa5#3	F5#4	343	344	1	8	312	95	96	Al	30.375
226	9	Sol5	G5	349	349	1	8	312	95	96	la	30.5
227	9	La5	A5	358	358	1	8	312	95	96	hý	30.625
228	9	Si5b2	B5b1	365	366	1	8	312	95	96	ma 	30.75
229	9	Sol5	G5	349	349	1	8	312	95	96	e	30.875
230	9	Sol5	G5	349	349	1	8	312	99	96	ma	31
231	9	Si5b2	B5b1	365	366	1	8	312	99	96		31.125
232	9	La5	A5	358	358	1	8	312	95	96		31.25
233	9	La5	A5	358	358	3	8	938	95	96	net  	31.625
234	9	La5	A5	358	358	1	8	312	95	84	SAZ	31.75
235	9	Fa5#3	F5#4	343	344	1	8	312	95	84	.	31.875
236	9	Sol5	G5	349	349	1	8	312	95	84	.	32
237	8	La5	A5	358	358	0	0	0	95	72	.	32
238	9	Mi5	E5	336	336	1	4	625	95	84	.	32.25
239	9	Mi5	E5	336	336	1	8	312	95	96	Bu	32.375
240	9	Mi5	E5	336	336	1	8	312	95	96	ra	32.5
241	9	Mi5	E5	336	336	1	8	312	95	96	sý 	32.625
242	9	Fa5	F5	340	340	1	8	312	95	96	da 	32.75
243	9	Re5	D5	327	327	1	4	625	95	96	As	33
244	9	La5	A5	358	358	1	4	625	95	96	pat 	33.25
245	8	La5	A5	358	358	0	0	0	95	78		33.25
246	9	Sol5	G5	349	349	1	8	312	99	96	de	33.375
247	9	Fa5	F5	340	340	1	8	312	95	96		33.5
248	9	Mi5	E5	336	336	1	8	312	99	96	ðil 	33.625
249	9	Re5	D5	327	327	1	8	312	95	96		33.75
250	9	Do5	C5	318	318	1	8	312	95	96	Ha	33.875
251	9	Re5	D5	327	327	1	8	312	95	96	li	34
252	9	Mi5	E5	336	336	1	4	625	95	96	lim 	34.25
253	9	Do5	C5	318	318	1	8	312	95	96	a	34.375
254	9	Re5	D5	327	327	1	8	312	95	96	man 	34.5
255	9	Re5	D5	327	327	1	8	312	95	96	Bi	34.625
256	9	Mi5	E5	336	336	1	8	312	95	96	tez 	34.75
257	7	Do5	C5	318	318	1	8	312	99	96	ya	34.875
258	9	Si4b5	B4b5	309	309	1	8	312	95	96		35
259	7	Si4b5	B4b5	309	309	1	8	312	99	96	lý	35.125
260	9	La4	A4	305	305	1	8	312	95	96		35.25
261	9	Mi5	E5	336	336	3	8	938	95	96	sý  	35.625
262	9	Mi5	E5	336	336	1	8	312	95	96	SAZ	35.75
263	1	Mi5	E5	336	336	1	32	78	95	96	.	35.78125
264	1	Fa5	F5	340	340	1	32	78	95	96	.	35.8125
265	1	Sol5	G5	349	349	1	32	78	95	96	.	35.84375
266	1	La5	A5	358	358	1	32	78	95	96	.	35.875
267	1	Sol5	G5	349	349	1	32	78	95	96	.	35.90625
268	1	Fa5	F5	340	340	1	32	78	95	96	.	35.9375
269	1	Mi5	E5	336	336	1	32	78	95	96	.	35.96875
270	1	Re5	D5	327	327	1	32	78	95	96	.	36
271	9	Mi5	E5	336	336	1	4	625	95	96	.	36.25
272	9	Mi5	E5	336	336	1	8	312	95	96	Ci	36.375
273	9	Mi5	E5	336	336	1	8	312	99	96	ðe	36.5
274	9	Fa5	F5	340	340	1	8	312	99	96		36.625
275	9	Mi5	E5	336	336	1	8	312	95	96		36.75
276	9	Re5	D5	327	327	1	4	625	95	96	ri	37
277	9	La5	A5	358	358	1	4	625	95	96	me 	37.25
278	7	Sol5	G5	349	349	1	8	312	99	96	a	37.375
279	9	Fa5	F5	340	340	1	8	312	95	96		37.5
280	9	Mi5	E5	336	336	1	8	312	99	96	teþ 	37.625
281	9	Re5	D5	327	327	1	8	312	95	96		37.75
282	9	Do5	C5	318	318	1	8	312	99	96	sal	37.875
283	9	Re5	D5	327	327	1	8	312	95	96		38
284	9	Mi5	E5	336	336	1	4	625	95	96	dý 	38.25
285	9	Do5	C5	318	318	1	8	312	95	96	tel	38.375
286	9	Re5	D5	327	327	1	8	312	95	96	li 	38.5
287	9	Re5	D5	327	327	1	8	312	95	96	kur	38.625
288	9	Mi5	E5	336	336	1	8	312	95	96	þun 	38.75
289	9	Do5	C5	318	318	1	8	312	99	96	ya	38.875
290	9	Si4b5	B4b5	309	309	1	8	312	95	96		39
291	9	Si4b5	B4b5	309	309	1	8	312	99	96	ra	39.125
292	9	La4	A4	305	305	1	8	312	95	96		39.25
293	9	La4	A4	305	305	2	4	1250	95	96	sý  	39.75
294	9	Do5	C5	318	318	1	8	312	95	96	SAZ 	39.875
295	9	Re5	D5	327	327	1	8	312	95	96	.	40
296	9	Mi5	E5	336	336	1	4	625	95	96	.	40.25
297	9	Mi5	E5	336	336	1	8	312	95	96	Bu	40.375
298	9	Mi5	E5	336	336	1	8	312	95	96	ra	40.5
299	9	Mi5	E5	336	336	1	8	312	95	96	sý 	40.625
300	9	Fa5	F5	340	340	1	8	312	95	96	da 	40.75
301	9	Re5	D5	327	327	1	4	625	95	96	As	41
302	9	La5	A5	358	358	1	4	625	95	96	pat 	41.25
303	8	La5	A5	358	358	0	0	0	95	78		41.25
304	9	Sol5	G5	349	349	1	8	312	99	96	de	41.375
305	9	Fa5	F5	340	340	1	8	312	95	96		41.5
306	9	Mi5	E5	336	336	1	8	312	99	96	ðil 	41.625
307	9	Re5	D5	327	327	1	8	312	95	96		41.75
308	9	Do5	C5	318	318	1	8	312	95	96	Ha	41.875
309	9	Re5	D5	327	327	1	8	312	95	96	li	42
310	9	Mi5	E5	336	336	1	4	625	95	96	lim 	42.25
311	9	Do5	C5	318	318	1	8	312	95	96	a	42.375
312	9	Re5	D5	327	327	1	8	312	95	96	man 	42.5
313	9	Re5	D5	327	327	1	8	312	95	96	Bi	42.625
314	9	Mi5	E5	336	336	1	8	312	95	96	tez 	42.75
315	7	Do5	C5	318	318	1	8	312	99	96	ya	42.875
316	9	Si4b5	B4b5	309	309	1	8	312	95	96		43
317	7	Si4b5	B4b5	309	309	1	8	312	99	96	lý	43.125
318	9	La4	A4	305	305	1	8	312	95	96		43.25
319	9	Mi5	E5	336	336	3	8	938	95	96	sý  	43.625
320	9	Mi5	E5	336	336	1	8	312	95	96	SAZ	43.75
321	1	Mi5	E5	336	336	1	32	78	95	96	.	43.78125
322	1	Fa5	F5	340	340	1	32	78	95	96	.	43.8125
323	1	Sol5	G5	349	349	1	32	78	95	96	.	43.84375
324	1	La5	A5	358	358	1	32	78	95	96	.	43.875
325	1	Sol5	G5	349	349	1	32	78	95	96	.	43.90625
326	1	Fa5	F5	340	340	1	32	78	95	96	.	43.9375
327	1	Mi5	E5	336	336	1	32	78	95	96	.	43.96875
328	1	Re5	D5	327	327	1	32	78	95	96	.	44
329	9	Mi5	E5	336	336	1	4	625	95	96	.	44.25
330	9	Mi5	E5	336	336	1	8	312	95	96	Ci	44.375
331	9	Mi5	E5	336	336	1	8	312	99	96	ðe	44.5
332	9	Fa5	F5	340	340	1	8	312	99	96		44.625
333	9	Mi5	E5	336	336	1	8	312	95	96		44.75
334	9	Re5	D5	327	327	1	4	625	95	96	ri	45
335	9	La5	A5	358	358	1	4	625	95	96	me 	45.25
336	7	Sol5	G5	349	349	1	8	312	99	96	a	45.375
337	9	Fa5	F5	340	340	1	8	312	95	96		45.5
338	9	Mi5	E5	336	336	1	8	312	99	96	teþ 	45.625
339	9	Re5	D5	327	327	1	8	312	95	96		45.75
340	9	Do5	C5	318	318	1	8	312	99	96	sal	45.875
341	9	Re5	D5	327	327	1	8	312	95	96		46
342	9	Mi5	E5	336	336	1	4	625	95	96	dý 	46.25
343	9	Do5	C5	318	318	1	8	312	95	96	tel	46.375
344	9	Re5	D5	327	327	1	8	312	95	96	li 	46.5
345	9	Re5	D5	327	327	1	8	312	95	96	kur	46.625
346	9	Mi5	E5	336	336	1	8	312	95	96	þun 	46.75
347	9	Do5	C5	318	318	1	8	312	99	96	ya	46.875
348	9	Si4b5	B4b5	309	309	1	8	312	95	96		47
349	9	Si4b5	B4b5	309	309	1	8	312	99	96	ra	47.125
350	9	La4	A4	305	305	1	8	312	95	96		47.25
351	9	La4	A4	305	305	1	1	2500	95	96	sý  	48.25
352	7	Mi5	E5	336	336	1	8	312	95	96	ARANAÐME 	48.375
353	7	Mi5	E5	336	336	1	8	312	95	96	.	48.5
354	10	Fa5	F5	340	340	1	8	312	95	96	.	48.625
355	8	Sol5	G5	349	349	0	0	0	95	78	.	48.625
356	10	Mi5	E5	336	336	1	8	312	95	96	.	48.75
357	8	Fa5	F5	340	340	0	0	0	95	78	.	48.75
358	9	Re5	D5	327	327	1	4	625	95	96	.	49
359	9	La5	A5	358	358	1	4	625	95	96	.	49.25
360	9	Sol5	G5	349	349	1	8	312	95	96	.	49.375
361	9	Fa5#2	F5#1	342	341	1	8	312	95	96	.	49.5
362	8	Sol5	G5	349	349	0	0	0	95	78	.	49.5
363	9	Mi5	E5	336	336	1	8	312	95	96	.	49.625
364	9	Re5	D5	327	327	1	8	312	95	96	.	49.75
365	8	Mi5	E5	336	336	0	0	0	95	78	.	49.75
366	9	Do5	C5	318	318	1	8	312	95	96	.	49.875
367	9	Re5	D5	327	327	1	8	312	95	96	.	50
368	9	Mi5	E5	336	336	1	4	625	95	96	.	50.25
369	9	Do5	C5	318	318	1	8	312	95	96	.	50.375
370	7	Re5	D5	327	327	4	16	625	95	96	.	50.625
371	9	Mi5	E5	336	336	1	8	312	95	96	.	50.75
372	7	Do5	C5	318	318	1	8	312	95	96	.	50.875
373	9	Si4b5	B4b5	309	309	1	8	312	95	96	.	51
374	7	Si4b5	B4b5	309	309	1	8	312	95	96	.	51.125
375	9	La4	A4	305	305	1	8	312	95	96	.	51.25
376	9	Mi5	E5	336	336	3	8	938	95	96	.	51.625
377	9	Mi5	E5	336	336	1	8	312	95	96	.	51.75
378	10	Mi5	E5	336	336	1	16	156	95	96	.	51.8125
379	8	Sol5	G5	349	349	0	0	0	95	78	.	51.8125
380	9	Fa5	F5	340	340	1	16	156	95	96	.	51.875
381	9	Mi5	E5	336	336	1	16	156	95	96	.	51.9375
382	9	Re5	D5	327	327	1	16	156	95	96	.	52
383	9	Mi5	E5	336	336	1	4	625	95	96	.	52.25
384	7	Mi5	E5	336	336	1	8	312	95	96	ARANAÐME 	52.375
385	7	Mi5	E5	336	336	1	8	312	95	96	.	52.5
386	10	Fa5	F5	340	340	1	8	312	95	96	.	52.625
387	8	Sol5	G5	349	349	0	0	0	95	78	.	52.625
388	10	Mi5	E5	336	336	1	8	312	95	96	.	52.75
389	8	Fa5	F5	340	340	0	0	0	95	78	.	52.75
390	9	Re5	D5	327	327	1	4	625	95	96	.	53
391	9	La5	A5	358	358	1	4	625	95	96	.	53.25
392	9	Sol5	G5	349	349	1	8	312	95	96	.	53.375
393	9	Fa5#2	F5#1	342	341	1	8	312	95	96	.	53.5
394	8	Sol5	G5	349	349	0	0	0	95	78	.	53.5
395	9	Mi5	E5	336	336	1	8	312	95	96	.	53.625
396	9	Re5	D5	327	327	1	8	312	95	96	.	53.75
397	8	Mi5	E5	336	336	0	0	0	95	78	.	53.75
398	9	Do5	C5	318	318	1	8	312	95	96	.	53.875
399	9	Re5	D5	327	327	1	8	312	95	96	.	54
400	9	Mi5	E5	336	336	1	4	625	95	96	.	54.25
401	9	Do5	C5	318	318	1	8	312	95	96	.	54.375
402	7	Re5	D5	327	327	4	16	625	95	96	.	54.625
403	9	Mi5	E5	336	336	1	8	312	95	96	.	54.75
404	7	Do5	C5	318	318	1	8	312	95	96	.	54.875
405	9	Si4b5	B4b5	309	309	1	8	312	95	96	.	55
406	7	Si4b5	B4b5	309	309	1	8	312	95	96	.	55.125
407	9	La4	A4	305	305	1	8	312	95	96	.	55.25
408	9	La4	A4	305	305	3	8	938	95	96	.	55.625
409	9	Do6	C6	371	371	1	8	312	95	96	.	55.75
410	9	Si5b2	B5b1	365	366	1	16	156	95	96	.	55.8125
411	9	Do6	C6	371	371	1	16	156	95	96	.	55.875
412	9	Re6	D6	380	380	1	16	156	95	96	.	55.9375
413	9	Si5b2	B5b1	365	366	1	16	156	95	96	.	56
414	9	Do6	C6	371	371	1	4	625	95	96	.	56.25
415	9	Do6	C6	371	371	1	8	312	95	96	Çö	56.375
416	9	Do6	C6	371	371	1	8	312	99	96	kert	56.5
417	7	Do6	C6	371	371	1	8	312	99	96		56.625
418	9	Si5b2	B5b1	365	366	1	8	312	95	96		56.75
419	9	Si5b2	B5b1	365	366	1	8	312	99	96	me	56.875
420	9	La5	A5	358	358	1	8	312	95	96		57
421	9	La5	A5	358	358	1	4	625	95	96	den 	57.25
422	9	La5	A5	358	358	1	8	312	99	96	çýk	57.375
423	8	Do6	C6	371	371	0	0	0	99	78		57.375
424	9	Si5b2	B5b1	365	366	1	8	312	95	96		57.5
425	9	La5	A5	358	358	1	8	312	95	96	tým 	57.625
426	9	Sol5	G5	349	349	1	8	312	95	96	da 	57.75
427	9	Fa5#2	F5#1	342	341	1	8	312	95	96	Ha	57.875
428	9	Mi5	E5	336	336	1	8	312	95	96	li	58
429	9	Re5	D5	327	327	1	4	625	95	96	lim 	58.25
430	9	Fa5#3	F5#4	343	344	1	8	312	95	96	a	58.375
431	9	Sol5	G5	349	349	1	8	312	95	96	man 	58.5
432	9	La5	A5	358	358	1	8	312	95	96	ba	58.625
433	9	Si5b2	B5b1	365	366	1	8	312	95	96	þým 	58.75
434	9	Sol5	G5	349	349	1	8	312	95	96	se	58.875
435	9	Sol5	G5	349	349	1	8	312	99	96	lâ	59
436	9	Si5b2	B5b1	365	366	1	8	312	99	96		59.125
437	9	La5	A5	358	358	1	8	312	95	96		59.25
438	9	La5	A5	358	358	3	8	938	95	96	met  	59.625
439	9	Sol5	G5	349	349	1	8	312	95	84	SAZ	59.75
440	9	Fa5#3	F5#4	343	344	1	8	312	95	84	.	59.875
441	9	Sol5	G5	349	349	1	8	312	95	84	.	60
442	9	La5	A5	358	358	1	8	312	95	84	.	60.125
443	9	Si5b2	B5b1	365	366	1	8	312	95	84	.	60.25
444	9	Do6	C6	371	371	1	8	312	95	96	Çö	60.375
445	9	Do6	C6	371	371	1	8	312	99	96	kert	60.5
446	7	Do6	C6	371	371	1	8	312	99	96		60.625
447	9	Si5b2	B5b1	365	366	1	8	312	95	96		60.75
448	9	Si5b2	B5b1	365	366	1	8	312	99	96	me	60.875
449	9	La5	A5	358	358	1	8	312	95	96		61
450	9	La5	A5	358	358	1	4	625	95	96	den 	61.25
451	9	La5	A5	358	358	1	8	312	99	96	çýk	61.375
452	8	Do6	C6	371	371	0	0	0	99	78		61.375
453	9	Si5b2	B5b1	365	366	1	8	312	95	96		61.5
454	9	La5	A5	358	358	1	8	312	95	96	tým 	61.625
455	9	Sol5	G5	349	349	1	8	312	95	96	da 	61.75
456	9	Fa5#2	F5#1	342	341	1	8	312	95	96	Ha	61.875
457	9	Mi5	E5	336	336	1	8	312	95	96	li	62
458	9	Re5	D5	327	327	1	4	625	95	96	lim 	62.25
459	9	Fa5#3	F5#4	343	344	1	8	312	95	96	a	62.375
460	9	Sol5	G5	349	349	1	8	312	95	96	man 	62.5
461	9	La5	A5	358	358	1	8	312	95	96	ba	62.625
462	9	Si5b2	B5b1	365	366	1	8	312	95	96	þým 	62.75
463	9	Sol5	G5	349	349	1	8	312	95	96	se	62.875
464	9	Sol5	G5	349	349	1	8	312	99	96	lâ	63
465	9	Si5b2	B5b1	365	366	1	8	312	99	96		63.125
466	9	La5	A5	358	358	1	8	312	95	96		63.25
467	9	La5	A5	358	358	3	8	938	95	96	met  	63.625
468	9	Sol5	G5	349	349	1	8	312	95	84	SAZ	63.75
469	9	Fa5#3	F5#4	343	344	1	8	312	95	84	.	63.875
470	9	Sol5	G5	349	349	1	8	312	95	84	.	64
471	9	La5	A5	358	358	1	4	625	95	84	.	64.25
472	9	Re5	D5	327	327	1	8	312	95	96	Bi	64.375
473	9	Mi5	E5	336	336	1	4	625	95	96	tez 	64.625
474	9	Fa5	F5	340	340	1	8	312	95	96	de 	64.75
475	9	Re5	D5	327	327	1	8	312	95	96	ya	64.875
476	9	Re5	D5	327	327	1	8	312	95	96	lý	65
477	9	La5	A5	358	358	1	8	312	95	96	sý	65.125
478	9	La5	A5	358	358	1	8	312	95	96	na 	65.25
479	10	Sol5	G5	349	349	1	8	312	99	96	var	65.375
480	8	La5	A5	358	358	0	0	0	99	78		65.375
481	9	Fa5	F5	340	340	1	8	312	95	96		65.5
482	9	Mi5	E5	336	336	1	8	312	95	96	ma	65.625
483	9	Re5	D5	327	327	1	8	312	95	96	dan 	65.75
484	9	Do5	C5	318	318	1	8	312	95	96	Ha	65.875
485	9	Re5	D5	327	327	1	8	312	95	96	li	66
486	9	Mi5	E5	336	336	1	8	312	95	96	lim 	66.125
487	9			-1	-1	1	8	312	95	0		66.25
488	9	Do5	C5	318	318	1	8	312	95	96	a	66.375
489	9	Re5	D5	327	327	1	8	312	95	96	man 	66.5
490	9	Re5	D5	327	327	1	8	312	95	96	kop	66.625
491	9	Mi5	E5	336	336	1	8	312	95	96	tu 	66.75
492	9	Do5	C5	318	318	1	8	312	99	96	ký	66.875
493	9	Si4b5	B4b5	309	309	1	8	312	95	96		67
494	9	Si4b5	B4b5	309	309	1	8	312	99	96	ya	67.125
495	9	La4	A4	305	305	1	8	312	95	96		67.25
496	9	Mi5	E5	336	336	3	8	938	95	96	met  	67.625
497	9	Re5	D5	327	327	1	8	312	95	84	SAZ	67.75
498	9	Do5	C5	318	318	1	8	312	95	84	.	67.875
499	9	Re5	D5	327	327	1	8	312	95	84	.	68
500	9	Mi5	E5	336	336	1	4	625	95	84	.	68.25
501	9	Re5	D5	327	327	1	8	312	95	96	Bi	68.375
502	9	Mi5	E5	336	336	1	4	625	95	96	tez 	68.625
503	9	Fa5	F5	340	340	1	8	312	95	96	de 	68.75
504	9	Re5	D5	327	327	1	8	312	95	96	ya	68.875
505	9	Re5	D5	327	327	1	8	312	95	96	lý	69
506	9	La5	A5	358	358	1	8	312	95	96	sý	69.125
507	9	La5	A5	358	358	1	8	312	95	96	na 	69.25
508	10	Sol5	G5	349	349	1	8	312	99	96	var	69.375
509	8	La5	A5	358	358	0	0	0	99	78		69.375
510	9	Fa5	F5	340	340	1	8	312	95	96		69.5
511	9	Mi5	E5	336	336	1	8	312	95	96	ma	69.625
512	9	Re5	D5	327	327	1	8	312	95	96	dan 	69.75
513	9	Do5	C5	318	318	1	8	312	95	96	Ha	69.875
514	9	Re5	D5	327	327	1	8	312	95	96	li	70
515	9	Mi5	E5	336	336	1	8	312	95	96	lim 	70.125
516	9			-1	-1	1	8	312	95	0		70.25
517	9	Do5	C5	318	318	1	8	312	95	96	a	70.375
518	9	Re5	D5	327	327	1	8	312	95	96	man 	70.5
519	9	Re5	D5	327	327	1	8	312	95	96	kop	70.625
520	9	Mi5	E5	336	336	1	8	312	95	96	tu 	70.75
521	9	Do5	C5	318	318	1	8	312	99	96	ký	70.875
522	9	Si4b5	B4b5	309	309	1	8	312	95	96		71
523	9	Si4b5	B4b5	309	309	1	8	312	99	96	ya	71.125
524	9	La4	A4	305	305	1	8	312	95	96		71.25
525	9	La4	A4	305	305	3	8	938	95	96	met  	71.625
526	9	Do6	C6	371	371	1	8	312	95	84	SAZ	71.75
527	9	Si5b2	B5b1	365	366	1	16	156	95	84	.	71.8125
528	9	Do6	C6	371	371	1	16	156	95	84	.	71.875
529	9	Re6	D6	380	380	1	16	156	95	84	.	71.9375
530	9	Si5b2	B5b1	365	366	1	16	156	95	84	.	72
531	9	Do6	C6	371	371	1	4	625	95	84	.	72.25
532	9	Si5b2	B5b1	365	366	1	8	312	95	96	.	72.375
533	9	Do6	C6	371	371	1	4	625	95	96	Ar	72.625
534	9	Si5b2	B5b1	365	366	1	8	312	95	96	ka	72.75
535	9	Si5b2	B5b1	365	366	1	8	312	99	96	da	72.875
536	9	La5	A5	358	358	1	8	312	95	96		73
537	9	La5	A5	358	358	1	4	625	95	96	þým 	73.25
538	9	La5	A5	358	358	1	8	312	99	96	Ýb	73.375
539	8	Do6	C6	371	371	0	0	0	99	78		73.375
540	9	Si5b2	B5b1	365	366	1	8	312	95	96		73.5
541	9	La5	A5	358	358	1	8	312	99	96	ram 	73.625
542	9	Sol5	G5	349	349	1	8	312	95	96		73.75
543	9	Fa5#2	F5#1	342	341	1	8	312	99	96	ça	73.875
544	9	Mi5	E5	336	336	1	8	312	95	96		74
545	9	Re5	D5	327	327	1	4	625	95	96	vuþ 	74.25
546	9	Fa5#3	F5#4	343	344	1	8	312	95	96	Al	74.375
547	9	Sol5	G5	349	349	1	8	312	95	96	la	74.5
548	9	La5	A5	358	358	1	8	312	95	96	hý	74.625
549	9	Si5b2	B5b1	365	366	1	8	312	95	96	ma 	74.75
550	9	Sol5	G5	349	349	1	8	312	95	96	e	74.875
551	9	Sol5	G5	349	349	1	8	312	99	96	ma	75
552	9	Si5b2	B5b1	365	366	1	8	312	99	96		75.125
553	9	La5	A5	358	358	1	8	312	95	96		75.25
554	9	La5	A5	358	358	3	8	938	95	96	net  	75.625
555	9	Do6	C6	371	371	1	8	312	95	84	SAZ	75.75
556	9	Si5b2	B5b1	365	366	1	16	156	95	84	.	75.8125
557	9	Do6	C6	371	371	1	16	156	95	84	.	75.875
558	9	Re6	D6	380	380	1	16	156	95	84	.	75.9375
559	9	Si5b2	B5b1	365	366	1	16	156	95	84	.	76
560	9	Do6	C6	371	371	1	4	625	95	84	.	76.25
561	9	Si5b2	B5b1	365	366	1	8	312	95	96	.	76.375
562	9	Do6	C6	371	371	1	4	625	95	96	Ar	76.625
563	9	Si5b2	B5b1	365	366	1	8	312	95	96	ka	76.75
564	9	Si5b2	B5b1	365	366	1	8	312	99	96	da	76.875
565	9	La5	A5	358	358	1	8	312	95	96		77
566	9	La5	A5	358	358	1	4	625	95	96	þým 	77.25
567	9	La5	A5	358	358	1	8	312	99	96	Ýb	77.375
568	8	Do6	C6	371	371	0	0	0	99	78		77.375
569	9	Si5b2	B5b1	365	366	1	8	312	95	96		77.5
570	9	La5	A5	358	358	1	8	312	99	96	ram 	77.625
571	9	Sol5	G5	349	349	1	8	312	95	96		77.75
572	9	Fa5#2	F5#1	342	341	1	8	312	99	96	ça	77.875
573	9	Mi5	E5	336	336	1	8	312	95	96		78
574	9	Re5	D5	327	327	1	4	625	95	96	vuþ 	78.25
575	9	Fa5#3	F5#4	343	344	1	8	312	95	96	Al	78.375
576	9	Sol5	G5	349	349	1	8	312	95	96	la	78.5
577	9	La5	A5	358	358	1	8	312	95	96	hý	78.625
578	9	Si5b2	B5b1	365	366	1	8	312	95	96	ma 	78.75
579	9	Sol5	G5	349	349	1	8	312	95	96	e	78.875
580	9	Sol5	G5	349	349	1	8	312	99	96	ma	79
581	9	Si5b2	B5b1	365	366	1	8	312	99	96		79.125
582	9	La5	A5	358	358	1	8	312	95	96		79.25
583	9	La5	A5	358	358	3	8	938	95	96	net  	79.625
584	9	La5	A5	358	358	1	8	312	95	84	SAZ	79.75
585	9	Fa5#3	F5#4	343	344	1	8	312	95	84	.	79.875
586	9	Sol5	G5	349	349	1	8	312	95	84	.	80
587	8	La5	A5	358	358	0	0	0	95	72	.	80
588	9	Mi5	E5	336	336	1	4	625	95	84	.	80.25
589	9	Mi5	E5	336	336	1	8	312	95	96	Bu	80.375
590	9	Mi5	E5	336	336	1	8	312	95	96	ra	80.5
591	9	Mi5	E5	336	336	1	8	312	95	96	sý 	80.625
592	9	Fa5	F5	340	340	1	8	312	95	96	da 	80.75
593	9	Re5	D5	327	327	1	4	625	95	96	As	81
594	9	La5	A5	358	358	1	4	625	95	96	pat 	81.25
595	8	La5	A5	358	358	0	0	0	95	78		81.25
596	9	Sol5	G5	349	349	1	8	312	99	96	de	81.375
597	9	Fa5	F5	340	340	1	8	312	95	96		81.5
598	9	Mi5	E5	336	336	1	8	312	99	96	ðil 	81.625
599	9	Re5	D5	327	327	1	8	312	95	96		81.75
600	9	Do5	C5	318	318	1	8	312	95	96	Ha	81.875
601	9	Re5	D5	327	327	1	8	312	95	96	li	82
602	9	Mi5	E5	336	336	1	4	625	95	96	lim 	82.25
603	9	Do5	C5	318	318	1	8	312	95	96	a	82.375
604	9	Re5	D5	327	327	1	8	312	95	96	man 	82.5
605	9	Re5	D5	327	327	1	8	312	95	96	Bi	82.625
606	9	Mi5	E5	336	336	1	8	312	95	96	tez 	82.75
607	7	Do5	C5	318	318	1	8	312	99	96	ya	82.875
608	9	Si4b5	B4b5	309	309	1	8	312	95	96		83
609	7	Si4b5	B4b5	309	309	1	8	312	99	96	lý	83.125
610	9	La4	A4	305	305	1	8	312	95	96		83.25
611	9	Mi5	E5	336	336	3	8	938	95	96	sý  	83.625
612	9	Mi5	E5	336	336	1	8	312	95	96	SAZ	83.75
613	1	Mi5	E5	336	336	1	32	78	95	96	.	83.78125
614	1	Fa5	F5	340	340	1	32	78	95	96	.	83.8125
615	1	Sol5	G5	349	349	1	32	78	95	96	.	83.84375
616	1	La5	A5	358	358	1	32	78	95	96	.	83.875
617	1	Sol5	G5	349	349	1	32	78	95	96	.	83.90625
618	1	Fa5	F5	340	340	1	32	78	95	96	.	83.9375
619	1	Mi5	E5	336	336	1	32	78	95	96	.	83.96875
620	1	Re5	D5	327	327	1	32	78	95	96	.	84
621	9	Mi5	E5	336	336	1	4	625	95	96	.	84.25
622	9	Mi5	E5	336	336	1	8	312	95	96	Ci	84.375
623	9	Mi5	E5	336	336	1	8	312	99	96	ðe	84.5
624	9	Fa5	F5	340	340	1	8	312	99	96		84.625
625	9	Mi5	E5	336	336	1	8	312	95	96		84.75
626	9	Re5	D5	327	327	1	4	625	95	96	ri	85
627	9	La5	A5	358	358	1	4	625	95	96	me 	85.25
628	7	Sol5	G5	349	349	1	8	312	99	96	a	85.375
629	9	Fa5	F5	340	340	1	8	312	95	96		85.5
630	9	Mi5	E5	336	336	1	8	312	99	96	teþ 	85.625
631	9	Re5	D5	327	327	1	8	312	95	96		85.75
632	9	Do5	C5	318	318	1	8	312	99	96	sal	85.875
633	9	Re5	D5	327	327	1	8	312	95	96		86
634	9	Mi5	E5	336	336	1	4	625	95	96	dý 	86.25
635	9	Do5	C5	318	318	1	8	312	95	96	tel	86.375
636	9	Re5	D5	327	327	1	8	312	95	96	li 	86.5
637	9	Re5	D5	327	327	1	8	312	95	96	kur	86.625
638	9	Mi5	E5	336	336	1	8	312	95	96	þun 	86.75
639	9	Do5	C5	318	318	1	8	312	99	96	ya	86.875
640	9	Si4b5	B4b5	309	309	1	8	312	95	96		87
641	9	Si4b5	B4b5	309	309	1	8	312	99	96	ra	87.125
642	9	La4	A4	305	305	1	8	312	95	96		87.25
643	9	La4	A4	305	305	2	4	1250	95	96	sý  	87.75
644	9	Do5	C5	318	318	1	8	312	95	96	SAZ 	87.875
645	9	Re5	D5	327	327	1	8	312	95	96	.	88
646	9	Mi5	E5	336	336	1	4	625	95	96	.	88.25
647	9	Mi5	E5	336	336	1	8	312	95	96	Bu	88.375
648	9	Mi5	E5	336	336	1	8	312	95	96	ra	88.5
649	9	Mi5	E5	336	336	1	8	312	95	96	sý 	88.625
650	9	Fa5	F5	340	340	1	8	312	95	96	da 	88.75
651	9	Re5	D5	327	327	1	4	625	95	96	As	89
652	9	La5	A5	358	358	1	4	625	95	96	pat 	89.25
653	8	La5	A5	358	358	0	0	0	95	78		89.25
654	9	Sol5	G5	349	349	1	8	312	99	96	de	89.375
655	9	Fa5	F5	340	340	1	8	312	95	96		89.5
656	9	Mi5	E5	336	336	1	8	312	99	96	ðil 	89.625
657	9	Re5	D5	327	327	1	8	312	95	96		89.75
658	9	Do5	C5	318	318	1	8	312	95	96	Ha	89.875
659	9	Re5	D5	327	327	1	8	312	95	96	li	90
660	9	Mi5	E5	336	336	1	4	625	95	96	lim 	90.25
661	9	Do5	C5	318	318	1	8	312	95	96	a	90.375
662	9	Re5	D5	327	327	1	8	312	95	96	man 	90.5
663	9	Re5	D5	327	327	1	8	312	95	96	Bi	90.625
664	9	Mi5	E5	336	336	1	8	312	95	96	tez 	90.75
665	7	Do5	C5	318	318	1	8	312	99	96	ya	90.875
666	9	Si4b5	B4b5	309	309	1	8	312	95	96		91
667	7	Si4b5	B4b5	309	309	1	8	312	99	96	lý	91.125
668	9	La4	A4	305	305	1	8	312	95	96		91.25
669	9	Mi5	E5	336	336	3	8	938	95	96	sý  	91.625
670	9	Mi5	E5	336	336	1	8	312	95	96	SAZ	91.75
671	1	Mi5	E5	336	336	1	32	78	95	96	.	91.78125
672	1	Fa5	F5	340	340	1	32	78	95	96	.	91.8125
673	1	Sol5	G5	349	349	1	32	78	95	96	.	91.84375
674	1	La5	A5	358	358	1	32	78	95	96	.	91.875
675	1	Sol5	G5	349	349	1	32	78	95	96	.	91.90625
676	1	Fa5	F5	340	340	1	32	78	95	96	.	91.9375
677	1	Mi5	E5	336	336	1	32	78	95	96	.	91.96875
678	1	Re5	D5	327	327	1	32	78	95	96	.	92
679	9	Mi5	E5	336	336	1	4	625	95	96	.	92.25
680	9	Mi5	E5	336	336	1	8	312	95	96	Ci	92.375
681	9	Mi5	E5	336	336	1	8	312	99	96	ðe	92.5
682	9	Fa5	F5	340	340	1	8	312	99	96		92.625
683	9	Mi5	E5	336	336	1	8	312	95	96		92.75
684	9	Re5	D5	327	327	1	4	625	95	96	ri	93
685	9	La5	A5	358	358	1	4	625	95	96	me 	93.25
686	7	Sol5	G5	349	349	1	8	312	99	96	a	93.375
687	9	Fa5	F5	340	340	1	8	312	95	96		93.5
688	9	Mi5	E5	336	336	1	8	312	99	96	teþ 	93.625
689	9	Re5	D5	327	327	1	8	312	95	96		93.75
690	9	Do5	C5	318	318	1	8	312	99	96	sal	93.875
691	9	Re5	D5	327	327	1	8	312	95	96		94
692	9	Mi5	E5	336	336	1	4	625	95	96	dý 	94.25
693	9	Do5	C5	318	318	1	8	312	95	96	tel	94.375
694	9	Re5	D5	327	327	1	8	312	95	96	li 	94.5
695	9	Re5	D5	327	327	1	8	312	95	96	kur	94.625
696	9	Mi5	E5	336	336	1	8	312	95	96	þun 	94.75
697	9	Do5	C5	318	318	1	8	312	99	96	ya	94.875
698	9	Si4b5	B4b5	309	309	1	8	312	95	96		95
699	9	Si4b5	B4b5	309	309	1	8	312	99	96	ra	95.125
700	9	La4	A4	305	305	1	8	312	95	96		95.25
701	9	La4	A4	305	305	1	1	2500	95	96	sý  	96.25
