Sira	Kod	Nota53	NotaAE	Koma53	KomaAE	Pay	Payda	Ms	LNS	Bas	Soz1	Offset
1	9	Sol4	G4	296	296	1	4	833	99	96	Ay	0.2
2	9	Fa5	F5	340	340	3	16	625	99	96		0.35
3	9	Mi5	E5	336	336	1	16	208	99	96		0.4
4	9	Re5	D5	327	327	1	8	417	95	96		0.5
5	9	Re5	D5	327	327	1	8	417	99	96	lar 	0.6
6	9	Do5	C5	318	318	1	8	417	99	96		0.7
7	9	Si4b1	B4b1	313	313	3	16	625	99	96		0.85
8	9	La4	A4	305	305	1	16	208	99	96		0.9
9	9	Sol4	G4	296	296	1	8	417	95	96		1
10	9	Sol4	G4	296	296	3	8	1250	95	96	ge	1.3
11	9	Sol4	G4	296	296	1	4	833	95	96	çi	1.5
12	9	Sol4	G4	296	296	5	8	2083	95	96	yor 	2
13	9	La4	A4	305	305	1	16	208	99	96	sen 	2.05
14	9	Si4b1	B4b1	313	313	1	16	208	99	96		2.1
15	9	Do5	C5	318	318	1	16	208	99	96		2.15
16	9	Re5	D5	327	327	1	16	208	99	96		2.2
17	9	Do5	C5	318	318	1	16	208	99	96		2.25
18	9	Si4b1	B4b1	313	313	1	16	208	95	96		2.3
19	9	Do5	C5	318	318	1	8	417	99	96	ba	2.4
20	9	Si4b1	B4b1	313	313	1	8	417	95	96		2.5
21	9	Do5	C5	318	318	1	8	417	99	96	na 	2.6
22	9	Re5	D5	327	327	1	8	417	95	96		2.7
23	9	Re5	D5	327	327	1	8	417	99	96	hâ	2.8
24	9	Do5	C5	318	318	1	8	417	99	96		2.9
25	11	Si4b1	B4b1	313	313	1	8	417	95	96		3
26	9	Si4b1	B4b1	313	313	5	8	2083	95	96	lâ 	3.5
27	9	Si4b1	B4b1	313	313	1	16	208	95	96	SAZ	3.55
28	9	Do5	C5	318	318	1	16	208	95	96	.	3.6
29	9	Si4b1	B4b1	313	313	1	16	208	95	96	.	3.65
30	9	La4#4	A4#4	309	309	1	16	208	95	96	.	3.7
31	9	Si4b1	B4b1	313	313	1	16	208	95	96	.	3.75
32	9	Do5	C5	318	318	1	16	208	95	96	.	3.8
33	9	Re5	D5	327	327	1	16	208	95	96	.	3.85
34	9	Mi5b4	E5b4	332	332	1	16	208	95	96	.	3.9
35	9	Re5	D5	327	327	1	16	208	95	96	.	3.95
36	9	Fa5#4	F5#4	344	344	1	16	208	95	96	.	4
37	9	Mi5	E5	336	336	1	4	833	95	96	.	4.2
38	9	Mi5b4	E5b4	332	332	1	8	417	95	96	ge	4.3
39	9	Mi5b4	E5b4	332	332	1	8	417	99	96	le	4.4
40	9	Re5	D5	327	327	1	8	417	95	96		4.5
41	9	Mi5b4	E5b4	332	332	1	8	417	99	96	cek	4.6
42	9	Re5	D5	327	327	1	8	417	99	96		4.7
43	9	Fa5#4	F5#4	344	344	3	16	625	99	96		4.85
44	9	Mi5b4	E5b4	332	332	1	16	208	99	96		4.9
45	9	Re5	D5	327	327	1	8	417	95	96		5
46	9	Re5	D5	327	327	3	8	1250	95	96	sin  	5.3
47	9	Re5	D5	327	327	1	8	417	95	96	SAZ	5.4
48	9	Do5	C5	318	318	1	8	417	95	96	.	5.5
49	9	Si4b1	B4b1	313	313	3	16	625	95	96	.	5.65
50	9	La4	A4	305	305	1	16	208	95	96	.	5.7
51	9	Sol4	G4	296	296	3	8	1250	95	96	.	6
52	52			0	0	1	8	0	127	17		6.1
53	9	Sol4	G4	296	296	1	4	833	99	96	Ay	6.3
54	9	Fa5	F5	340	340	3	16	625	99	96		6.45
55	9	Mi5	E5	336	336	1	16	208	99	96		6.5
56	9	Re5	D5	327	327	1	8	417	95	96		6.6
57	9	Re5	D5	327	327	1	8	417	99	96	lar 	6.7
58	9	Do5	C5	318	318	1	8	417	99	96		6.8
59	9	Si4b1	B4b1	313	313	3	16	625	99	96		6.95
60	9	La4	A4	305	305	1	16	208	99	96		7
61	9	Sol4	G4	296	296	1	8	417	95	96		7.1
62	9	Sol4	G4	296	296	3	8	1250	95	96	ge	7.4
63	9	Sol4	G4	296	296	1	4	833	95	96	çi	7.6
64	9	Sol4	G4	296	296	5	8	2083	95	96	yor 	8.1
65	9	La4	A4	305	305	1	16	208	99	96	sen 	8.15
66	9	Si4b1	B4b1	313	313	1	16	208	99	96		8.2
67	9	Do5	C5	318	318	1	16	208	99	96		8.25
68	9	Re5	D5	327	327	1	16	208	99	96		8.3
69	9	Do5	C5	318	318	1	16	208	99	96		8.35
70	9	Si4b1	B4b1	313	313	1	16	208	95	96		8.4
71	9	Do5	C5	318	318	1	8	417	99	96	ba	8.5
72	9	Si4b1	B4b1	313	313	1	8	417	95	96		8.6
73	9	Do5	C5	318	318	1	8	417	99	96	na 	8.7
74	9	Re5	D5	327	327	1	8	417	95	96		8.8
75	9	Re5	D5	327	327	1	8	417	99	96	hâ	8.9
76	9	Do5	C5	318	318	1	8	417	99	96		9
77	11	Si4b1	B4b1	313	313	1	8	417	95	96		9.1
78	9	Si4b1	B4b1	313	313	5	8	2083	95	96	lâ 	9.6
79	9	Si4b1	B4b1	313	313	1	16	208	95	96	SAZ	9.65
80	9	Do5	C5	318	318	1	16	208	95	96	.	9.7
81	9	Si4b1	B4b1	313	313	1	16	208	95	96	.	9.75
82	9	La4#4	A4#4	309	309	1	16	208	95	96	.	9.8
83	9	Si4b1	B4b1	313	313	1	16	208	95	96	.	9.85
84	9	Do5	C5	318	318	1	16	208	95	96	.	9.9
85	9	Re5	D5	327	327	1	16	208	95	96	.	9.95
86	9	Mi5b4	E5b4	332	332	1	16	208	95	96	.	10
87	9	Re5	D5	327	327	1	16	208	95	96	.	10.05
88	9	Fa5#4	F5#4	344	344	1	16	208	95	96	.	10.1
89	9	Mi5	E5	336	336	1	4	833	95	96	.	10.3
90	9	Mi5b4	E5b4	332	332	1	8	417	95	96	ge	10.4
91	9	Mi5b4	E5b4	332	332	1	8	417	99	96	le	10.5
92	9	Re5	D5	327	327	1	8	417	95	96		10.6
93	9	Mi5b4	E5b4	332	332	1	8	417	99	96	cek	10.7
94	9	Re5	D5	327	327	1	8	417	99	96		10.8
95	9	Fa5#4	F5#4	344	344	3	16	625	99	96		10.95
96	9	Mi5b4	E5b4	332	332	1	16	208	99	96		11
97	9	Re5	D5	327	327	1	8	417	95	96		11.1
98	9	Re5	D5	327	327	5	8	2083	95	96	sin  	11.6
99	9	Re5	D5	327	327	5	8	2083	95	96	SAZ	12.1
100	9	Re5	D5	327	327	3	16	625	95	96	.	12.25
101	9	Mi5	E5	336	336	1	16	208	95	96	.	12.3
102	9	Fa5#4	F5#4	344	344	3	16	625	95	96	.	12.45
103	9	Mi5	E5	336	336	1	16	208	95	96	.	12.5
104	9	Re5	D5	327	327	1	8	417	95	96	.	12.6
105	9	Mi5	E5	336	336	1	8	417	95	96	.	12.7
106	9	Fa5#4	F5#4	344	344	1	8	417	95	96	.	12.8
107	9	Sol5	G5	349	349	1	16	208	95	96	.	12.85
108	9	Fa5#4	F5#4	344	344	1	16	208	95	96	.	12.9
109	9	Sol5	G5	349	349	1	8	417	95	96	.	13
110	9	Mi5	E5	336	336	1	8	417	95	96	.	13.1
111	9	Re5	D5	327	327	1	4	833	95	96	.	13.3
112	9	Mi5	E5	336	336	1	8	417	95	96	.	13.4
113	9	Fa5#4	F5#4	344	344	1	8	417	95	96	.	13.5
114	9	Sol5	G5	349	349	1	8	417	95	96	.	13.6
115	9	Fa5#4	F5#4	344	344	1	16	208	95	96	.	13.65
116	9	Sol5	G5	349	349	1	16	208	95	96	.	13.7
117	9	La5	A5	358	358	1	16	208	95	96	.	13.75
118	9	Fa5#4	F5#4	344	344	1	16	208	95	96	.	13.8
119	9	Sol5	G5	349	349	3	8	1250	95	96	.	14.1
120	9			-1	-1	1	4	833	100	0		14.3
121	9	Fa5#4	F5#4	344	344	1	8	417	99	96	Yet	14.4
122	9	Sol5	G5	349	349	1	4	833	95	96		14.6
123	9	Sol5	G5	349	349	1	8	417	99	96	mez 	14.7
124	9	Fa5#4	F5#4	344	344	1	8	417	99	96		14.8
125	9	La5	A5	358	358	3	16	625	99	96		14.95
126	9	Sol5	G5	349	349	1	16	208	99	96		15
127	9	Fa5	F5	340	340	1	8	417	95	96		15.1
128	9	Fa5	F5	340	340	3	16	625	99	96	mi 	15.25
129	9	Mi5	E5	336	336	1	16	208	95	96		15.3
130	9	Re5	D5	327	327	1	8	417	99	96	bu 	15.4
131	9	Re5	D5	327	327	1	4	833	95	96		15.6
132	9	Mi5	E5	336	336	1	8	417	99	96	has	15.7
133	9	Fa5	F5	340	340	1	8	417	99	96		15.8
134	9	Fa5	F5	340	340	1	16	208	99	96		15.85
135	9	Mi5	E5	336	336	1	16	208	99	96		15.9
136	9	Re5	D5	327	327	1	16	208	99	96		15.95
137	9	Do5#4	C5#4	322	322	1	16	208	99	96		16
138	9	Re5	D5	327	327	1	8	417	95	96		16.1
139	9	Do5#4	C5#4	322	322	1	4	833	99	96	ret 	16.3
140	9	Do5#4	C5#4	322	322	1	8	417	99	96		16.4
141	9	Do5#4	C5#4	322	322	1	8	417	99	96		16.5
142	9	Re5	D5	327	327	1	8	417	99	96		16.6
143	9	Si4b1	B4b1	313	313	1	4	833	99	96		16.8
144	9	Re5	D5	327	327	3	8	1250	95	96		17.1
145	9			-1	-1	1	4	833	100	0		17.3
146	9	Mi5	E5	336	336	1	8	417	95	96	da	17.4
147	9	Fa5	F5	340	340	1	4	833	95	96	ha 	17.6
148	9	Fa5	F5	340	340	1	2	1667	99	96	yýl	18
149	9	Mi5	E5	336	336	1	8	417	95	96		18.1
150	9	Sol5	G5	349	349	1	4	833	99	96	lar	18.3
151	9	Fa5	F5	340	340	1	8	417	95	96		18.4
152	9	Fa5	F5	340	340	1	8	417	99	96	ca 	18.5
153	9	Mi5	E5	336	336	1	8	417	95	96		18.6
154	9	Mi5	E5	336	336	1	8	417	99	96	mý 	18.7
155	9	Re5	D5	327	327	1	8	417	95	96		18.8
156	9	Re5	D5	327	327	1	8	417	99	96	sür	18.9
157	9	Do5	C5	318	318	1	8	417	99	96		19
158	9	Si4b1	B4b1	313	313	1	8	417	95	96		19.1
159	9	Si4b1	B4b1	313	313	5	8	2083	95	96	sün  	19.6
160	9	Si4b1	B4b1	313	313	5	8	2083	95	96	SAZ	20.1
161	9	Si4b1	B4b1	313	313	3	16	625	95	96	.	20.25
162	9	Do5	C5	318	318	1	16	208	95	96	.	20.3
163	9	Re5	D5	327	327	1	8	417	95	96	.	20.4
164	9	Mi5	E5	336	336	1	8	417	95	96	.	20.5
165	9	Fa5#4	F5#4	344	344	1	8	417	95	96	.	20.6
166	9	Sol5	G5	349	349	1	8	417	95	96	.	20.7
167	9	Fa5	F5	340	340	1	8	417	95	96	.	20.8
168	9	Mi5	E5	336	336	1	8	417	95	96	.	20.9
169	9	Re5	D5	327	327	1	8	417	95	96	.	21
170	9	Do5	C5	318	318	1	8	417	95	96	.	21.1
171	9	Si4b1	B4b1	313	313	1	4	833	95	96	.	21.3
172	9	Re5	D5	327	327	1	8	417	95	96	.	21.4
173	9	Do5#4	C5#4	322	322	1	8	417	95	96	.	21.5
174	9	Re5	D5	327	327	1	8	417	95	96	.	21.6
175	9	Sol5	G5	349	349	1	16	208	95	96	.	21.65
176	9	Fa5#4	F5#4	344	344	1	16	208	95	96	.	21.7
177	9	Sol5	G5	349	349	1	16	208	95	96	.	21.75
178	9	Mi5	E5	336	336	1	16	208	95	96	.	21.8
179	9	Re5	D5	327	327	1	4	833	95	96	.	22
180	9			-1	-1	1	8	417	100	0		22.1
181	9	Re5	D5	327	327	1	16	208	99	96	Yet	22.15
182	9	Do5#4	C5#4	322	322	1	16	208	99	96		22.2
183	9	Re5	D5	327	327	1	8	417	99	96		22.3
184	9	Sol5	G5	349	349	1	4	833	99	96		22.5
185	9	Do6	C6	371	371	1	8	417	95	96		22.6
186	9	Do6	C6	371	371	1	8	417	99	96	mez 	22.7
187	9	Si5b5	B5b5	362	362	1	8	417	99	96		22.8
188	9	La5	A5	358	358	1	8	417	99	96		22.9
189	9	Sol5	G5	349	349	1	8	417	99	96		23
190	9	Fa5	F5	340	340	1	8	417	95	96		23.1
191	9	Mi5	E5	336	336	1	4	833	99	96	mi 	23.3
192	9	Re5	D5	327	327	1	8	417	95	96		23.4
193	9	Re5	D5	327	327	1	8	417	99	96	bu 	23.5
194	9	Do5	C5	318	318	1	8	417	95	96		23.6
195	9	Do5	C5	318	318	1	8	417	99	96	has	23.7
196	9	Si4b1	B4b1	313	313	1	8	417	99	96		23.8
197	9	Re5	D5	327	327	1	8	417	99	96		23.9
198	9	Si4b1	B4b1	313	313	1	8	417	99	96		24
199	9	La4	A4	305	305	1	8	417	95	96		24.1
200	9	La4	A4	305	305	7	8	2916	99	96	ret 	24.8
201	9	Re5	D5	327	327	3	8	1250	95	96		25.1
202	9			-1	-1	1	4	833	100	0		25.3
203	9	Sol4	G4	296	296	1	8	417	95	96	da	25.4
204	9	Sol4	G4	296	296	1	4	833	95	96	ha	25.6
205	9	Sol4	G4	296	296	1	4	833	99	96	yýl	25.8
206	9	Sol5	G5	349	349	1	4	833	99	96		26
207	9	La5	A5	358	358	1	8	417	95	96		26.1
208	9	La5	A5	358	358	1	16	208	99	96	lar	26.15
209	9	Sol5	G5	349	349	1	16	208	99	96		26.2
210	9	Fa5	F5	340	340	1	16	208	99	96		26.25
211	9	Mi5	E5	336	336	1	16	208	99	96		26.3
212	9	Re5	D5	327	327	1	8	417	95	96		26.4
213	9	Re5	D5	327	327	1	8	417	99	96	ca 	26.5
214	9	Do5	C5	318	318	1	8	417	95	96		26.6
215	9	Do5	C5	318	318	1	8	417	99	96	mý 	26.7
216	9	Si4b1	B4b1	313	313	1	8	417	95	96		26.8
217	9	Si4b1	B4b1	313	313	3	16	625	99	96	sür	26.95
218	9	La4	A4	305	305	1	16	208	99	96		27
219	9	Sol4	G4	296	296	1	8	417	95	96		27.1
220	9	Sol4	G4	296	296	1	4	833	95	96	sün  	27.3
221	9	Sol4	G4	296	296	1	8	417	95	96	SAZ	27.4
222	9	Sol4	G4	296	296	1	8	417	95	96	.	27.5
223	9	Sol4	G4	296	296	1	8	417	95	96	.	27.6
224	9	Sol5	G5	349	349	1	16	208	95	96	.	27.65
225	9	Fa5#4	F5#4	344	344	1	16	208	95	96	.	27.7
226	9	Sol5	G5	349	349	1	16	208	95	96	.	27.75
227	9	Si5b5	B5b5	362	362	1	16	208	95	96	.	27.8
228	9	La5	A5	358	358	1	16	208	95	96	.	27.85
229	9	Sol5	G5	349	349	1	16	208	95	96	.	27.9
230	9	Fa5#4	F5#4	344	344	1	16	208	95	96	.	27.95
231	9	Mi5b4	E5b4	332	332	1	16	208	95	96	.	28
232	9	Re5	D5	327	327	1	16	208	95	96	.	28.05
233	9	Do5	C5	318	318	1	16	208	95	96	.	28.1
234	9	Re5	D5	327	327	3	16	625	95	96	.	28.25
235	9	Mi5b4	E5b4	332	332	1	16	208	95	96	.	28.3
236	9	Fa5#4	F5#4	344	344	1	8	417	95	96	.	28.4
237	9	Sol5	G5	349	349	1	8	417	95	96	.	28.5
238	9	La5	A5	358	358	1	8	417	95	96	.	28.6
239	9	Si5b5	B5b5	362	362	1	2	1667	95	96	.	29
240	9	La5	A5	358	358	1	16	208	95	96	.	29.05
241	11	Sol5	G5	349	349	1	16	208	95	96	.	29.1
242	9	Sol5	G5	349	349	1	8	417	95	96	.	29.2
243	9	Fa5#4	F5#4	344	344	1	16	208	95	96	.	29.25
244	9	Mi5b4	E5b4	332	332	1	16	208	95	96	.	29.3
245	9	Re5	D5	327	327	1	8	417	95	96	.	29.4
246	9	Sol5	G5	349	349	1	8	417	95	96	.	29.5
247	9	Fa5#4	F5#4	344	344	1	8	417	95	96	.	29.6
248	9	Mi5b4	E5b4	332	332	1	8	417	95	96	.	29.7
249	9	Mi5b4	E5b4	332	332	1	16	208	95	96	.	29.75
250	9	Re5	D5	327	327	1	16	208	95	96	.	29.8
251	9	Re5	D5	327	327	1	16	208	95	96	.	29.85
252	9	Mi5b4	E5b4	332	332	1	16	208	95	96	.	29.9
253	9	Fa5#4	F5#4	344	344	1	16	208	95	96	.	29.95
254	9	Sol5	G5	349	349	1	16	208	95	96	.	30
255	9	La5	A5	358	358	1	16	208	95	96	.	30.05
256	9	Do6	C6	371	371	1	16	208	95	96	.	30.1
257	9	Si5b5	B5b5	362	362	1	4	833	95	96	.	30.3
258	9	La5	A5	358	358	1	8	417	99	96	Hül	30.4
259	9	Si5b5	B5b5	362	362	1	4	833	95	96		30.6
260	9	Si5b5	B5b5	362	362	1	2	1667	99	96	yâ	31
261	9	La5	A5	358	358	1	16	208	99	96		31.05
262	9	Sol5	G5	349	349	1	16	208	95	96		31.1
263	9	Sol5	G5	349	349	3	16	625	99	96	la	31.25
264	9	Fa5#4	F5#4	344	344	1	16	208	99	96		31.3
265	9	Mi5b4	E5b4	332	332	1	8	417	95	96		31.4
266	9	Mi5b4	E5b4	332	332	1	8	417	99	96	rý	31.5
267	9	Re5	D5	327	327	1	8	417	95	96		31.6
268	9	Re5	D5	327	327	1	8	417	99	96	mýn 	31.7
269	9	Do5	C5	318	318	1	8	417	99	96		31.8
270	9	Re5	D5	327	327	3	8	1250	95	96		32.1
271	9	Fa5#4	F5#4	344	344	3	8	1250	95	96	men	32.4
272	9	Fa5#4	F5#4	344	344	1	4	833	95	96	bâ	32.6
273	9	Fa5#4	F5#4	344	344	1	8	417	99	96	ý 	32.7
274	9	Sol5	G5	349	349	1	8	417	95	96		32.8
275	9	Fa5#4	F5#4	344	344	1	8	417	99	96	bir 	32.9
276	9	Mi5b4	E5b4	332	332	1	8	417	99	96		33
277	9	Re5	D5	327	327	1	8	417	95	96		33.1
278	9	Mi5b4	E5b4	332	332	1	16	208	99	96	tâ	33.15
279	9	Fa5#4	F5#4	344	344	1	16	208	99	96		33.2
280	9	Sol5	G5	349	349	1	16	208	99	96		33.25
281	9	La5	A5	358	358	1	16	208	99	96		33.3
282	9	Sol5	G5	349	349	1	16	208	99	96		33.35
283	9	Fa5#4	F5#4	344	344	1	16	208	99	96		33.4
284	9	Sol5	G5	349	349	1	4	833	99	96		33.6
285	9	Fa5#4	F5#4	344	344	1	4	833	99	96		33.8
286	9	Sol5	G5	349	349	1	4	833	99	96		34
287	9	La5	A5	358	358	1	8	417	99	96		34.1
288	9	Sol5	G5	349	349	1	8	417	99	96		34.2
289	9	Fa5#4	F5#4	344	344	1	8	417	99	96		34.3
290	9	Mi5b4	E5b4	332	332	1	8	417	95	96		34.4
291	9	Re5	D5	327	327	1	8	417	99	96	ze 	34.5
292	9	Si5b5	B5b5	362	362	1	8	417	95	96		34.6
293	9	La5	A5	358	358	1	8	417	99	96	çi	34.7
294	9	Sol5	G5	349	349	1	8	417	95	96		34.8
295	9	Fa5#4	F5#4	344	344	1	8	417	99	96	çek	34.9
296	9	Mi5b4	E5b4	332	332	1	8	417	99	96		35
297	11	Re5	D5	327	327	1	8	417	95	96		35.1
298	9	Re5	D5	327	327	5	8	2083	95	96	sin  	35.6
299	9	Re5	D5	327	327	1	4	833	95	96	SAZ	35.8
300	9	Re5	D5	327	327	3	8	1250	95	96	.	36.1
301	9	Re5	D5	327	327	3	16	625	95	96	.	36.25
302	9	Mi5	E5	336	336	1	16	208	95	96	.	36.3
303	9	Fa5#4	F5#4	344	344	3	16	625	95	96	.	36.45
304	9	Mi5	E5	336	336	1	16	208	95	96	.	36.5
305	9	Re5	D5	327	327	1	8	417	95	96	.	36.6
306	9	Mi5	E5	336	336	1	8	417	95	96	.	36.7
307	9	Fa5#4	F5#4	344	344	1	8	417	95	96	.	36.8
308	9	Sol5	G5	349	349	1	16	208	95	96	.	36.85
309	9	Fa5#4	F5#4	344	344	1	16	208	95	96	.	36.9
310	9	Sol5	G5	349	349	1	8	417	95	96	.	37
311	9	Mi5	E5	336	336	1	8	417	95	96	.	37.1
312	9	Re5	D5	327	327	1	4	833	95	96	.	37.3
313	9	Mi5	E5	336	336	1	8	417	95	96	.	37.4
314	9	Fa5#4	F5#4	344	344	1	8	417	95	96	.	37.5
315	9	Sol5	G5	349	349	1	8	417	95	96	.	37.6
316	9	Fa5#4	F5#4	344	344	1	16	208	95	96	.	37.65
317	9	Sol5	G5	349	349	1	16	208	95	96	.	37.7
318	9	La5	A5	358	358	1	16	208	95	96	.	37.75
319	9	Fa5#4	F5#4	344	344	1	16	208	95	96	.	37.8
320	9	Sol5	G5	349	349	3	8	1250	95	96	.	38.1
321	9			-1	-1	1	4	833	100	0		38.3
322	9	Fa5#4	F5#4	344	344	1	8	417	99	96	Bek	38.4
323	9	Sol5	G5	349	349	1	4	833	95	96		38.6
324	9	Sol5	G5	349	349	1	8	417	99	96	let	38.7
325	9	Fa5#4	F5#4	344	344	1	8	417	99	96		38.8
326	9	La5	A5	358	358	3	16	625	99	96		38.95
327	9	Sol5	G5	349	349	1	16	208	99	96		39
328	9	Fa5#4	F5#4	344	344	1	8	417	95	96		39.1
329	9	Fa5	F5	340	340	3	16	625	99	96	me 	39.25
330	9	Mi5	E5	336	336	1	16	208	99	96		39.3
331	9	Re5	D5	327	327	1	8	417	95	96		39.4
332	9	Re5	D5	327	327	1	4	833	95	96	ya	39.6
333	9	Mi5	E5	336	336	1	8	417	99	96	zýk	39.7
334	9	Fa5	F5	340	340	1	8	417	99	96		39.8
335	9	Fa5	F5	340	340	1	16	208	99	96		39.85
336	9	Mi5	E5	336	336	1	16	208	99	96		39.9
337	9	Re5	D5	327	327	1	16	208	99	96		39.95
338	9	Do5#4	C5#4	322	322	1	16	208	99	96		40
339	9	Re5	D5	327	327	1	8	417	99	96		40.1
340	9	Do5#4	C5#4	322	322	1	4	833	99	96		40.3
341	9	Do5#4	C5#4	322	322	1	8	417	99	96		40.4
342	9	Do5#4	C5#4	322	322	1	8	417	99	96		40.5
343	9	Re5	D5	327	327	1	8	417	99	96		40.6
344	9	Si4	B4	314	314	1	4	833	99	96		40.8
345	9	Re5	D5	327	327	3	8	1250	95	96		41.1
346	9	Fa5	F5	340	340	3	8	1250	95	96	sen 	41.4
347	9	Fa5	F5	340	340	1	4	833	95	96	de 	41.6
348	9	Fa5	F5	340	340	1	4	833	95	96	so	41.8
349	9	Fa5	F5	340	340	1	4	833	99	96	lar 	42
350	9	Mi5	E5	336	336	1	8	417	95	96		42.1
351	9	Sol5	G5	349	349	1	4	833	99	96	sen 	42.3
352	9	Fa5	F5	340	340	1	8	417	95	96		42.4
353	9	Fa5	F5	340	340	1	8	417	99	96	de 	42.5
354	9	Mi5	E5	336	336	1	8	417	95	96		42.6
355	9	Mi5	E5	336	336	1	8	417	99	96	çü	42.7
356	9	Re5	D5	327	327	1	8	417	95	96		42.8
357	9	Re5	D5	327	327	1	8	417	99	96	rür	42.9
358	9	Do5	C5	318	318	1	8	417	99	96		43
359	9	Si4b1	B4b1	313	313	1	8	417	95	96		43.1
360	9	Si4b1	B4b1	313	313	5	8	2083	95	96	sün  	43.6
361	9	Si4b1	B4b1	313	313	1	4	833	95	96	SAZ	43.8
362	9	Si4b1	B4b1	313	313	3	8	1250	95	96	.	44.1
363	9	Si4b1	B4b1	313	313	3	16	625	95	96	.	44.25
364	9	Do5	C5	318	318	1	16	208	95	96	.	44.3
365	9	Re5	D5	327	327	1	8	417	95	96	.	44.4
366	9	Mi5	E5	336	336	1	8	417	95	96	.	44.5
367	9	Fa5#4	F5#4	344	344	1	8	417	95	96	.	44.6
368	9	Sol5	G5	349	349	3	16	625	95	96	.	44.75
369	9	Fa5	F5	340	340	1	16	208	95	96	.	44.8
370	9	Mi5	E5	336	336	1	8	417	95	96	.	44.9
371	9	Re5	D5	327	327	1	8	417	95	96	.	45
372	9	Do5	C5	318	318	1	8	417	95	96	.	45.1
373	9	Si4b1	B4b1	313	313	1	4	833	95	96	.	45.3
374	9	Re5	D5	327	327	1	8	417	95	96	.	45.4
375	9	Do5#4	C5#4	322	322	1	8	417	95	96	.	45.5
376	9	Re5	D5	327	327	1	8	417	95	96	.	45.6
377	9	Sol5	G5	349	349	1	16	208	95	96	.	45.65
378	9	Fa5#4	F5#4	344	344	1	16	208	95	96	.	45.7
379	9	Sol5	G5	349	349	1	16	208	95	96	.	45.75
380	9	Mi5	E5	336	336	1	16	208	95	96	.	45.8
381	9	Re5	D5	327	327	1	4	833	95	96	.	46
382	9			-1	-1	1	8	417	100	0		46.1
383	9	Re5	D5	327	327	1	16	208	99	96	Bek	46.15
384	9	Do5#4	C5#4	322	322	1	16	208	99	96		46.2
385	9	Re5	D5	327	327	1	8	417	99	96		46.3
386	9	Sol5	G5	349	349	1	4	833	99	96		46.5
387	9	Do6	C6	371	371	1	8	417	95	96		46.6
388	9	Do6	C6	371	371	1	8	417	99	96	let	46.7
389	9	Si5b5	B5b5	362	362	1	8	417	99	96		46.8
390	9	La5	A5	358	358	1	8	417	99	96		46.9
391	9	Sol5	G5	349	349	1	8	417	99	96		47
392	9	Fa5	F5	340	340	1	8	417	95	96		47.1
393	9	Mi5	E5	336	336	1	4	833	99	96	me 	47.3
394	9	Re5	D5	327	327	1	8	417	95	96		47.4
395	9	Re5	D5	327	327	1	8	417	99	96	ya	47.5
396	9	Do5	C5	318	318	1	8	417	95	96		47.6
397	9	Do5	C5	318	318	1	8	417	99	96	zýk	47.7
398	9	Si4b1	B4b1	313	313	1	8	417	99	96		47.8
399	9	Re5	D5	327	327	1	8	417	99	96		47.9
400	9	Si4b1	B4b1	313	313	1	8	417	99	96		48
401	9	La4	A4	305	305	1	8	417	99	96		48.1
402	9	La4	A4	305	305	7	8	2916	99	96		48.8
403	9	Re5	D5	327	327	1	4	833	95	96		49
404	9			-1	-1	1	8	417	100	0		49.1
405	9	Sol4	G4	296	296	3	8	1250	95	96	sen 	49.4
406	9	Sol4	G4	296	296	1	4	833	95	96	de 	49.6
407	9	Sol4	G4	296	296	1	4	833	95	96	so	49.8
408	9	Sol5	G5	349	349	1	4	833	95	96	lar 	50
409	9	La5	A5	358	358	1	8	417	101	96		50.1
410	9	La5	A5	358	358	1	16	208	99	96	sen 	50.15
411	9	Sol5	G5	349	349	1	16	208	99	96		50.2
412	9	Fa5#4	F5#4	344	344	1	16	208	99	96		50.25
413	9	Mi5	E5	336	336	1	16	208	99	96		50.3
414	9	Re5	D5	327	327	1	8	417	95	96		50.4
415	9	Re5	D5	327	327	1	8	417	99	96	de 	50.5
416	9	Do5	C5	318	318	1	8	417	95	96		50.6
417	9	Do5	C5	318	318	1	8	417	99	96	çü	50.7
418	9	Si4b1	B4b1	313	313	1	8	417	95	96		50.8
419	9	Si4b1	B4b1	313	313	3	16	625	99	96	rür	50.95
420	9	La4	A4	305	305	1	16	208	95	96		51
421	9	Sol4	G4	296	296	1	8	417	95	96	sün  	51.1
422	9	Sol4	G4	296	296	5	4	4166	95	96		52.1
