Sira	Kod	Nota53	NotaAE	Koma53	KomaAE	Pay	Payda	Ms	LNS	Bas	Soz1	Offset
1	9	Do5	C5	318	318	1	16	147	95	96	ARANAÐME	5.555556E-02
2	9	Si4b1	B4b1	313	313	1	16	147	95	96	.	0.1111111
3	9	La4#4	A4#4	309	309	1	8	294	95	96	.	0.2222222
4	9	Si4b1	B4b1	313	313	1	8	294	95	96	.	0.3333333
5	9	Do5	C5	318	318	1	8	294	95	96	.	0.4444444
6	9	La4#4	A4#4	309	309	1	8	294	95	96	.	0.5555556
7	9	Si4b1	B4b1	313	313	1	8	294	95	96	.	0.6666667
8	9	Sol4	G4	296	296	1	8	294	95	96	.	0.7777778
9	9	Fa4#4	F4#4	291	291	1	8	294	95	96	.	0.8888889
10	9	Sol4	G4	296	296	1	8	294	95	96	.	1
11	9	La4#4	A4#4	309	309	1	8	294	95	96	.	1.111111
12	9	Sol4	G4	296	296	1	16	147	95	96	.	1.166667
13	9	La4#4	A4#4	309	309	1	16	147	95	96	.	1.222222
14	9	Si4b1	B4b1	313	313	1	8	294	95	96	.	1.333333
15	9	La4#4	A4#4	309	309	1	16	147	95	96	.	1.388889
16	9	Si4b1	B4b1	313	313	1	16	147	95	96	.	1.444444
17	9	Do5	C5	318	318	1	8	294	95	96	.	1.555556
18	9	Si4b1	B4b1	313	313	1	16	147	95	96	.	1.611111
19	9	Do5	C5	318	318	1	16	147	95	96	.	1.666667
20	9	Re5	D5	327	327	3	8	882	95	96	.	2
21	9	Sol5	G5	349	349	3	16	441	95	96	.	2.166667
22	9	Fa5	F5	340	340	1	16	147	95	96	.	2.222222
23	9	Fa5	F5	340	340	3	16	441	95	96	.	2.388889
24	9	Mi5b1	E5b1	335	335	1	16	147	95	96	.	2.444444
25	9	Mi5b1	E5b1	335	335	3	16	441	95	96	.	2.611111
26	9	Re5	D5	327	327	1	16	147	95	96	.	2.666667
27	9	Re5	D5	327	327	1	16	147	95	96	.	2.722222
28	9	Mi5b1	E5b1	335	335	1	16	147	95	96	.	2.777778
29	9	Re5	D5	327	327	1	16	147	95	96	.	2.833333
30	9	Do5	C5	318	318	1	16	147	95	96	.	2.888889
31	9	Si4b1	B4b1	313	313	1	16	147	95	96	.	2.944444
32	9	La4#4	A4#4	309	309	1	16	147	95	96	.	3
33	9	Si4b1	B4b1	313	313	1	16	147	95	96	.	3.055556
34	9	Do5	C5	318	318	1	16	147	95	96	.	3.111111
35	9	Re5	D5	327	327	1	16	147	95	96	.	3.166667
36	9	Mi5b1	E5b1	335	335	1	16	147	95	96	.	3.222222
37	9	Fa5	F5	340	340	1	8	294	95	96	.	3.333333
38	9	Mi5b1	E5b1	335	335	1	16	147	95	96	.	3.388889
39	9	Re5	D5	327	327	1	16	147	95	96	.	3.444444
40	9	Re5	D5	327	327	1	16	147	95	96	.	3.5
41	9	Do5	C5	318	318	1	16	147	95	96	.	3.555556
42	9	Do5	C5	318	318	1	16	147	95	96	.	3.611111
43	11	Si4b1	B4b1	313	313	1	16	147	95	96	.	3.666667
44	9	Si4b1	B4b1	313	313	3	8	882	95	96	.	4
45	52			0	0	1	8	0	127	77		4.111111
46	9	Do5	C5	318	318	1	16	147	95	96	ARANAÐME	4.166667
47	9	Si4b1	B4b1	313	313	1	16	147	95	96	.	4.222222
48	9	La4#4	A4#4	309	309	1	8	294	95	96	.	4.333333
49	9	Si4b1	B4b1	313	313	1	8	294	95	96	.	4.444445
50	9	Do5	C5	318	318	1	8	294	95	96	.	4.555555
51	9	La4#4	A4#4	309	309	1	8	294	95	96	.	4.666667
52	9	Si4b1	B4b1	313	313	1	8	294	95	96	.	4.777778
53	9	Sol4	G4	296	296	1	8	294	95	96	.	4.888889
54	9	Fa4#4	F4#4	291	291	1	8	294	95	96	.	5
55	9	Sol4	G4	296	296	1	8	294	95	96	.	5.111111
56	9	La4#4	A4#4	309	309	1	8	294	95	96	.	5.222222
57	9	Sol4	G4	296	296	1	16	147	95	96	.	5.277778
58	9	La4#4	A4#4	309	309	1	16	147	95	96	.	5.333333
59	9	Si4b1	B4b1	313	313	1	8	294	95	96	.	5.444445
60	9	La4#4	A4#4	309	309	1	16	147	95	96	.	5.5
61	9	Si4b1	B4b1	313	313	1	16	147	95	96	.	5.555555
62	9	Do5	C5	318	318	1	8	294	95	96	.	5.666667
63	9	Si4b1	B4b1	313	313	1	16	147	95	96	.	5.722222
64	9	Do5	C5	318	318	1	16	147	95	96	.	5.777778
65	9	Re5	D5	327	327	3	8	882	95	96	.	6.111111
66	9	Sol5	G5	349	349	3	16	441	95	96	.	6.277778
67	9	Fa5	F5	340	340	1	16	147	95	96	.	6.333333
68	9	Fa5	F5	340	340	3	16	441	95	96	.	6.5
69	9	Mi5b1	E5b1	335	335	1	16	147	95	96	.	6.555555
70	9	Mi5b1	E5b1	335	335	3	16	441	95	96	.	6.722222
71	9	Re5	D5	327	327	1	16	147	95	96	.	6.777778
72	9	Re5	D5	327	327	1	16	147	95	96	.	6.833333
73	9	Mi5b1	E5b1	335	335	1	16	147	95	96	.	6.888889
74	9	Re5	D5	327	327	1	16	147	95	96	.	6.944445
75	9	Do5	C5	318	318	1	16	147	95	96	.	7
76	9	Si4b1	B4b1	313	313	1	16	147	95	96	.	7.055555
77	9	La4#4	A4#4	309	309	1	16	147	95	96	.	7.111111
78	9	Si4b1	B4b1	313	313	1	16	147	95	96	.	7.166667
79	9	Do5	C5	318	318	1	16	147	95	96	.	7.222222
80	9	Re5	D5	327	327	1	16	147	95	96	.	7.277778
81	9	Mi5b1	E5b1	335	335	1	16	147	95	96	.	7.333333
82	9	Fa5	F5	340	340	1	8	294	95	96	.	7.444445
83	9	Mi5b1	E5b1	335	335	1	16	147	95	96	.	7.5
84	9	Re5	D5	327	327	1	16	147	95	96	.	7.555555
85	9	Re5	D5	327	327	1	16	147	95	96	.	7.611111
86	9	Do5	C5	318	318	1	16	147	95	96	.	7.666667
87	9	Do5	C5	318	318	1	16	147	95	96	.	7.722222
88	9	Si4b1	B4b1	313	313	1	16	147	95	96	.	7.777778
89	9	Si4b1	B4b1	313	313	3	16	441	95	96	.	7.944445
90	9	Do5	C5	318	318	1	16	147	95	96	.	8
91	9	La4#4	A4#4	309	309	1	16	147	95	96	.	8.055555
92	9	Do5	C5	318	318	1	16	147	95	96	.	8.111111
93	9	Si4b1	B4b1	313	313	1	4	588	95	96	.	8.333333
94	9	Si4b1	B4b1	313	313	1	8	294	95	96	Be	8.444445
95	9	Si4b1	B4b1	313	313	1	8	294	95	96	nim 	8.555555
96	9	Si4b1	B4b1	313	313	1	4	588	95	96	sen 	8.777778
97	9	Si4b1	B4b1	313	313	3	8	882	95	96	nem	9.111111
98	9	Si4b1	B4b1	313	313	1	4	588	95	96	sin 	9.333333
99	9	Si4b1	B4b1	313	313	1	4	588	95	96	ey 	9.555555
100	9	Do5	C5	318	318	1	4	588	95	96	dil	9.777778
101	9	Re5	D5	327	327	1	4	588	99	96	ber  	10
102	9	Mi5b1	E5b1	335	335	1	16	147	99	96		10.05556
103	11	Re5	D5	327	327	1	16	147	99	96		10.11111
104	9	Re5	D5	327	327	3	16	441	99	96		10.27778
105	9	Do5	C5	318	318	1	16	147	95	96		10.33333
106	9	Si4b1	B4b1	313	313	1	8	294	95	96	Be	10.44444
107	9	Si4b1	B4b1	313	313	1	8	294	95	96	nim 	10.55556
108	9	Si4b1	B4b1	313	313	1	4	588	95	96	sen 	10.77778
109	9	Si4b1	B4b1	313	313	3	8	882	95	96	nem	11.11111
110	9	Si4b1	B4b1	313	313	1	4	588	95	96	sin 	11.33333
111	9	Si4b1	B4b1	313	313	1	4	588	95	96	ey 	11.55556
112	9	Do5	C5	318	318	1	4	588	95	96	dil	11.77778
113	9	Re5	D5	327	327	1	4	588	99	96	ber  	12
114	9	Mi5b1	E5b1	335	335	1	16	147	99	96		12.05556
115	11	Re5	D5	327	327	1	16	147	99	96		12.11111
116	9	Re5	D5	327	327	1	8	294	95	96		12.22222
117	9			-1	-1	1	8	294	100	0		12.33333
118	9	Sol5	G5	349	349	1	8	294	95	96	De	12.44444
119	9	Sol5	G5	349	349	1	16	147	99	96	li 	12.5
120	9	Fa5	F5	340	340	1	16	147	95	96		12.55556
121	9	Fa5	F5	340	340	3	16	441	99	96	gön	12.72222
122	9	Mi5b1	E5b1	335	335	1	16	147	95	96		12.77778
123	9	Mi5b1	E5b1	335	335	1	4	588	99	96	lüm 	13
124	9	Re5	D5	327	327	1	8	294	95	96		13.11111
125	9	Re5	D5	327	327	1	8	294	95	96	se	13.22222
126	9	Mi5b1	E5b1	335	335	1	4	588	99	96	ni 	13.44444
127	9	Re5	D5	327	327	1	8	294	95	96		13.55556
128	9	Re5	D5	327	327	3	16	441	99	96	is	13.72222
129	9	Do5	C5	318	318	1	16	147	95	96		13.77778
130	9	Si4b1	B4b1	313	313	1	4	588	95	96	ter  	14
131	9	Do5	C5	318	318	1	8	294	95	96	Yâr 	14.11111
132	9	Re5	D5	327	327	2	4	1176	95	96	ey 	14.55556
133	9	Sol4	G4	296	296	1	16	147	95	96	SAZ	14.61111
134	9	La4	A4	305	305	1	16	147	95	96	.	14.66667
135	9	Si4b1	B4b1	313	313	1	16	147	95	96	.	14.72222
136	9	Do5	C5	318	318	1	16	147	95	96	.	14.77778
137	9	Re5	D5	327	327	1	8	294	95	96	.	14.88889
138	9			-1	-1	1	4	588	100	0		15.11111
139	9	Re5	D5	327	327	1	8	294	99	96	yâr 	15.22222
140	9	Do5	C5	318	318	1	16	147	99	96		15.27778
141	9	Re5	D5	327	327	1	16	147	99	96		15.33333
142	9	Mi5b1	E5b1	335	335	3	16	441	99	96		15.5
143	9	Re5	D5	327	327	1	16	147	99	96		15.55556
144	9	Re5	D5	327	327	1	8	294	99	96		15.66667
145	9	Do5	C5	318	318	1	16	147	99	96		15.72222
146	9	Re5	D5	327	327	1	16	147	99	96		15.77778
147	9	Mi5b1	E5b1	335	335	1	4	588	99	96		16
148	9	Re5	D5	327	327	1	8	294	95	96		16.11111
149	9			-1	-1	1	8	294	100	0		16.22222
150	9	Sol5	G5	349	349	1	8	294	99	96	yâr 	16.33333
151	9	Fa5	F5	340	340	1	8	294	99	96		16.44444
152	9	Mi5b1	E5b1	335	335	1	8	294	99	96		16.55556
153	9	Re5	D5	327	327	1	8	294	99	96		16.66667
154	9	Do5	C5	318	318	1	8	294	99	96		16.77778
155	9	Re5	D5	327	327	1	8	294	99	96		16.88889
156	9	Do5	C5	318	318	1	8	294	95	96		17
157	9	Do5	C5	318	318	1	16	147	99	96	a	17.05556
158	11	Si4b1	B4b1	313	313	1	16	147	95	96		17.11111
159	9	Si4b1	B4b1	313	313	1	4	588	95	96	man  	17.33333
160	9			-1	-1	1	8	294	100	0		17.44444
161	9	Si4b1	B4b1	313	313	1	16	147	95	96	SAZ	17.5
162	9	Do5	C5	318	318	1	16	147	95	96	.	17.55556
163	9	Si4b1	B4b1	313	313	1	16	147	95	96	.	17.61111
164	9	La4#3	A4#4	308	309	1	16	147	95	96	.	17.66667
165	9	Sol4	G4	296	296	1	16	147	95	96	.	17.72222
166	9	La4#3	A4#4	308	309	1	16	147	95	96	.	17.77778
167	9	Si4b1	B4b1	313	313	3	16	441	95	96	.	17.94444
168	9	Do5	C5	318	318	1	16	147	95	96	.	18
169	9	Si4b1	B4b1	313	313	1	16	147	95	96	.	18.05556
170	9	Do5	C5	318	318	1	16	147	95	96	.	18.11111
171	9	Re5	D5	327	327	1	4	588	95	96	.	18.33333
172	9	Re5	D5	327	327	1	8	294	95	96	De	18.44444
173	9	Do5	C5	318	318	1	16	147	99	96	li 	18.5
174	9	Si4b1	B4b1	313	313	1	16	147	95	96		18.55556
175	9	Do5	C5	318	318	1	8	294	99	96	gön	18.66667
176	9	Si4b2	B4b1	312	313	1	16	147	99	96		18.72222
177	9	La4	A4	305	305	1	16	147	95	96		18.77778
178	9	La4	A4	305	305	1	4	588	99	96	lüm 	19
179	9	Si4b2	B4b1	312	313	1	8	294	95	96		19.11111
180	9	Sol4	G4	296	296	1	8	294	95	96	se	19.22222
181	9	Sol5	G5	349	349	1	8	294	99	96	ni 	19.33333
182	9	Fa5	F5	340	340	1	8	294	99	96		19.44444
183	9	Mi5b1	E5b1	335	335	1	8	294	95	96		19.55556
184	9	Re5	D5	327	327	1	8	294	99	96	is	19.66667
185	9	Do5	C5	318	318	1	8	294	99	96		19.77778
186	7	Re5	D5	327	327	1	8	294	99	96		19.88889
187	9	Do5	C5	318	318	1	16	147	99	96		19.94444
188	9	Do5	C5	318	318	1	16	147	99	96		20
189	9	Do5	C5	318	318	1	16	147	99	96		20.05556
190	11	Si4b1	B4b1	313	313	1	16	147	95	96		20.11111
191	9	Si4b1	B4b1	313	313	3	8	882	95	96	ter  	20.44444
192	9	La5	A5	358	358	1	16	147	95	96	SAZ	20.5
193	9	Sol5	G5	349	349	1	16	147	95	96	.	20.55556
194	9	Sol5	G5	349	349	1	16	147	95	96	.	20.61111
195	9	Fa5#4	F5#4	344	344	1	16	147	95	96	.	20.66667
196	9	Fa5#4	F5#4	344	344	1	16	147	95	96	.	20.72222
197	9	Mi5#3	E5#4	339	340	1	16	147	95	96	.	20.77778
198	9	Fa5#4	F5#4	344	344	3	16	441	95	96	.	20.94444
199	9	Sol5	G5	349	349	1	16	147	95	96	.	21
200	9	Mi5#3	E5#4	339	340	1	16	147	95	96	.	21.05556
201	9	Sol5	G5	349	349	1	16	147	95	96	.	21.11111
202	9	Fa5#4	F5#4	344	344	1	4	588	95	96	.	21.33333
203	9	Fa5#4	F5#4	344	344	1	8	294	95	96	Zan	21.44444
204	9	Fa5#4	F5#4	344	344	1	8	294	95	96	ne	21.55556
205	9	Fa5#4	F5#4	344	344	1	4	588	95	96	der	21.77778
206	9	Fa5#4	F5#4	344	344	1	4	588	95	96	ler 	22
207	9			-1	-1	1	8	294	100	0		22.11111
208	9	Mi5#3	E5#4	339	340	1	8	294	99	96	et	22.22222
209	9	Fa5#4	F5#4	344	344	1	8	294	99	96		22.33333
210	9	Sol5	G5	349	349	1	8	294	95	96		22.44444
211	9	La5	A5	358	358	1	8	294	95	96	miþ 	22.55556
212	9	Sol5	G5	349	349	1	8	294	99	96	ez	22.66667
213	9	Fa5#4	F5#4	344	344	1	8	294	95	96		22.77778
214	9	Sol5	G5	349	349	1	4	588	99	96	ber  	23
215	9	Fa5#4	F5#4	344	344	1	16	147	99	96		23.05556
216	9	Mi5	E5	336	336	1	16	147	99	96		23.11111
217	9	Re5	D5	327	327	1	4	588	95	96		23.33333
218	9	Fa5#4	F5#4	344	344	1	8	294	95	96	Zan	23.44444
219	9	Fa5#4	F5#4	344	344	1	8	294	95	96	ne	23.55556
220	9	Fa5#4	F5#4	344	344	1	4	588	95	96	der	23.77778
221	9	Fa5#4	F5#4	344	344	1	4	588	95	96	ler 	24
222	9			-1	-1	1	8	294	100	0		24.11111
223	9	Mi5#3	E5#4	339	340	1	8	294	99	96	et	24.22222
224	9	Fa5#4	F5#4	344	344	1	8	294	99	96		24.33333
225	9	Sol5	G5	349	349	1	8	294	95	96		24.44444
226	9	La5	A5	358	358	1	8	294	95	96	miþ 	24.55556
227	9	Sol5	G5	349	349	1	8	294	99	96	ez	24.66667
228	9	Fa5#4	F5#4	344	344	1	8	294	95	96		24.77778
229	9	Sol5	G5	349	349	1	4	588	99	96	ber  	25
230	9	Fa5#4	F5#4	344	344	1	16	147	99	96		25.05556
231	9	Mi5	E5	336	336	1	16	147	99	96		25.11111
232	9	Re5	D5	327	327	1	4	588	95	96		25.33333
233	9	Sol5	G5	349	349	1	8	294	95	96	Se	25.44444
234	9	Sol5	G5	349	349	1	16	147	99	96	ni 	25.5
235	9	Fa5	F5	340	340	1	16	147	95	96		25.55556
236	9	Fa5	F5	340	340	1	8	294	99	96	söy	25.66667
237	9	Mi5b1	E5b1	335	335	1	8	294	95	96		25.77778
238	9	Mi5b1	E5b1	335	335	1	4	588	99	96	ler 	26
239	9	Re5	D5	327	327	1	8	294	95	96		26.11111
240	9	Re5	D5	327	327	1	8	294	95	96	se	26.22222
241	9	Mi5b1	E5b1	335	335	1	4	588	99	96	ni 	26.44444
242	9	Re5	D5	327	327	1	8	294	95	96		26.55556
243	9	Re5	D5	327	327	3	16	441	99	96	is	26.72222
244	9	Do5	C5	318	318	1	16	147	95	96		26.77778
245	9	Si4b1	B4b1	313	313	1	4	588	95	96	ter  	27
246	9	Do5	C5	318	318	1	8	294	95	96	Yâr 	27.11111
247	9	Re5	D5	327	327	2	4	1176	95	96	ey 	27.55556
248	9	Sol4	G4	296	296	1	16	147	95	96	SAZ	27.61111
249	9	La4	A4	305	305	1	16	147	95	96	.	27.66667
250	9	Si4b1	B4b1	313	313	1	16	147	95	96	.	27.72222
251	9	Do5	C5	318	318	1	16	147	95	96	.	27.77778
252	9	Re5	D5	327	327	1	8	294	95	96	.	27.88889
253	9			-1	-1	1	4	588	100	0		28.11111
254	9	Re5	D5	327	327	1	8	294	99	96	yâr 	28.22222
255	9	Do5	C5	318	318	1	16	147	99	96		28.27778
256	9	Re5	D5	327	327	1	16	147	99	96		28.33333
257	9	Mi5b1	E5b1	335	335	3	16	441	99	96		28.5
258	9	Re5	D5	327	327	1	16	147	99	96		28.55556
259	9	Re5	D5	327	327	1	8	294	99	96		28.66667
260	9	Do5	C5	318	318	1	16	147	99	96		28.72222
261	9	Re5	D5	327	327	1	16	147	99	96		28.77778
262	9	Mi5b1	E5b1	335	335	1	4	588	99	96		29
263	9	Re5	D5	327	327	1	8	294	95	96		29.11111
264	9			-1	-1	1	8	294	100	0		29.22222
265	9	Sol5	G5	349	349	1	8	294	99	96	yâr 	29.33333
266	9	Fa5	F5	340	340	1	8	294	99	96		29.44444
267	9	Mi5b1	E5b1	335	335	1	8	294	99	96		29.55556
268	9	Re5	D5	327	327	1	8	294	99	96		29.66667
269	9	Do5	C5	318	318	1	8	294	99	96		29.77778
270	12	Re5	D5	327	327	1	8	294	99	96		29.88889
271	12	Do5	C5	318	318	1	8	294	95	90		30
272	9	Do5	C5	318	318	1	16	147	99	90	a	30.05556
273	11	Si4b1	B4b1	313	313	1	16	147	95	93		30.11111
274	9	Si4b1	B4b1	313	313	3	8	882	95	96	man  	30.44444
275	9	Si4b1	B4b1	313	313	1	16	147	95	96	SAZ	30.5
276	9	Do5	C5	318	318	1	16	147	95	96	.	30.55556
277	9	Si4b1	B4b1	313	313	1	16	147	95	96	.	30.61111
278	9	La4#3	A4#4	308	309	1	16	147	95	96	.	30.66667
279	9	Sol4	G4	296	296	1	16	147	95	96	.	30.72222
280	9	La4#3	A4#4	308	309	1	16	147	95	96	.	30.77778
281	9	Si4b1	B4b1	313	313	3	16	441	95	96	.	30.94444
282	9	Do5	C5	318	318	1	16	147	95	96	.	31
283	9	Si4b1	B4b1	313	313	1	16	147	95	96	.	31.05556
284	9	Do5	C5	318	318	1	16	147	95	96	.	31.11111
285	9	Re5	D5	327	327	1	4	588	95	96	.	31.33333
286	9	Re5	D5	327	327	1	8	294	95	96	De	31.44444
287	9	Do5	C5	318	318	1	16	147	99	96	li 	31.5
288	9	Si4b1	B4b1	313	313	1	16	147	95	96		31.55556
289	7	Do5	C5	318	318	1	8	294	99	96	gön	31.66667
290	9	Si4b2	B4b1	312	313	1	16	147	99	96		31.72222
291	9	La4	A4	305	305	1	16	147	95	96		31.77778
292	9	La4	A4	305	305	1	4	588	99	96	lüm 	32
293	9	Si4b2	B4b1	312	313	1	8	294	95	96		32.11111
294	9	Sol4	G4	296	296	1	8	294	95	96	se	32.22222
295	9	Sol5	G5	349	349	1	8	294	99	96	ni 	32.33333
296	9	Fa5	F5	340	340	1	8	294	99	96		32.44444
297	9	Mi5b1	E5b1	335	335	1	8	294	95	96		32.55556
298	9	Re5	D5	327	327	1	8	294	99	96	is	32.66667
299	9	Do5	C5	318	318	1	8	294	99	96		32.77778
300	11	Re5	D5	327	327	1	16	147	99	96		32.83333
301	11	Re5	D5	327	327	1	16	147	99	96		32.88889
302	11	Do5	C5	318	318	1	16	147	99	96		32.94444
303	11	Do5	C5	318	318	1	16	147	99	96		33
304	9	Do5	C5	318	318	1	16	147	99	96		33.05556
305	11	Si4b1	B4b1	313	313	1	16	147	95	96		33.11111
306	9	Si4b1	B4b1	313	313	3	8	882	95	96	ter  	33.44444
307	9	Si4b1	B4b1	313	313	1	16	147	95	96	SAZ	33.5
308	9	Do5	C5	318	318	1	16	147	95	96	.	33.55556
309	9	Si4b1	B4b1	313	313	1	16	147	95	96	.	33.61111
310	9	La4#3	A4#4	308	309	1	16	147	95	96	.	33.66667
311	9	Sol4	G4	296	296	1	16	147	95	96	.	33.72222
312	9	La4#3	A4#4	308	309	1	16	147	95	96	.	33.77778
313	9	Si4b1	B4b1	313	313	3	8	882	95	96	.	34.11111
314	9	Do5	C5	318	318	1	16	147	95	96	ARANAÐME	34.16667
315	9	Si4b1	B4b1	313	313	1	16	147	95	96	.	34.22222
316	9	La4#4	A4#4	309	309	1	8	294	95	96	.	34.33333
317	9	Si4b1	B4b1	313	313	1	8	294	95	96	.	34.44444
318	9	Do5	C5	318	318	1	8	294	95	96	.	34.55556
319	9	La4#4	A4#4	309	309	1	8	294	95	96	.	34.66667
320	9	Si4b1	B4b1	313	313	1	8	294	95	96	.	34.77778
321	9	Sol4	G4	296	296	1	8	294	95	96	.	34.88889
322	9	Fa4#4	F4#4	291	291	1	8	294	95	96	.	35
323	9	Sol4	G4	296	296	1	8	294	95	96	.	35.11111
324	9	La4#4	A4#4	309	309	1	8	294	95	96	.	35.22222
325	9	Sol4	G4	296	296	1	16	147	95	96	.	35.27778
326	9	La4#4	A4#4	309	309	1	16	147	95	96	.	35.33333
327	9	Si4b1	B4b1	313	313	1	8	294	95	96	.	35.44444
328	9	La4#4	A4#4	309	309	1	16	147	95	96	.	35.5
329	9	Si4b1	B4b1	313	313	1	16	147	95	96	.	35.55556
330	9	Do5	C5	318	318	1	8	294	95	96	.	35.66667
331	9	Si4b1	B4b1	313	313	1	16	147	95	96	.	35.72222
332	9	Do5	C5	318	318	1	16	147	95	96	.	35.77778
333	9	Re5	D5	327	327	3	8	882	95	96	.	36.11111
334	9	Sol5	G5	349	349	3	16	441	95	96	.	36.27778
335	9	Fa5	F5	340	340	1	16	147	95	96	.	36.33333
336	9	Fa5	F5	340	340	3	16	441	95	96	.	36.5
337	9	Mi5b1	E5b1	335	335	1	16	147	95	96	.	36.55556
338	9	Mi5b1	E5b1	335	335	3	16	441	95	96	.	36.72222
339	9	Re5	D5	327	327	1	16	147	95	96	.	36.77778
340	9	Re5	D5	327	327	1	16	147	95	96	.	36.83333
341	9	Mi5b1	E5b1	335	335	1	16	147	95	96	.	36.88889
342	9	Re5	D5	327	327	1	16	147	95	96	.	36.94444
343	9	Do5	C5	318	318	1	16	147	95	96	.	37
344	9	Si4b1	B4b1	313	313	1	16	147	95	96	.	37.05556
345	9	La4#4	A4#4	309	309	1	16	147	95	96	.	37.11111
346	9	Si4b1	B4b1	313	313	1	16	147	95	96	.	37.16667
347	9	Do5	C5	318	318	1	16	147	95	96	.	37.22222
348	9	Re5	D5	327	327	1	16	147	95	96	.	37.27778
349	9	Mi5b1	E5b1	335	335	1	16	147	95	96	.	37.33333
350	9	Fa5	F5	340	340	1	8	294	95	96	.	37.44444
351	9	Mi5b1	E5b1	335	335	1	16	147	95	96	.	37.5
352	9	Re5	D5	327	327	1	16	147	95	96	.	37.55556
353	9	Re5	D5	327	327	1	16	147	95	96	.	37.61111
354	9	Do5	C5	318	318	1	16	147	95	96	.	37.66667
355	9	Do5	C5	318	318	1	16	147	95	96	.	37.72222
356	11	Si4b1	B4b1	313	313	1	16	147	95	96	.	37.77778
357	9	Si4b1	B4b1	313	313	3	8	882	95	96	.	38.11111
358	9	Do5	C5	318	318	1	16	147	95	96	ARANAÐME	38.16667
359	9	Si4b1	B4b1	313	313	1	16	147	95	96	.	38.22222
360	9	La4#4	A4#4	309	309	1	8	294	95	96	.	38.33333
361	9	Si4b1	B4b1	313	313	1	8	294	95	96	.	38.44444
362	9	Do5	C5	318	318	1	8	294	95	96	.	38.55556
363	9	La4#4	A4#4	309	309	1	8	294	95	96	.	38.66667
364	9	Si4b1	B4b1	313	313	1	8	294	95	96	.	38.77778
365	9	Sol4	G4	296	296	1	8	294	95	96	.	38.88889
366	9	Fa4#4	F4#4	291	291	1	8	294	95	96	.	39
367	9	Sol4	G4	296	296	1	8	294	95	96	.	39.11111
368	9	La4#4	A4#4	309	309	1	8	294	95	96	.	39.22222
369	9	Sol4	G4	296	296	1	16	147	95	96	.	39.27778
370	9	La4#4	A4#4	309	309	1	16	147	95	96	.	39.33333
371	9	Si4b1	B4b1	313	313	1	8	294	95	96	.	39.44444
372	9	La4#4	A4#4	309	309	1	16	147	95	96	.	39.5
373	9	Si4b1	B4b1	313	313	1	16	147	95	96	.	39.55556
374	9	Do5	C5	318	318	1	8	294	95	96	.	39.66667
375	9	Si4b1	B4b1	313	313	1	16	147	95	96	.	39.72222
376	9	Do5	C5	318	318	1	16	147	95	96	.	39.77778
377	9	Re5	D5	327	327	3	8	882	95	96	.	40.11111
378	9	Sol5	G5	349	349	3	16	441	95	96	.	40.27778
379	9	Fa5	F5	340	340	1	16	147	95	96	.	40.33333
380	9	Fa5	F5	340	340	3	16	441	95	96	.	40.5
381	9	Mi5b1	E5b1	335	335	1	16	147	95	96	.	40.55556
382	9	Mi5b1	E5b1	335	335	3	16	441	95	96	.	40.72222
383	9	Re5	D5	327	327	1	16	147	95	96	.	40.77778
384	9	Re5	D5	327	327	1	16	147	95	96	.	40.83333
385	9	Mi5b1	E5b1	335	335	1	16	147	95	96	.	40.88889
386	9	Re5	D5	327	327	1	16	147	95	96	.	40.94444
387	9	Do5	C5	318	318	1	16	147	95	96	.	41
388	9	Si4b1	B4b1	313	313	1	16	147	95	96	.	41.05556
389	9	La4#4	A4#4	309	309	1	16	147	95	96	.	41.11111
390	9	Si4b1	B4b1	313	313	1	16	147	95	96	.	41.16667
391	9	Do5	C5	318	318	1	16	147	95	96	.	41.22222
392	9	Re5	D5	327	327	1	16	147	95	96	.	41.27778
393	9	Mi5b1	E5b1	335	335	1	16	147	95	96	.	41.33333
394	9	Fa5	F5	340	340	1	8	294	95	96	.	41.44444
395	9	Mi5b1	E5b1	335	335	1	16	147	95	96	.	41.5
396	9	Re5	D5	327	327	1	16	147	95	96	.	41.55556
397	9	Re5	D5	327	327	1	16	147	95	96	.	41.61111
398	9	Do5	C5	318	318	1	16	147	95	96	.	41.66667
399	9	Do5	C5	318	318	1	16	147	95	96	.	41.72222
400	9	Si4b1	B4b1	313	313	1	16	147	95	96	.	41.77778
401	9	Si4b1	B4b1	313	313	3	16	441	95	96	.	41.94444
402	9	Do5	C5	318	318	1	16	147	95	96	.	42
403	9	La4#4	A4#4	309	309	1	16	147	95	96	.	42.05556
404	9	Do5	C5	318	318	1	16	147	95	96	.	42.11111
405	9	Si4b1	B4b1	313	313	1	4	588	95	96	.	42.33333
406	9	Si4b1	B4b1	313	313	1	8	294	95	96	Be	42.44444
407	9	Si4b1	B4b1	313	313	1	8	294	95	96	nim 	42.55556
408	9	Si4b1	B4b1	313	313	1	4	588	95	96	sen 	42.77778
409	9	Si4b1	B4b1	313	313	3	8	882	95	96	nem	43.11111
410	9	Si4b1	B4b1	313	313	1	4	588	95	96	sin 	43.33333
411	9	Si4b1	B4b1	313	313	1	4	588	95	96	ey 	43.55556
412	9	Do5	C5	318	318	1	4	588	95	96	dil	43.77778
413	9	Re5	D5	327	327	1	4	588	99	96	ber  	44
414	9	Mi5b1	E5b1	335	335	1	16	147	99	96		44.05556
415	11	Re5	D5	327	327	1	16	147	99	96		44.11111
416	9	Re5	D5	327	327	3	16	441	99	96		44.27778
417	9	Do5	C5	318	318	1	16	147	95	96		44.33333
418	9	Si4b1	B4b1	313	313	1	8	294	95	96	Be	44.44444
419	9	Si4b1	B4b1	313	313	1	8	294	95	96	nim 	44.55556
420	9	Si4b1	B4b1	313	313	1	4	588	95	96	sen 	44.77778
421	9	Si4b1	B4b1	313	313	3	8	882	95	96	nem	45.11111
422	9	Si4b1	B4b1	313	313	1	4	588	95	96	sin 	45.33333
423	9	Si4b1	B4b1	313	313	1	4	588	95	96	ey 	45.55556
424	9	Do5	C5	318	318	1	4	588	95	96	dil	45.77778
425	9	Re5	D5	327	327	1	4	588	99	96	ber  	46
426	9	Mi5b1	E5b1	335	335	1	16	147	99	96		46.05556
427	11	Re5	D5	327	327	1	16	147	99	96		46.11111
428	9	Re5	D5	327	327	1	8	294	95	96		46.22222
429	9			-1	-1	1	8	294	100	0		46.33333
430	9	Sol5	G5	349	349	1	8	294	95	96	De	46.44444
431	9	Sol5	G5	349	349	1	16	147	99	96	li 	46.5
432	9	Fa5	F5	340	340	1	16	147	95	96		46.55556
433	9	Fa5	F5	340	340	3	16	441	99	96	gön	46.72222
434	9	Mi5b1	E5b1	335	335	1	16	147	95	96		46.77778
435	9	Mi5b1	E5b1	335	335	1	4	588	99	96	lüm 	47
436	9	Re5	D5	327	327	1	8	294	95	96		47.11111
437	9	Re5	D5	327	327	1	8	294	95	96	se	47.22222
438	9	Mi5b1	E5b1	335	335	1	4	588	99	96	ni 	47.44444
439	9	Re5	D5	327	327	1	8	294	95	96		47.55556
440	9	Re5	D5	327	327	3	16	441	99	96	is	47.72222
441	9	Do5	C5	318	318	1	16	147	95	96		47.77778
442	9	Si4b1	B4b1	313	313	1	4	588	95	96	ter  	48
443	9	Do5	C5	318	318	1	8	294	95	96	Yâr 	48.11111
444	9	Re5	D5	327	327	2	4	1176	95	96	ey 	48.55556
445	9	Sol4	G4	296	296	1	16	147	95	96	SAZ	48.61111
446	9	La4	A4	305	305	1	16	147	95	96	.	48.66667
447	9	Si4b1	B4b1	313	313	1	16	147	95	96	.	48.72222
448	9	Do5	C5	318	318	1	16	147	95	96	.	48.77778
449	9	Re5	D5	327	327	1	8	294	95	96	.	48.88889
450	9			-1	-1	1	4	588	100	0		49.11111
451	9	Re5	D5	327	327	1	8	294	99	96	yâr 	49.22222
452	9	Do5	C5	318	318	1	16	147	99	96		49.27778
453	9	Re5	D5	327	327	1	16	147	99	96		49.33333
454	9	Mi5b1	E5b1	335	335	3	16	441	99	96		49.5
455	9	Re5	D5	327	327	1	16	147	99	96		49.55556
456	9	Re5	D5	327	327	1	8	294	99	96		49.66667
457	9	Do5	C5	318	318	1	16	147	99	96		49.72222
458	9	Re5	D5	327	327	1	16	147	99	96		49.77778
459	9	Mi5b1	E5b1	335	335	1	4	588	99	96		50
460	9	Re5	D5	327	327	1	8	294	95	96		50.11111
461	9			-1	-1	1	8	294	100	0		50.22222
462	9	Sol5	G5	349	349	1	8	294	99	96	yâr 	50.33333
463	9	Fa5	F5	340	340	1	8	294	99	96		50.44444
464	9	Mi5b1	E5b1	335	335	1	8	294	99	96		50.55556
465	9	Re5	D5	327	327	1	8	294	99	96		50.66667
466	9	Do5	C5	318	318	1	8	294	99	96		50.77778
467	9	Re5	D5	327	327	1	8	294	99	96		50.88889
468	9	Do5	C5	318	318	1	8	294	95	96		51
469	9	Do5	C5	318	318	1	16	147	99	96	a	51.05556
470	11	Si4b1	B4b1	313	313	1	16	147	95	96		51.11111
471	9	Si4b1	B4b1	313	313	1	4	588	95	96	man  	51.33333
472	9			-1	-1	1	8	294	100	0		51.44444
473	9	Si4b1	B4b1	313	313	1	16	147	95	96	SAZ	51.5
474	9	Do5	C5	318	318	1	16	147	95	96	.	51.55556
475	9	Si4b1	B4b1	313	313	1	16	147	95	96	.	51.61111
476	9	La4#3	A4#4	308	309	1	16	147	95	96	.	51.66667
477	9	Sol4	G4	296	296	1	16	147	95	96	.	51.72222
478	9	La4#3	A4#4	308	309	1	16	147	95	96	.	51.77778
479	9	Si4b1	B4b1	313	313	3	16	441	95	96	.	51.94444
480	9	Do5	C5	318	318	1	16	147	95	96	.	52
481	9	Si4b1	B4b1	313	313	1	16	147	95	96	.	52.05556
482	9	Do5	C5	318	318	1	16	147	95	96	.	52.11111
483	9	Re5	D5	327	327	1	4	588	95	96	.	52.33333
484	9	Re5	D5	327	327	1	8	294	95	96	De	52.44444
485	9	Do5	C5	318	318	1	16	147	99	96	li 	52.5
486	9	Si4b1	B4b1	313	313	1	16	147	95	96		52.55556
487	9	Do5	C5	318	318	1	8	294	99	96	gön	52.66667
488	9	Si4b2	B4b1	312	313	1	16	147	99	96		52.72222
489	9	La4	A4	305	305	1	16	147	95	96		52.77778
490	9	La4	A4	305	305	1	4	588	99	96	lüm 	53
491	9	Si4b2	B4b1	312	313	1	8	294	95	96		53.11111
492	9	Sol4	G4	296	296	1	8	294	95	96	se	53.22222
493	9	Sol5	G5	349	349	1	8	294	99	96	ni 	53.33333
494	9	Fa5	F5	340	340	1	8	294	99	96		53.44444
495	9	Mi5b1	E5b1	335	335	1	8	294	95	96		53.55556
496	9	Re5	D5	327	327	1	8	294	99	96	is	53.66667
497	9	Do5	C5	318	318	1	8	294	99	96		53.77778
498	7	Re5	D5	327	327	1	8	294	99	96		53.88889
499	9	Do5	C5	318	318	1	16	147	99	96		53.94444
500	9	Do5	C5	318	318	1	16	147	99	96		54
501	9	Do5	C5	318	318	1	16	147	99	96		54.05556
502	11	Si4b1	B4b1	313	313	1	16	147	95	96		54.11111
503	9	Si4b1	B4b1	313	313	3	8	882	95	96	ter  	54.44444
504	9	La5	A5	358	358	1	16	147	95	96	SAZ	54.5
505	9	Sol5	G5	349	349	1	16	147	95	96	.	54.55556
506	9	Sol5	G5	349	349	1	16	147	95	96	.	54.61111
507	9	Fa5#4	F5#4	344	344	1	16	147	95	96	.	54.66667
508	9	Fa5#4	F5#4	344	344	1	16	147	95	96	.	54.72222
509	9	Mi5#3	E5#4	339	340	1	16	147	95	96	.	54.77778
510	9	Fa5#4	F5#4	344	344	3	16	441	95	96	.	54.94444
511	9	Sol5	G5	349	349	1	16	147	95	96	.	55
512	9	Mi5#3	E5#4	339	340	1	16	147	95	96	.	55.05556
513	9	Sol5	G5	349	349	1	16	147	95	96	.	55.11111
514	9	Fa5#4	F5#4	344	344	1	4	588	95	96	.	55.33333
515	9	Fa5#4	F5#4	344	344	1	8	294	95	96	Zan	55.44444
516	9	Fa5#4	F5#4	344	344	1	8	294	95	96	ne	55.55556
517	9	Fa5#4	F5#4	344	344	1	4	588	95	96	der	55.77778
518	9	Fa5#4	F5#4	344	344	1	4	588	95	96	ler 	56
519	9			-1	-1	1	8	294	100	0		56.11111
520	9	Mi5#3	E5#4	339	340	1	8	294	99	96	et	56.22222
521	9	Fa5#4	F5#4	344	344	1	8	294	99	96		56.33333
522	9	Sol5	G5	349	349	1	8	294	95	96		56.44444
523	9	La5	A5	358	358	1	8	294	95	96	miþ 	56.55556
524	9	Sol5	G5	349	349	1	8	294	99	96	ez	56.66667
525	9	Fa5#4	F5#4	344	344	1	8	294	95	96		56.77778
526	9	Sol5	G5	349	349	1	4	588	99	96	ber  	57
527	9	Fa5#4	F5#4	344	344	1	16	147	99	96		57.05556
528	9	Mi5	E5	336	336	1	16	147	99	96		57.11111
529	9	Re5	D5	327	327	1	4	588	95	96		57.33333
530	9	Fa5#4	F5#4	344	344	1	8	294	95	96	Zan	57.44444
531	9	Fa5#4	F5#4	344	344	1	8	294	95	96	ne	57.55556
532	9	Fa5#4	F5#4	344	344	1	4	588	95	96	der	57.77778
533	9	Fa5#4	F5#4	344	344	1	4	588	95	96	ler 	58
534	9			-1	-1	1	8	294	100	0		58.11111
535	9	Mi5#3	E5#4	339	340	1	8	294	99	96	et	58.22222
536	9	Fa5#4	F5#4	344	344	1	8	294	99	96		58.33333
537	9	Sol5	G5	349	349	1	8	294	95	96		58.44444
538	9	La5	A5	358	358	1	8	294	95	96	miþ 	58.55556
539	9	Sol5	G5	349	349	1	8	294	99	96	ez	58.66667
540	9	Fa5#4	F5#4	344	344	1	8	294	95	96		58.77778
541	9	Sol5	G5	349	349	1	4	588	99	96	ber  	59
542	9	Fa5#4	F5#4	344	344	1	16	147	99	96		59.05556
543	9	Mi5	E5	336	336	1	16	147	99	96		59.11111
544	9	Re5	D5	327	327	1	4	588	95	96		59.33333
545	9	Sol5	G5	349	349	1	8	294	95	96	Se	59.44444
546	9	Sol5	G5	349	349	1	16	147	99	96	ni 	59.5
547	9	Fa5	F5	340	340	1	16	147	95	96		59.55556
548	9	Fa5	F5	340	340	1	8	294	99	96	söy	59.66667
549	9	Mi5b1	E5b1	335	335	1	8	294	95	96		59.77778
550	9	Mi5b1	E5b1	335	335	1	4	588	99	96	ler 	60
551	9	Re5	D5	327	327	1	8	294	95	96		60.11111
552	9	Re5	D5	327	327	1	8	294	95	96	se	60.22222
553	9	Mi5b1	E5b1	335	335	1	4	588	99	96	ni 	60.44444
554	9	Re5	D5	327	327	1	8	294	95	96		60.55556
555	9	Re5	D5	327	327	3	16	441	99	96	is	60.72222
556	9	Do5	C5	318	318	1	16	147	95	96		60.77778
557	9	Si4b1	B4b1	313	313	1	4	588	95	96	ter  	61
558	9	Do5	C5	318	318	1	8	294	95	96	Yâr 	61.11111
559	9	Re5	D5	327	327	2	4	1176	95	96	ey 	61.55556
560	9	Sol4	G4	296	296	1	16	147	95	96	SAZ	61.61111
561	9	La4	A4	305	305	1	16	147	95	96	.	61.66667
562	9	Si4b1	B4b1	313	313	1	16	147	95	96	.	61.72222
563	9	Do5	C5	318	318	1	16	147	95	96	.	61.77778
564	9	Re5	D5	327	327	1	8	294	95	96	.	61.88889
565	9			-1	-1	1	4	588	100	0		62.11111
566	9	Re5	D5	327	327	1	8	294	99	96	yâr 	62.22222
567	9	Do5	C5	318	318	1	16	147	99	96		62.27778
568	9	Re5	D5	327	327	1	16	147	99	96		62.33333
569	9	Mi5b1	E5b1	335	335	3	16	441	99	96		62.5
570	9	Re5	D5	327	327	1	16	147	99	96		62.55556
571	9	Re5	D5	327	327	1	8	294	99	96		62.66667
572	9	Do5	C5	318	318	1	16	147	99	96		62.72222
573	9	Re5	D5	327	327	1	16	147	99	96		62.77778
574	9	Mi5b1	E5b1	335	335	1	4	588	99	96		63
575	9	Re5	D5	327	327	1	8	294	95	96		63.11111
576	9			-1	-1	1	8	294	100	0		63.22222
577	9	Sol5	G5	349	349	1	8	294	99	96	yâr 	63.33333
578	9	Fa5	F5	340	340	1	8	294	99	96		63.44444
579	9	Mi5b1	E5b1	335	335	1	8	294	99	96		63.55556
580	9	Re5	D5	327	327	1	8	294	99	96		63.66667
581	9	Do5	C5	318	318	1	8	294	99	96		63.77778
582	12	Re5	D5	327	327	1	8	294	99	96		63.88889
583	12	Do5	C5	318	318	1	8	294	95	90		64
584	9	Do5	C5	318	318	1	16	147	99	90	a	64.05556
585	11	Si4b1	B4b1	313	313	1	16	147	95	93		64.11111
586	9	Si4b1	B4b1	313	313	3	8	882	95	96	man  	64.44444
587	9	Si4b1	B4b1	313	313	1	16	147	95	96	SAZ	64.5
588	9	Do5	C5	318	318	1	16	147	95	96	.	64.55556
589	9	Si4b1	B4b1	313	313	1	16	147	95	96	.	64.61111
590	9	La4#3	A4#4	308	309	1	16	147	95	96	.	64.66666
591	9	Sol4	G4	296	296	1	16	147	95	96	.	64.72222
592	9	La4#3	A4#4	308	309	1	16	147	95	96	.	64.77778
593	9	Si4b1	B4b1	313	313	3	16	441	95	96	.	64.94444
594	9	Do5	C5	318	318	1	16	147	95	96	.	65
595	9	Si4b1	B4b1	313	313	1	16	147	95	96	.	65.05556
596	9	Do5	C5	318	318	1	16	147	95	96	.	65.11111
597	9	Re5	D5	327	327	1	4	588	95	96	.	65.33334
598	9	Re5	D5	327	327	1	8	294	95	96	De	65.44444
599	9	Do5	C5	318	318	1	16	147	99	96	li 	65.5
600	9	Si4b1	B4b1	313	313	1	16	147	95	96		65.55556
601	7	Do5	C5	318	318	1	8	294	99	96	gön	65.66666
602	9	Si4b2	B4b1	312	313	1	16	147	99	96		65.72222
603	9	La4	A4	305	305	1	16	147	95	96		65.77778
604	9	La4	A4	305	305	1	4	588	99	96	lüm 	66
605	9	Si4b2	B4b1	312	313	1	8	294	95	96		66.11111
606	9	Sol4	G4	296	296	1	8	294	95	96	se	66.22222
607	9	Sol5	G5	349	349	1	8	294	99	96	ni 	66.33334
608	9	Fa5	F5	340	340	1	8	294	99	96		66.44444
609	9	Mi5b1	E5b1	335	335	1	8	294	95	96		66.55556
610	9	Re5	D5	327	327	1	8	294	99	96	is	66.66666
611	9	Do5	C5	318	318	1	8	294	99	96		66.77778
612	11	Re5	D5	327	327	1	16	147	99	96		66.83334
613	11	Re5	D5	327	327	1	16	147	99	96		66.88889
614	11	Do5	C5	318	318	1	16	147	99	96		66.94444
615	11	Do5	C5	318	318	1	16	147	99	96		67
616	9	Do5	C5	318	318	1	16	147	99	96		67.05556
617	11	Si4b1	B4b1	313	313	1	16	147	95	96		67.11111
618	9	Si4b1	B4b1	313	313	3	8	882	95	96	ter  	67.44444
619	9	Si4b1	B4b1	313	313	1	16	147	95	96	SAZ	67.5
620	9	Do5	C5	318	318	1	16	147	95	96	.	67.55556
621	9	Si4b1	B4b1	313	313	1	16	147	95	96	.	67.61111
622	9	La4#3	A4#4	308	309	1	16	147	95	96	.	67.66666
623	9	Sol4	G4	296	296	1	16	147	95	96	.	67.72222
624	9	La4#3	A4#4	308	309	1	16	147	95	96	.	67.77778
625	9	Si4b1	B4b1	313	313	3	8	882	95	96	.	68.11111
