Sira	Kod	Nota53	NotaAE	Koma53	KomaAE	Pay	Payda	Ms	LNS	Bas	Soz1	Offset
1	9	Do5	C5	318	318	3	8	577	95	96	ARANAÐME	0.5
2	9	Re5	D5	327	327	1	4	385	95	96	.	0.8333333
3	9	Re5	D5	327	327	1	8	192	95	96	.	1
4	9	Do5	C5	318	318	1	4	385	95	96	.	1.333333
5	9			-1	-1	1	8	192	100	0	.	1.5
6	9			-1	-1	3	8	577	100	0	.	2
7	9	Si4b1	B4b1	313	313	3	8	577	95	96	.	2.5
8	9	Do5	C5	318	318	1	4	385	95	96	.	2.833333
9	9	Re5	D5	327	327	1	8	192	95	96	.	3
10	9	Si4b1	B4b1	313	313	1	4	385	95	96	.	3.333333
11	9	Mi5b1	E5b1	335	335	1	8	192	95	96	.	3.5
12	9	Re5	D5	327	327	1	8	192	95	96	.	3.666667
13	9	Do5	C5	318	318	1	8	192	95	96	.	3.833333
14	9	Si4b1	B4b1	313	313	1	8	192	95	96	.	4
15	9	Do5	C5	318	318	3	8	577	95	96	.	4.5
16	9	Re5	D5	327	327	3	8	577	95	96	.	5
17	9	Mi5b1	E5b1	335	335	1	8	192	95	96	.	5.166667
18	9	Re5	D5	327	327	1	8	192	95	96	.	5.333333
19	9	Do5	C5	318	318	1	8	192	95	96	.	5.5
20	9	Do5	C5	318	318	1	8	192	95	96	.	5.666667
21	9	Si4b1	B4b1	313	313	1	8	192	95	96	.	5.833333
22	9	La4	A4	305	305	1	8	192	95	96	.	6
23	9	Si4b1	B4b1	313	313	3	8	577	95	96	.	6.5
24	9	Do5	C5	318	318	1	4	385	95	114	.	6.833333
25	9	Re5	D5	327	327	1	8	192	95	116	.	7
26	9	Si4b1	B4b1	313	313	1	4	385	95	119	.	7.333333
27	9			-1	-1	1	8	192	100	121		7.5
28	9			-1	-1	3	8	577	100	124		8
29	52			0	0	1	8	0	127	126		8.166667
30	9	Do5	C5	318	318	3	8	577	95	96	ARANAÐME	8.666667
31	9	Re5	D5	327	327	1	4	385	95	96	.	9
32	9	Re5	D5	327	327	1	8	192	95	96	.	9.166667
33	9	Do5	C5	318	318	1	4	385	95	96	.	9.5
34	9			-1	-1	1	8	192	100	0	.	9.666667
35	9			-1	-1	3	8	577	100	0	.	10.16667
36	9	Si4b1	B4b1	313	313	3	8	577	95	96	.	10.66667
37	9	Do5	C5	318	318	1	4	385	95	96	.	11
38	9	Re5	D5	327	327	1	8	192	95	96	.	11.16667
39	9	Si4b1	B4b1	313	313	1	4	385	95	96	.	11.5
40	9	Mi5b1	E5b1	335	335	1	8	192	95	96	.	11.66667
41	9	Re5	D5	327	327	1	8	192	95	96	.	11.83333
42	9	Do5	C5	318	318	1	8	192	95	96	.	12
43	9	Si4b1	B4b1	313	313	1	8	192	95	96	.	12.16667
44	9	Do5	C5	318	318	3	8	577	95	96	.	12.66667
45	9	Re5	D5	327	327	3	8	577	95	96	.	13.16667
46	9	Mi5b1	E5b1	335	335	1	8	192	95	96	.	13.33333
47	9	Re5	D5	327	327	1	8	192	95	96	.	13.5
48	9	Do5	C5	318	318	1	8	192	95	96	.	13.66667
49	9	Do5	C5	318	318	1	8	192	95	96	.	13.83333
50	9	Si4b1	B4b1	313	313	1	8	192	95	96	.	14
51	9	La4	A4	305	305	1	8	192	95	96	.	14.16667
52	9	Si4b1	B4b1	313	313	3	8	577	95	96	.	14.66667
53	9	Do5	C5	318	318	1	4	385	95	96	.	15
54	9	Re5	D5	327	327	1	8	192	95	96	.	15.16667
55	9	Si4b1	B4b1	313	313	1	4	385	95	96	.	15.5
56	9			-1	-1	1	8	192	100	0		15.66667
57	9			-1	-1	3	8	577	100	0		16.16667
58	9	Do5	C5	318	318	1	4	385	95	96	Ay	16.5
59	8	Si4b1	B4b1	313	313	0	0	0	95	96		16.5
60	9	Mi5b1	E5b1	335	335	1	8	192	95	96	lý 	16.66667
61	9	Re5	D5	327	327	1	8	192	95	96	ge	16.83333
62	9	Do5	C5	318	318	1	4	385	95	96	ce 	17.16667
63	9	Do5	C5	318	318	1	8	192	95	96	se	17.33333
64	9	Do5	C5	318	318	1	8	192	99	96	rin 	17.5
65	9	Re5	D5	327	327	1	8	192	95	96		17.66667
66	9	Do5	C5	318	318	1	8	192	95	96	gü	17.83333
67	9	Si4b1	B4b1	313	313	1	4	385	95	96	lek 	18.16667
68	12	Do5	C5	318	318	2	8	385	99	96	göy 	18.5
69	9	Do5	C5	318	318	1	8	192	95	96		18.66667
70	8	Do5	C5	318	318	0	0	0	95	96		18.66667
71	9	Si4b1	B4b1	313	313	1	8	192	99	96	çe	18.83333
72	9	La4#4	A4#4	309	309	1	8	192	99	96		19
73	9	Si4b1	B4b1	313	313	1	8	192	95	96		19.16667
74	9	Si4b1	B4b1	313	313	1	4	385	95	96	men  	19.5
75	9			-1	-1	1	8	192	100	0		19.66667
76	9			-1	-1	3	8	577	100	0		20.16667
77	10	Do5	C5	318	318	1	4	385	95	96	Dört 	20.5
78	8	Si4b1	B4b1	313	313	0	0	0	95	96		20.5
79	10	Do5	C5	318	318	1	8	192	95	96	ya	20.66667
80	8	Mi5b1	E5b1	335	335	0	0	0	95	96		20.66667
81	9	Re5	D5	327	327	1	8	192	95	96	ný	20.83333
82	9	Mi5b1	E5b1	335	335	1	4	385	95	96	mýz 	21.16667
83	9	Do5	C5	318	318	1	8	192	95	96	ý	21.33333
84	9	Do5	C5	318	318	1	8	192	99	96	týr 	21.5
85	9	Re5	D5	327	327	1	8	192	95	96		21.66667
86	9	Do5	C5	318	318	1	8	192	95	96	sa	21.83333
87	9	Si4b1	B4b1	313	313	1	4	385	95	96	çar 	22.16667
88	8	Re5	D5	327	327	0	0	0	95	96		22.16667
89	12	Do5	C5	318	318	2	8	385	99	96	ya	22.5
90	9	Do5	C5	318	318	1	8	192	95	96		22.66667
91	8	Do5	C5	318	318	0	0	0	95	96		22.66667
92	9	Si4b1	B4b1	313	313	3	16	288	99	96	se	22.91667
93	9	La4#4	A4#4	309	309	1	16	96	99	96		23
94	9	Si4b1	B4b1	313	313	1	8	192	95	96		23.16667
95	9	Si4b1	B4b1	313	313	1	4	385	95	96	men  	23.5
96	9			-1	-1	1	8	192	100	0		23.66667
97	9			-1	-1	3	8	577	100	0		24.16667
98	9	Do5	C5	318	318	1	4	385	95	96	Ay	24.5
99	9	Mi5b1	E5b1	335	335	1	8	192	95	96	lý 	24.66667
100	9	Re5	D5	327	327	1	8	192	95	96	ge	24.83333
101	9	Mi5b1	E5b1	335	335	1	4	385	95	96	ce 	25.16667
102	9	Do5	C5	318	318	1	8	192	95	96	se	25.33333
103	9	Do5	C5	318	318	1	8	192	99	96	rin 	25.5
104	9	Re5	D5	327	327	1	8	192	95	96		25.66667
105	9	Do5	C5	318	318	1	8	192	95	96	gü	25.83333
106	9	Si4b1	B4b1	313	313	1	4	385	95	96	lek 	26.16667
107	9	Do5	C5	318	318	1	16	96	99	96	göy 	26.25
108	9	Re5	D5	327	327	1	16	96	99	96		26.33333
109	9	Do5	C5	318	318	1	16	96	99	96		26.41667
110	9	Re5	D5	327	327	3	16	288	95	96		26.66667
111	8	Do5	C5	318	318	0	0	0	95	96		26.66667
112	9	Si4b1	B4b1	313	313	3	16	288	99	96	çe	26.91667
113	9	La4#4	A4#4	309	309	1	16	96	99	96		27
114	9	Si4b1	B4b1	313	313	1	8	192	95	96		27.16667
115	9	Si4b1	B4b1	313	313	1	4	385	95	96	men  	27.5
116	9			-1	-1	1	8	192	100	0		27.66667
117	9			-1	-1	3	8	577	100	0		28.16667
118	10	Do5	C5	318	318	1	4	385	95	96	Dört 	28.5
119	8	Si4b1	B4b1	313	313	0	0	0	95	96		28.5
120	10	Do5	C5	318	318	1	8	192	95	96	ya	28.66667
121	8	Mi5b1	E5b1	335	335	0	0	0	95	96		28.66667
122	9	Re5	D5	327	327	1	8	192	95	96	ný	28.83333
123	9	Re5	D5	327	327	1	4	385	95	96	mýz 	29.16667
124	9	Do5	C5	318	318	1	8	192	95	96	ý	29.33333
125	9	Do5	C5	318	318	1	8	192	99	96	týr 	29.5
126	9	Re5	D5	327	327	1	8	192	95	96		29.66667
127	9	Do5	C5	318	318	1	8	192	95	96	sa	29.83333
128	9	Si4b1	B4b1	313	313	1	4	385	95	96	çar 	30.16667
129	12	Do5	C5	318	318	2	8	385	99	96	ya	30.5
130	9	Do5	C5	318	318	1	8	192	95	96		30.66667
131	8	Do5	C5	318	318	0	0	0	95	96		30.66667
132	9	Si4b1	B4b1	313	313	3	16	288	99	96	se	30.91667
133	9	La4#4	A4#4	309	309	1	16	96	99	96		31
134	9	Si4b1	B4b1	313	313	1	8	192	95	96		31.16667
135	9	Si4b1	B4b1	313	313	1	8	192	99	96	men  	31.33333
136	9	Sol4	G4	296	296	1	8	192	99	96		31.5
137	9	La4	A4	305	305	1	8	192	99	96		31.66667
138	9	Si4b1	B4b1	313	313	1	8	192	99	96		31.83333
139	9	Do5	C5	318	318	1	8	192	99	96		32
140	9	Re5	D5	327	327	1	8	192	95	96		32.16667
141	9	Re5	D5	327	327	1	8	192	95	96	An	32.33333
142	9	Re5	D5	327	327	1	8	192	99	96	cah 	32.5
143	9	Fa5#4	F5#4	344	344	1	8	192	95	96		32.66667
144	9	Mi5b1	E5b1	335	335	1	8	192	95	96	me	32.83333
145	9	Re5	D5	327	327	1	8	192	99	96	ni 	33
146	9	Mi5b1	E5b1	335	335	1	8	192	95	96		33.16667
147	10	Re5	D5	327	327	1	8	192	95	96	bu 	33.33333
148	8	Mi5b1	E5b1	335	335	0	0	0	95	96		33.33333
149	10	Re5	D5	327	327	1	4	385	95	96	dert	33.66667
150	8	Mi5b1	E5b1	335	335	0	0	0	95	96		33.66667
151	9	Re5	D5	327	327	1	8	192	95	96	le	33.83333
152	9	Re5	D5	327	327	1	8	192	99	96	re 	34
153	9	Do5	C5	318	318	1	8	192	95	96		34.16667
154	8	Fa5#4	F5#4	344	344	0	0	0	95	96		34.16667
155	9	Mi5b1	E5b1	335	335	1	4	385	99	96	gar	34.5
156	9	Re5	D5	327	327	1	8	192	95	96		34.66667
157	8	Mi5b1	E5b1	335	335	0	0	0	95	96		34.66667
158	9	Re5	D5	327	327	1	4	385	99	96	ke	35
159	9	Do5	C5	318	318	1	8	192	95	96		35.16667
160	9	Mi5b1	E5b1	335	335	3	16	288	99	96	den  	35.41667
161	9	Re5	D5	327	327	1	16	96	99	96		35.5
162	9	Mi5b1	E5b1	335	335	1	8	192	99	96		35.66667
163	10	Re5	D5	327	327	1	8	192	99	96		35.83333
164	8	Mi5b1	E5b1	335	335	0	0	0	99	96		35.83333
165	10	Do5	C5	318	318	1	8	192	99	96		36
166	8	Re5	D5	327	327	0	0	0	99	96		36
167	9	Do5	C5	318	318	1	8	192	95	96		36.16667
168	9	Re5	D5	327	327	1	8	192	95	96	SAZ	36.33333
169	9	Re5	D5	327	327	1	8	192	95	96	.	36.5
170	9	Fa5#4	F5#4	344	344	1	8	192	95	96	.	36.66667
171	9	Mi5b1	E5b1	335	335	1	8	192	95	96	.	36.83333
172	9	Re5	D5	327	327	1	4	385	95	96	.	37.16667
173	9	Re5	D5	327	327	1	8	192	95	96	.	37.33333
174	9	Do5	C5	318	318	1	8	192	95	96	.	37.5
175	9	Mi5b1	E5b1	335	335	1	8	192	95	96	.	37.66667
176	9	Re5	D5	327	327	1	8	192	95	96	.	37.83333
177	9	Do5	C5	318	318	1	4	385	95	96	.	38.16667
178	9	Mi5b1	E5b1	335	335	1	4	385	95	96	.	38.5
179	9	Re5	D5	327	327	1	8	192	95	96	.	38.66667
180	9	Re5	D5	327	327	1	4	385	95	96	.	39
181	9	Do5	C5	318	318	1	8	192	95	96	.	39.16667
182	9	Re5	D5	327	327	1	4	385	95	96	.	39.5
183	9	Re5	D5	327	327	1	8	192	95	96	.	39.66667
184	9	Do5	C5	318	318	1	4	385	95	96	.	40
185	9	Si4b1	B4b1	313	313	1	8	192	95	96	.	40.16667
186	9	Re5	D5	327	327	1	8	192	95	96	An	40.33333
187	9	Re5	D5	327	327	1	8	192	99	96	cah 	40.5
188	9	Fa5#4	F5#4	344	344	1	8	192	95	96		40.66667
189	9	Mi5b1	E5b1	335	335	1	8	192	95	96	be	40.83333
190	9	Re5	D5	327	327	1	8	192	99	96	ni 	41
191	9	Mi5b1	E5b1	335	335	1	8	192	95	96		41.16667
192	9	Re5	D5	327	327	1	16	96	99	96	bu 	41.25
193	9	Mi5b1	E5b1	335	335	1	16	96	95	96		41.33333
194	9	Re5	D5	327	327	1	16	96	99	96	dert	41.41667
195	9	Mi5b1	E5b1	335	335	3	16	288	95	96		41.66667
196	9	Re5	D5	327	327	1	8	192	95	96	le	41.83333
197	9	Re5	D5	327	327	1	8	192	99	96	re 	42
198	9	Do5	C5	318	318	1	8	192	95	96		42.16667
199	9	Mi5b1	E5b1	335	335	1	4	385	99	96	gar	42.5
200	9	Re5	D5	327	327	1	8	192	95	96		42.66667
201	9	Re5	D5	327	327	1	4	385	99	96	ke	43
202	9	Do5	C5	318	318	1	8	192	95	96		43.16667
203	9	Re5	D5	327	327	1	8	192	99	96	den  	43.33333
204	9	Do5	C5	318	318	1	8	192	99	96		43.5
205	9	Re5	D5	327	327	1	8	192	99	96		43.66667
206	9	Do5	C5	318	318	1	8	192	99	96		43.83333
207	9	Si4b1	B4b1	313	313	1	16	96	99	96		43.91667
208	9	La4#4	A4#4	309	309	1	16	96	99	96		44
209	9	Si4b1	B4b1	313	313	1	8	192	95	96		44.16667
210	9			-1	-1	1	4	385	100	0		44.5
211	9	Re5	D5	327	327	1	8	192	95	96	Ne 	44.66667
212	9	Do5	C5	318	318	1	8	192	95	96	çe	44.83333
213	9	Re5	D5	327	327	1	16	96	99	96	men	44.91667
214	9	Mi5b1	E5b1	335	335	3	16	288	95	96		45.16667
215	9	Do5	C5	318	318	3	4	1154	95	96	dir 	46.16667
216	9			-1	-1	1	4	385	100	0		46.5
217	9	Do5	C5	318	318	1	8	192	95	96	ne 	46.66667
218	9	Si4b1	B4b1	313	313	1	8	192	95	96	çi	46.83333
219	9	Do5	C5	318	318	1	16	96	99	96	çegh	46.91667
220	9	Re5	D5	327	327	3	16	288	95	96		47.16667
221	9	Si4b1	B4b1	313	313	3	4	1154	95	96	dir  	48.16667
222	9			-1	-1	1	4	385	100	0		48.5
223	9	Re5	D5	327	327	1	8	192	95	96	Ne 	48.66667
224	9	Do5	C5	318	318	1	8	192	95	96	çe	48.83333
225	9	Re5	D5	327	327	1	16	96	99	96	men	48.91667
226	9	Mi5b1	E5b1	335	335	3	16	288	95	96		49.16667
227	9	Mi5b1	E5b1	335	335	1	8	192	95	96	dir 	49.33333
228	9	Do5	C5	318	318	5	8	962	95	96		50.16667
229	9			-1	-1	1	4	385	100	0		50.5
230	9	Do5	C5	318	318	1	8	192	95	96	ne 	50.66667
231	9	Si4b1	B4b1	313	313	1	8	192	95	96	çi	50.83333
232	9	Do5	C5	318	318	1	16	96	99	96	çegh	50.91667
233	9	Re5	D5	327	327	3	16	288	95	96		51.16667
234	9	Si4b1	B4b1	313	313	3	4	1154	95	96	dir  	52.16667
235	9	Do5	C5	318	318	3	8	577	95	96	Sen 	52.66667
236	9	Re5	D5	327	327	3	8	577	95	96	sen 	53.16667
237	9	Do5	C5	318	318	3	8	577	99	96	sen 	53.66667
238	9	Si4b1	B4b1	313	313	1	8	192	99	96		53.83333
239	9	Si4b1	B4b1	313	313	1	8	192	95	96		54
240	9			-1	-1	1	8	192	100	0		54.16667
241	9	Si4b1	B4b1	313	313	3	8	577	95	96	sen 	54.66667
242	9	Do5	C5	318	318	1	4	385	99	96	sen 	55
243	9	Re5	D5	327	327	1	8	192	95	96		55.16667
244	9	Si4b1	B4b1	313	313	1	4	385	95	96	sen 	55.5
245	9	Mi5b1	E5b1	335	335	1	8	192	95	96	a 	55.66667
246	9	Re5	D5	327	327	1	8	192	95	96	gü	55.83333
247	9	Re5	D5	327	327	1	8	192	99	96	lüm  	56
248	9	Do5	C5	318	318	1	8	192	95	96		56.16667
249	9	Do5	C5	318	318	3	8	577	95	96	Sen 	56.66667
250	9	Re5	D5	327	327	3	8	577	95	96	sen 	57.16667
251	9	Re5	D5	327	327	1	16	96	99	96	sen 	57.25
252	9	Fa5	F5	340	340	1	16	96	99	96		57.33333
253	9	Mi5b1	E5b1	335	335	1	8	192	99	96		57.5
254	9	Do5	C5	318	318	1	24	64	99	96		57.55556
255	9	Si4b1	B4b1	313	313	1	24	64	99	96		57.61111
256	9	La4	A4	305	305	1	24	64	99	96		57.66667
257	9	Si4b1	B4b1	313	313	3	8	577	95	96		58.16667
258	9	Si4b1	B4b1	313	313	3	8	577	95	96	sen 	58.66667
259	9	Si4b1	B4b1	313	313	3	8	577	95	96	sen 	59.16667
260	9	Re5	D5	327	327	1	8	192	99	96	sen  	59.33333
261	9	Do5	C5	318	318	1	8	192	99	96		59.5
262	9	Re5	D5	327	327	1	8	192	99	96		59.66667
263	9	Do5	C5	318	318	1	8	192	99	96		59.83333
264	9	Si4b1	B4b1	313	313	1	16	96	99	96		59.91667
265	9	La4#4	A4#4	309	309	1	16	96	99	96		60
266	9	Si4b1	B4b1	313	313	1	8	192	50	96		60.16667
267	9	Do5	C5	318	318	3	8	577	95	96	ARANAÐME	60.66667
268	9	Re5	D5	327	327	1	4	385	95	96	.	61
269	9	Re5	D5	327	327	1	8	192	95	96	.	61.16667
270	9	Do5	C5	318	318	1	4	385	95	96	.	61.5
271	9			-1	-1	1	8	192	100	0	.	61.66667
272	9			-1	-1	3	8	577	100	0	.	62.16667
273	9	Si4b1	B4b1	313	313	3	8	577	95	96	.	62.66667
274	9	Do5	C5	318	318	1	4	385	95	96	.	63
275	9	Re5	D5	327	327	1	8	192	95	96	.	63.16667
276	9	Si4b1	B4b1	313	313	1	4	385	95	96	.	63.5
277	9	Mi5b1	E5b1	335	335	1	8	192	95	96	.	63.66667
278	9	Re5	D5	327	327	1	8	192	95	96	.	63.83333
279	9	Do5	C5	318	318	1	8	192	95	96	.	64
280	9	Si4b1	B4b1	313	313	1	8	192	95	96	.	64.16666
281	9	Do5	C5	318	318	3	8	577	95	96	.	64.66666
282	9	Re5	D5	327	327	3	8	577	95	96	.	65.16666
283	9	Mi5b1	E5b1	335	335	1	8	192	95	96	.	65.33334
284	9	Re5	D5	327	327	1	8	192	95	96	.	65.5
285	9	Do5	C5	318	318	1	8	192	95	96	.	65.66666
286	9	Do5	C5	318	318	1	8	192	95	96	.	65.83334
287	9	Si4b1	B4b1	313	313	1	8	192	95	96	.	66
288	9	La4	A4	305	305	1	8	192	95	96	.	66.16666
289	9	Si4b1	B4b1	313	313	3	8	577	95	96	.	66.66666
290	9	Do5	C5	318	318	1	4	385	95	96	.	67
291	9	Re5	D5	327	327	1	8	192	95	96	.	67.16666
292	9	Si4b1	B4b1	313	313	1	4	385	95	96	.	67.5
293	9			-1	-1	1	8	192	100	0		67.66666
294	9			-1	-1	3	8	577	100	0		68.16666
295	9	Do5	C5	318	318	3	8	577	95	96	ARANAÐME	68.66666
296	9	Re5	D5	327	327	1	4	385	95	96	.	69
297	9	Re5	D5	327	327	1	8	192	95	96	.	69.16666
298	9	Do5	C5	318	318	1	4	385	95	96	.	69.5
299	9			-1	-1	1	8	192	100	0	.	69.66666
300	9			-1	-1	3	8	577	100	0	.	70.16666
301	9	Si4b1	B4b1	313	313	3	8	577	95	96	.	70.66666
302	9	Do5	C5	318	318	1	4	385	95	96	.	71
303	9	Re5	D5	327	327	1	8	192	95	96	.	71.16666
304	9	Si4b1	B4b1	313	313	1	4	385	95	96	.	71.5
305	9	Mi5b1	E5b1	335	335	1	8	192	95	96	.	71.66666
306	9	Re5	D5	327	327	1	8	192	95	96	.	71.83334
307	9	Do5	C5	318	318	1	8	192	95	96	.	72
308	9	Si4b1	B4b1	313	313	1	8	192	95	96	.	72.16666
309	9	Do5	C5	318	318	3	8	577	95	96	.	72.66666
310	9	Re5	D5	327	327	3	8	577	95	96	.	73.16666
311	9	Mi5b1	E5b1	335	335	1	8	192	95	96	.	73.33334
312	9	Re5	D5	327	327	1	8	192	95	96	.	73.5
313	9	Do5	C5	318	318	1	8	192	95	96	.	73.66666
314	9	Do5	C5	318	318	1	8	192	95	96	.	73.83334
315	9	Si4b1	B4b1	313	313	1	8	192	95	96	.	74
316	9	La4	A4	305	305	1	8	192	95	96	.	74.16666
317	9	Si4b1	B4b1	313	313	3	8	577	95	96	.	74.66666
318	9	Do5	C5	318	318	1	4	385	95	96	.	75
319	9	Re5	D5	327	327	1	8	192	95	96	.	75.16666
320	9	Si4b1	B4b1	313	313	1	4	385	95	96	.	75.5
321	9			-1	-1	1	8	192	100	0		75.66666
322	9			-1	-1	3	8	577	100	0		76.16666
323	9	Do5	C5	318	318	1	4	385	95	96	Ay	76.5
324	8	Si4b1	B4b1	313	313	0	0	0	95	96		76.5
325	9	Mi5b1	E5b1	335	335	1	8	192	95	96	lý 	76.66666
326	9	Re5	D5	327	327	1	8	192	95	96	ge	76.83334
327	9	Do5	C5	318	318	1	4	385	95	96	ce 	77.16666
328	9	Do5	C5	318	318	1	8	192	95	96	se	77.33334
329	9	Do5	C5	318	318	1	8	192	99	96	rin 	77.5
330	9	Re5	D5	327	327	1	8	192	95	96		77.66666
331	9	Do5	C5	318	318	1	8	192	95	96	gü	77.83334
332	9	Si4b1	B4b1	313	313	1	4	385	95	96	lek 	78.16666
333	12	Do5	C5	318	318	2	8	385	99	96	göy 	78.5
334	9	Do5	C5	318	318	1	8	192	95	96		78.66666
335	8	Do5	C5	318	318	0	0	0	95	96		78.66666
336	9	Si4b1	B4b1	313	313	1	8	192	99	96	çe	78.83334
337	9	La4#4	A4#4	309	309	1	8	192	99	96		79
338	9	Si4b1	B4b1	313	313	1	8	192	95	96		79.16666
339	9	Si4b1	B4b1	313	313	1	4	385	95	96	men  	79.5
340	9			-1	-1	1	8	192	100	0		79.66666
341	9			-1	-1	3	8	577	100	0		80.16666
342	10	Do5	C5	318	318	1	4	385	95	96	Dört 	80.5
343	8	Si4b1	B4b1	313	313	0	0	0	95	96		80.5
344	10	Do5	C5	318	318	1	8	192	95	96	ya	80.66666
345	8	Mi5b1	E5b1	335	335	0	0	0	95	96		80.66666
346	9	Re5	D5	327	327	1	8	192	95	96	ný	80.83334
347	9	Mi5b1	E5b1	335	335	1	4	385	95	96	mýz 	81.16666
348	9	Do5	C5	318	318	1	8	192	95	96	ý	81.33334
349	9	Do5	C5	318	318	1	8	192	99	96	týr 	81.5
350	9	Re5	D5	327	327	1	8	192	95	96		81.66666
351	9	Do5	C5	318	318	1	8	192	95	96	sa	81.83334
352	9	Si4b1	B4b1	313	313	1	4	385	95	96	çar 	82.16666
353	8	Re5	D5	327	327	0	0	0	95	96		82.16666
354	12	Do5	C5	318	318	2	8	385	99	96	ya	82.5
355	9	Do5	C5	318	318	1	8	192	95	96		82.66666
356	8	Do5	C5	318	318	0	0	0	95	96		82.66666
357	9	Si4b1	B4b1	313	313	3	16	288	99	96	se	82.91666
358	9	La4#4	A4#4	309	309	1	16	96	99	96		83
359	9	Si4b1	B4b1	313	313	1	8	192	95	96		83.16666
360	9	Si4b1	B4b1	313	313	1	4	385	95	96	men  	83.5
361	9			-1	-1	1	8	192	100	0		83.66666
362	9			-1	-1	3	8	577	100	0		84.16666
363	9	Do5	C5	318	318	1	4	385	95	96	Ay	84.5
364	9	Mi5b1	E5b1	335	335	1	8	192	95	96	lý 	84.66666
365	9	Re5	D5	327	327	1	8	192	95	96	ge	84.83334
366	9	Mi5b1	E5b1	335	335	1	4	385	95	96	ce 	85.16666
367	9	Do5	C5	318	318	1	8	192	95	96	se	85.33334
368	9	Do5	C5	318	318	1	8	192	99	96	rin 	85.5
369	9	Re5	D5	327	327	1	8	192	95	96		85.66666
370	9	Do5	C5	318	318	1	8	192	95	96	gü	85.83334
371	9	Si4b1	B4b1	313	313	1	4	385	95	96	lek 	86.16666
372	9	Do5	C5	318	318	1	16	96	99	96	göy 	86.25
373	9	Re5	D5	327	327	1	16	96	99	96		86.33334
374	9	Do5	C5	318	318	1	16	96	99	96		86.41666
375	9	Re5	D5	327	327	3	16	288	95	96		86.66666
376	8	Do5	C5	318	318	0	0	0	95	96		86.66666
377	9	Si4b1	B4b1	313	313	3	16	288	99	96	çe	86.91666
378	9	La4#4	A4#4	309	309	1	16	96	99	96		87
379	9	Si4b1	B4b1	313	313	1	8	192	95	96		87.16666
380	9	Si4b1	B4b1	313	313	1	4	385	95	96	men  	87.5
381	9			-1	-1	1	8	192	100	0		87.66666
382	9			-1	-1	3	8	577	100	0		88.16666
383	10	Do5	C5	318	318	1	4	385	95	96	Dört 	88.5
384	8	Si4b1	B4b1	313	313	0	0	0	95	96		88.5
385	10	Do5	C5	318	318	1	8	192	95	96	ya	88.66666
386	8	Mi5b1	E5b1	335	335	0	0	0	95	96		88.66666
387	9	Re5	D5	327	327	1	8	192	95	96	ný	88.83334
388	9	Re5	D5	327	327	1	4	385	95	96	mýz 	89.16666
389	9	Do5	C5	318	318	1	8	192	95	96	ý	89.33334
390	9	Do5	C5	318	318	1	8	192	99	96	týr 	89.5
391	9	Re5	D5	327	327	1	8	192	95	96		89.66666
392	9	Do5	C5	318	318	1	8	192	95	96	sa	89.83334
393	9	Si4b1	B4b1	313	313	1	4	385	95	96	çar 	90.16666
394	12	Do5	C5	318	318	2	8	385	99	96	ya	90.5
395	9	Do5	C5	318	318	1	8	192	95	96		90.66666
396	8	Do5	C5	318	318	0	0	0	95	96		90.66666
397	9	Si4b1	B4b1	313	313	3	16	288	99	96	se	90.91666
398	9	La4#4	A4#4	309	309	1	16	96	99	96		91
399	9	Si4b1	B4b1	313	313	1	8	192	95	96		91.16666
400	9	Si4b1	B4b1	313	313	1	8	192	99	96	men  	91.33334
401	9	Sol4	G4	296	296	1	8	192	99	96		91.5
402	9	La4	A4	305	305	1	8	192	99	96		91.66666
403	9	Si4b1	B4b1	313	313	1	8	192	99	96		91.83334
404	9	Do5	C5	318	318	1	8	192	99	96		92
405	9	Re5	D5	327	327	1	8	192	95	96		92.16666
406	9	Re5	D5	327	327	1	8	192	95	96	An	92.33334
407	9	Re5	D5	327	327	1	8	192	99	96	cah 	92.5
408	9	Fa5#4	F5#4	344	344	1	8	192	95	96		92.66666
409	9	Mi5b1	E5b1	335	335	1	8	192	95	96	me	92.83334
410	9	Re5	D5	327	327	1	8	192	99	96	ni 	93
411	9	Mi5b1	E5b1	335	335	1	8	192	95	96		93.16666
412	10	Re5	D5	327	327	1	8	192	95	96	bu 	93.33334
413	8	Mi5b1	E5b1	335	335	0	0	0	95	96		93.33334
414	10	Re5	D5	327	327	1	4	385	95	96	dert	93.66666
415	8	Mi5b1	E5b1	335	335	0	0	0	95	96		93.66666
416	9	Re5	D5	327	327	1	8	192	95	96	le	93.83334
417	9	Re5	D5	327	327	1	8	192	99	96	re 	94
418	9	Do5	C5	318	318	1	8	192	95	96		94.16666
419	8	Fa5#4	F5#4	344	344	0	0	0	95	96		94.16666
420	9	Mi5b1	E5b1	335	335	1	4	385	99	96	gar	94.5
421	9	Re5	D5	327	327	1	8	192	95	96		94.66666
422	8	Mi5b1	E5b1	335	335	0	0	0	95	96		94.66666
423	9	Re5	D5	327	327	1	4	385	99	96	ke	95
424	9	Do5	C5	318	318	1	8	192	95	96		95.16666
425	9	Mi5b1	E5b1	335	335	3	16	288	99	96	den  	95.41666
426	9	Re5	D5	327	327	1	16	96	99	96		95.5
427	9	Mi5b1	E5b1	335	335	1	8	192	99	96		95.66666
428	10	Re5	D5	327	327	1	8	192	99	96		95.83334
429	8	Mi5b1	E5b1	335	335	0	0	0	99	96		95.83334
430	10	Do5	C5	318	318	1	8	192	99	96		96
431	8	Re5	D5	327	327	0	0	0	99	96		96
432	9	Do5	C5	318	318	1	8	192	95	96		96.16666
433	9	Re5	D5	327	327	1	8	192	95	96	SAZ	96.33334
434	9	Re5	D5	327	327	1	8	192	95	96	.	96.5
435	9	Fa5#4	F5#4	344	344	1	8	192	95	96	.	96.66666
436	9	Mi5b1	E5b1	335	335	1	8	192	95	96	.	96.83334
437	9	Re5	D5	327	327	1	4	385	95	96	.	97.16666
438	9	Re5	D5	327	327	1	8	192	95	96	.	97.33334
439	9	Do5	C5	318	318	1	8	192	95	96	.	97.5
440	9	Mi5b1	E5b1	335	335	1	8	192	95	96	.	97.66666
441	9	Re5	D5	327	327	1	8	192	95	96	.	97.83334
442	9	Do5	C5	318	318	1	4	385	95	96	.	98.16666
443	9	Mi5b1	E5b1	335	335	1	4	385	95	96	.	98.5
444	9	Re5	D5	327	327	1	8	192	95	96	.	98.66666
445	9	Re5	D5	327	327	1	4	385	95	96	.	99
446	9	Do5	C5	318	318	1	8	192	95	96	.	99.16666
447	9	Re5	D5	327	327	1	4	385	95	96	.	99.5
448	9	Re5	D5	327	327	1	8	192	95	96	.	99.66666
449	9	Do5	C5	318	318	1	4	385	95	96	.	100
450	9	Si4b1	B4b1	313	313	1	8	192	95	96	.	100.1667
451	9	Re5	D5	327	327	1	8	192	95	96	An	100.3333
452	9	Re5	D5	327	327	1	8	192	99	96	cah 	100.5
453	9	Fa5#4	F5#4	344	344	1	8	192	95	96		100.6667
454	9	Mi5b1	E5b1	335	335	1	8	192	95	96	be	100.8333
455	9	Re5	D5	327	327	1	8	192	99	96	ni 	101
456	9	Mi5b1	E5b1	335	335	1	8	192	95	96		101.1667
457	9	Re5	D5	327	327	1	16	96	99	96	bu 	101.25
458	9	Mi5b1	E5b1	335	335	1	16	96	95	96		101.3333
459	9	Re5	D5	327	327	1	16	96	99	96	dert	101.4167
460	9	Mi5b1	E5b1	335	335	3	16	288	95	96		101.6667
461	9	Re5	D5	327	327	1	8	192	95	96	le	101.8333
462	9	Re5	D5	327	327	1	8	192	99	96	re 	102
463	9	Do5	C5	318	318	1	8	192	95	96		102.1667
464	9	Mi5b1	E5b1	335	335	1	4	385	99	96	gar	102.5
465	9	Re5	D5	327	327	1	8	192	95	96		102.6667
466	9	Re5	D5	327	327	1	4	385	99	96	ke	103
467	9	Do5	C5	318	318	1	8	192	95	96		103.1667
468	9	Re5	D5	327	327	1	8	192	99	96	den  	103.3333
469	9	Do5	C5	318	318	1	8	192	99	96		103.5
470	9	Re5	D5	327	327	1	8	192	99	96		103.6667
471	9	Do5	C5	318	318	1	8	192	99	96		103.8333
472	9	Si4b1	B4b1	313	313	1	16	96	99	96		103.9167
473	9	La4#4	A4#4	309	309	1	16	96	99	96		104
474	9	Si4b1	B4b1	313	313	1	8	192	95	96		104.1667
475	9			-1	-1	1	4	385	100	0		104.5
476	9	Re5	D5	327	327	1	8	192	95	96	Ne 	104.6667
477	9	Do5	C5	318	318	1	8	192	95	96	çe	104.8333
478	9	Re5	D5	327	327	1	16	96	99	96	men	104.9167
479	9	Mi5b1	E5b1	335	335	3	16	288	95	96		105.1667
480	9	Do5	C5	318	318	3	4	1154	95	96	dir 	106.1667
481	9			-1	-1	1	4	385	100	0		106.5
482	9	Do5	C5	318	318	1	8	192	95	96	ne 	106.6667
483	9	Si4b1	B4b1	313	313	1	8	192	95	96	çi	106.8333
484	9	Do5	C5	318	318	1	16	96	99	96	çegh	106.9167
485	9	Re5	D5	327	327	3	16	288	95	96		107.1667
486	9	Si4b1	B4b1	313	313	3	4	1154	95	96	dir  	108.1667
487	9			-1	-1	1	4	385	100	0		108.5
488	9	Re5	D5	327	327	1	8	192	95	96	Ne 	108.6667
489	9	Do5	C5	318	318	1	8	192	95	96	çe	108.8333
490	9	Re5	D5	327	327	1	16	96	99	96	men	108.9167
491	9	Mi5b1	E5b1	335	335	3	16	288	95	96		109.1667
492	9	Mi5b1	E5b1	335	335	1	8	192	95	96	dir 	109.3333
493	9	Do5	C5	318	318	5	8	962	95	96		110.1667
494	9			-1	-1	1	4	385	100	0		110.5
495	9	Do5	C5	318	318	1	8	192	95	96	ne 	110.6667
496	9	Si4b1	B4b1	313	313	1	8	192	95	96	çi	110.8333
497	9	Do5	C5	318	318	1	16	96	99	96	çegh	110.9167
498	9	Re5	D5	327	327	3	16	288	95	96		111.1667
499	9	Si4b1	B4b1	313	313	3	4	1154	95	96	dir  	112.1667
500	9	Do5	C5	318	318	3	8	577	95	96	Sen 	112.6667
501	9	Re5	D5	327	327	3	8	577	95	96	sen 	113.1667
502	9	Do5	C5	318	318	3	8	577	99	96	sen 	113.6667
503	9	Si4b1	B4b1	313	313	1	8	192	99	96		113.8333
504	9	Si4b1	B4b1	313	313	1	8	192	95	96		114
505	9			-1	-1	1	8	192	100	0		114.1667
506	9	Si4b1	B4b1	313	313	3	8	577	95	96	sen 	114.6667
507	9	Do5	C5	318	318	1	4	385	99	96	sen 	115
508	9	Re5	D5	327	327	1	8	192	95	96		115.1667
509	9	Si4b1	B4b1	313	313	1	4	385	95	96	sen 	115.5
510	9	Mi5b1	E5b1	335	335	1	8	192	95	96	a 	115.6667
511	9	Re5	D5	327	327	1	8	192	95	96	gü	115.8333
512	9	Re5	D5	327	327	1	8	192	99	96	lüm  	116
513	9	Do5	C5	318	318	1	8	192	95	96		116.1667
514	9	Do5	C5	318	318	3	8	577	95	96	Sen 	116.6667
515	9	Re5	D5	327	327	3	8	577	95	96	sen 	117.1667
516	9	Re5	D5	327	327	1	16	96	99	96	sen 	117.25
517	9	Fa5	F5	340	340	1	16	96	99	96		117.3333
518	9	Mi5b1	E5b1	335	335	1	8	192	99	96		117.5
519	9	Do5	C5	318	318	1	24	64	99	96		117.5556
520	9	Si4b1	B4b1	313	313	1	24	64	99	96		117.6111
521	9	La4	A4	305	305	1	24	64	99	96		117.6667
522	9	Si4b1	B4b1	313	313	3	8	577	95	96		118.1667
523	9	Si4b1	B4b1	313	313	3	8	577	95	96	sen 	118.6667
524	9	Si4b1	B4b1	313	313	3	8	577	95	96	sen 	119.1667
525	9	Re5	D5	327	327	1	8	192	99	96	sen  	119.3333
526	9	Do5	C5	318	318	1	8	192	99	96		119.5
527	9	Re5	D5	327	327	1	8	192	99	96		119.6667
528	9	Do5	C5	318	318	1	8	192	99	96		119.8333
529	9	Si4b1	B4b1	313	313	1	16	96	99	96		119.9167
530	9	La4#4	A4#4	309	309	1	16	96	99	96		120
531	9	Si4b1	B4b1	313	313	1	8	192	50	96		120.1667
