Sira	Kod	Nota53	NotaAE	Koma53	KomaAE	Pay	Payda	Ms	LNS	Bas	Soz1	Offset
1	9	La5	A5	358	358	1	4	1111	95	96	1. HANE	0.2
2	9	La5	A5	358	358	1	8	556	95	96		0.3
3	9	La5	A5	358	358	1	16	278	95	96		0.35
4	9	Si5	B5	367	367	1	16	278	95	96		0.4
5	9	La5	A5	358	358	1	16	278	95	96		0.45
6	9	Sol5#4	G5#4	353	353	1	16	278	95	96		0.5
7	9	Fa5#1	F5#1	341	341	1	8	556	95	96		0.6
8	9	Mi5	E5	336	336	1	8	556	95	96		0.7
9	9	Fa5#1	F5#1	341	341	1	8	556	95	96		0.8
10	9	Mi5	E5	336	336	1	8	556	95	96		0.9
11	9	Re5	D5	327	327	1	8	556	95	96		1
12	9	Do5#4	C5#4	322	322	1	16	278	95	96		1.05
13	9	Re5	D5	327	327	1	16	278	95	96		1.1
14	9	Mi5	E5	336	336	1	16	278	95	96		1.15
15	9	Fa5#1	F5#1	341	341	1	16	278	95	96		1.2
16	9	Sol5#4	G5#4	353	353	1	16	278	95	96		1.25
17	9	La5	A5	358	358	1	16	278	95	96		1.3
18	9	Sol5#4	G5#4	353	353	1	16	278	95	96		1.35
19	9	La5	A5	358	358	1	8	556	95	96		1.45
20	9	Sol5#4	G5#4	353	353	1	16	278	95	96		1.5
21	9	Fa5#1	F5#1	341	341	3	32	417	95	96		1.575
22	9	Mi5	E5	336	336	1	32	139	95	96		1.6
23	9	Re5	D5	327	327	1	8	556	95	96		1.7
24	9	La5	A5	358	358	1	4	1111	95	96		1.9
25	9			-1	-1	1	8	556	100	0		2
26	9	Do6	C6	371	371	1	4	1111	95	96		2.2
27	9	Do6	C6	371	371	1	16	278	95	96		2.25
28	9	Si5	B5	367	367	1	16	278	95	96		2.3
29	9	Si5	B5	367	367	3	16	833	95	96		2.45
30	9	La5	A5	358	358	1	16	278	95	96		2.5
31	9	La5	A5	358	358	3	32	417	95	96		2.575
32	9	Sol5#4	G5#4	353	353	1	32	139	95	96		2.6
33	9	La5	A5	358	358	1	16	278	95	96		2.65
34	9	Do6	C6	371	371	1	16	278	95	96		2.7
35	9	Si5	B5	367	367	1	16	278	95	96		2.75
36	9	Do6	C6	371	371	1	16	278	95	96		2.8
37	9	Si5	B5	367	367	1	16	278	95	96		2.85
38	9	La5	A5	358	358	1	16	278	95	96		2.9
39	9	Sol5#4	G5#4	353	353	1	16	278	95	96		2.95
40	9	Fa5#1	F5#1	341	341	1	16	278	95	96		3
41	9	Mi5	E5	336	336	1	4	1111	95	96		3.2
42	9	Si5	B5	367	367	1	16	278	95	96		3.25
43	9	La5	A5	358	358	1	16	278	95	96		3.3
44	9	Sol5#4	G5#4	353	353	3	16	833	95	96		3.45
45	9	La5	A5	358	358	1	16	278	95	96		3.5
46	9	Sol5#4	G5#4	353	353	1	16	278	95	96		3.55
47	9	Fa5#1	F5#1	341	341	1	16	278	95	96		3.6
48	9	Fa5#1	F5#1	341	341	1	16	278	95	96		3.65
49	9	Mi5	E5	336	336	1	16	278	95	96		3.7
50	9	Mi5	E5	336	336	1	4	1111	95	96		3.9
51	9			-1	-1	1	8	556	100	0		4
52	9	Re5	D5	327	327	1	4	1111	95	96	TESLÝM	4.2
53	9	Mi5	E5	336	336	1	8	556	95	96		4.3
54	9	Mi5	E5	336	336	1	8	556	95	96		4.4
55	9	Mi5	E5	336	336	1	16	278	95	96		4.45
56	9	Re5	D5	327	327	1	16	278	95	96		4.5
57	9	Mi5	E5	336	336	1	8	556	95	96		4.6
58	9	Fa5#4	F5#4	344	344	1	8	556	95	96		4.7
59	9	Sol5	G5	349	349	1	8	556	95	96		4.8
60	9	La5	A5	358	358	1	8	556	95	96		4.9
61	9	Sol5	G5	349	349	1	16	278	95	96		4.95
62	9	Fa5#4	F5#4	344	344	1	16	278	95	96		5
63	9	La5	A5	358	358	1	4	1111	95	96		5.2
64	9	La5	A5	358	358	1	16	278	95	96		5.25
65	9	Sol5	G5	349	349	1	16	278	95	96		5.3
66	9	Sol5	G5	349	349	1	16	278	95	96		5.35
67	9	Fa5	F5	340	340	1	16	278	95	96		5.4
68	9	Fa5	F5	340	340	1	16	278	95	96		5.45
69	9	Mi5	E5	336	336	1	16	278	95	96		5.5
70	9	Mi5	E5	336	336	1	16	278	95	96		5.55
71	9	Re5	D5	327	327	1	16	278	95	96		5.6
72	9	Re5	D5	327	327	1	16	278	95	96		5.65
73	9	Do5	C5	318	318	1	16	278	95	96		5.7
74	9	Mi5	E5	336	336	1	4	1111	95	96		5.9
75	9			-1	-1	1	8	556	100	0		6
76	9	Fa5#1	F5#1	341	341	3	32	417	95	96		6.075
77	9	Mi5	E5	336	336	1	32	139	95	96		6.1
78	9	Re5#4	D5#4	331	331	1	16	278	95	96		6.15
79	9	Mi5	E5	336	336	1	16	278	95	96		6.2
80	9	Fa5#1	F5#1	341	341	1	16	278	95	96		6.25
81	9	Mi5	E5	336	336	1	16	278	95	96		6.3
82	9	Fa5#1	F5#1	341	341	3	32	417	95	96		6.375
83	9	Mi5	E5	336	336	1	32	139	95	96		6.4
84	9	Re5#4	D5#4	331	331	1	16	278	95	96		6.45
85	9	Mi5	E5	336	336	1	16	278	95	96		6.5
86	9	Fa5#1	F5#1	341	341	1	16	278	95	96		6.55
87	9	Sol5#4	G5#4	353	353	1	16	278	95	96		6.6
88	9	La5	A5	358	358	1	16	278	95	96		6.65
89	9	Si5	B5	367	367	1	16	278	95	96		6.7
90	9	Sol5#4	G5#4	353	353	1	8	556	95	96		6.8
91	9	Fa5#1	F5#1	341	341	1	8	556	95	96		6.9
92	9	Mi5	E5	336	336	1	8	556	95	96		7
93	9	Fa5#1	F5#1	341	341	3	16	833	95	96		7.15
94	9	Mi5	E5	336	336	1	16	278	95	96		7.2
95	9	Si5	B5	367	367	1	16	278	95	96		7.25
96	9	La5	A5	358	358	1	16	278	95	96		7.3
97	9	Re6	D6	380	380	1	16	278	95	96		7.35
98	9	Do6	C6	371	371	1	16	278	95	96		7.4
99	9	Si5	B5	367	367	1	16	278	95	96		7.45
100	9	La5	A5	358	358	1	16	278	95	96		7.5
101	9	Sol5#4	G5#4	353	353	1	16	278	95	96		7.55
102	9	Fa5#1	F5#1	341	341	1	16	278	95	96		7.6
103	9	Fa5#1	F5#1	341	341	1	16	278	95	96		7.65
104	9	Mi5	E5	336	336	1	16	278	95	96		7.7
105	9	Mi5	E5	336	336	1	4	1111	95	96		7.9
106	9			-1	-1	1	8	556	100	0		8
107	9	Re5	D5	327	327	1	4	1111	95	96		8.2
108	9	Mi5	E5	336	336	1	8	556	95	96		8.3
109	9	Mi5	E5	336	336	1	8	556	95	96		8.4
110	9	Mi5	E5	336	336	1	16	278	95	96		8.45
111	9	Re5	D5	327	327	1	16	278	95	96		8.5
112	9	Mi5	E5	336	336	1	8	556	95	96		8.6
113	9	Fa5#4	F5#4	344	344	1	8	556	95	96		8.7
114	9	Sol5	G5	349	349	1	8	556	95	96		8.8
115	9	Sol5	G5	349	349	1	16	278	95	96		8.85
116	9	La5	A5	358	358	1	16	278	95	96		8.9
117	9	Sol5	G5	349	349	1	16	278	95	96		8.95
118	9	Fa5#4	F5#4	344	344	1	16	278	95	96		9
119	9	La5	A5	358	358	1	4	1111	95	96		9.2
120	9	La5	A5	358	358	1	16	278	95	96		9.25
121	9	Sol5	G5	349	349	1	16	278	95	96		9.3
122	9	Fa5#4	F5#4	344	344	3	32	417	95	96		9.375
123	9	Mi5	E5	336	336	1	32	139	95	96		9.4
124	9	Fa5#4	F5#4	344	344	1	16	278	95	96		9.45
125	9	Sol5	G5	349	349	1	16	278	95	96		9.5
126	9	Mi5	E5	336	336	3	32	417	95	96		9.575
127	9	Re5	D5	327	327	1	32	139	95	96		9.6
128	9	Mi5	E5	336	336	1	16	278	95	96		9.65
129	9	Fa5	F5	340	340	1	16	278	95	96		9.7
130	9	Re5	D5	327	327	1	8	556	95	96		9.8
131	9	Re5	D5	327	327	1	16	278	95	96		9.85
132	9	Mi5	E5	336	336	1	16	278	95	96		9.9
133	9	Do5	C5	318	318	1	8	556	95	96		10
134	9	Si4b1	B4b1	313	313	1	16	278	95	96		10.05
135	9	Do5	C5	318	318	1	16	278	95	96		10.1
136	9	Re5	D5	327	327	1	16	278	95	96		10.15
137	9	Mi5	E5	336	336	1	16	278	95	96		10.2
138	9	Fa5#4	F5#4	344	344	1	16	278	95	96		10.25
139	9	Sol5	G5	349	349	1	16	278	95	96		10.3
140	9	La5	A5	358	358	3	32	417	95	96		10.375
141	9	Sol5	G5	349	349	1	32	139	95	96		10.4
142	9	Fa5#4	F5#4	344	344	1	16	278	95	96		10.45
143	9	La5	A5	358	358	1	16	278	95	96		10.5
144	9	Sol5	G5	349	349	3	32	417	95	96		10.575
145	9	Fa5	F5	340	340	1	32	139	95	96		10.6
146	9	Mi5	E5	336	336	1	16	278	95	96		10.65
147	9	Sol5	G5	349	349	1	16	278	95	96		10.7
148	9	Fa5	F5	340	340	3	32	417	95	96		10.775
149	9	Mi5	E5	336	336	1	32	139	95	96		10.8
150	9	Re5	D5	327	327	1	16	278	95	96		10.85
151	9	Fa5	F5	340	340	1	16	278	95	96		10.9
152	9	Mi5	E5	336	336	1	16	278	95	96		10.95
153	9	Re5	D5	327	327	1	16	278	95	96		11
154	9	Do5	C5	318	318	1	16	278	95	96		11.05
155	9	Re5	D5	327	327	1	16	278	95	96		11.1
156	9	Do5	C5	318	318	1	16	278	95	96		11.15
157	9	Si4b1	B4b1	313	313	1	16	278	95	96		11.2
158	9	La4	A4	305	305	1	16	278	95	96		11.25
159	9	Si4b1	B4b1	313	313	1	16	278	95	96		11.3
160	9	Sol4	G4	296	296	1	8	556	95	96		11.4
161	9	Mi5	E5	336	336	1	16	278	95	96		11.45
162	9	Re5	D5	327	327	1	16	278	95	96		11.5
163	9	Do5	C5	318	318	1	16	278	95	96		11.55
164	9	Si4b1	B4b1	313	313	1	16	278	95	96		11.6
165	9	Si4b1	B4b1	313	313	1	16	278	95	96		11.65
166	9	La4	A4	305	305	1	16	278	95	96		11.7
167	9	La4	A4	305	305	1	4	1111	95	96		11.9
168	9			-1	-1	1	8	556	100	0		12
169	9	Mi5	E5	336	336	1	4	1111	95	96	2. HANE	12.2
170	9	Mi5	E5	336	336	1	8	556	95	96		12.3
171	9	Mi5	E5	336	336	1	32	139	95	96		12.325
172	9	Re5#4	D5#4	331	331	1	32	139	95	96		12.35
173	9	Mi5	E5	336	336	1	32	139	95	96		12.375
174	9	Fa5#1	F5#1	341	341	1	32	139	95	96		12.4
175	9	Mi5	E5	336	336	1	16	278	95	96		12.45
176	9	Re5#4	D5#4	331	331	1	16	278	95	96		12.5
177	9	Do5	C5	318	318	1	8	556	95	96		12.6
178	9	Si4	B4	314	314	1	8	556	95	96		12.7
179	9	Do5	C5	318	318	1	8	556	95	96		12.8
180	9	Si4	B4	314	314	1	8	556	95	96		12.9
181	9	La4	A4	305	305	1	8	556	95	96		13
182	9	Sol4#4	G4#4	300	300	1	16	278	95	96		13.05
183	9	La4	A4	305	305	1	16	278	95	96		13.1
184	9	Si4	B4	314	314	1	16	278	95	96		13.15
185	9	Do5	C5	318	318	1	16	278	95	96		13.2
186	9	Re5#4	D5#4	331	331	1	16	278	95	96		13.25
187	9	Mi5	E5	336	336	1	16	278	95	96		13.3
188	9	Fa5#1	F5#1	341	341	1	16	278	95	96		13.35
189	9	Si5	B5	367	367	1	16	278	95	96		13.4
190	9	La5	A5	358	358	1	16	278	95	96		13.45
191	9	Sol5#4	G5#4	353	353	1	16	278	95	96		13.5
192	9	Sol5#4	G5#4	353	353	1	16	278	95	96		13.55
193	9	Fa5#1	F5#1	341	341	1	16	278	95	96		13.6
194	9	Fa5#1	F5#1	341	341	1	16	278	95	96		13.65
195	9	Mi5	E5	336	336	1	16	278	95	96		13.7
196	9	Mi5	E5	336	336	1	16	278	95	96		13.75
197	9	Re5	D5	327	327	1	16	278	95	96		13.8
198	9	Re5	D5	327	327	1	16	278	95	96		13.85
199	9	Do5#4	C5#4	322	322	1	16	278	95	96		13.9
200	9	Re5	D5	327	327	1	8	556	95	96		14
201	9	Re5	D5	327	327	1	4	1111	95	96		14.2
202	9	Do5#4	C5#4	322	322	1	16	278	95	96		14.25
203	9	Re5	D5	327	327	1	16	278	95	96		14.3
204	9	Mi5	E5	336	336	1	8	556	95	96		14.4
205	9	Re5	D5	327	327	1	16	278	95	96		14.45
206	9	Mi5	E5	336	336	1	16	278	95	96		14.5
207	9	Fa5#1	F5#1	341	341	1	8	556	95	96		14.6
208	9	Mi5	E5	336	336	1	16	278	95	96		14.65
209	9	Fa5#1	F5#1	341	341	1	16	278	95	96		14.7
210	9	Sol5#4	G5#4	353	353	1	8	556	95	96		14.8
211	9	Sol5#4	G5#4	353	353	1	16	278	95	96		14.85
212	9	La5	A5	358	358	1	16	278	95	96		14.9
213	9	Sol5#4	G5#4	353	353	1	16	278	95	96		14.95
214	9	Fa5#1	F5#1	341	341	1	16	278	95	96		15
215	9	Mi5	E5	336	336	3	16	833	95	96		15.15
216	9	Mi6	E6	389	389	1	16	278	95	96		15.2
217	9	Re6	D6	380	380	1	16	278	95	96		15.25
218	9	Do6	C6	371	371	1	16	278	95	96		15.3
219	9	Si5	B5	367	367	1	16	278	95	96		15.35
220	9	La5	A5	358	358	1	16	278	95	96		15.4
221	9	La5	A5	358	358	1	16	278	95	96		15.45
222	9	Sol5#4	G5#4	353	353	1	16	278	95	96		15.5
223	9	Sol5#4	G5#4	353	353	1	16	278	95	96		15.55
224	9	Fa5#1	F5#1	341	341	1	16	278	95	96		15.6
225	9	Fa5#1	F5#1	341	341	1	16	278	95	96		15.65
226	9	Mi5	E5	336	336	1	16	278	95	96		15.7
227	9	Mi5	E5	336	336	1	4	1111	95	96		15.9
228	9			-1	-1	1	8	556	100	0		16
229	52			0	0	1	8	0	108	0		16.1
230	9	Re5	D5	327	327	1	4	1111	95	96	TESLÝM	16.3
231	9	Mi5	E5	336	336	1	8	556	95	96		16.4
232	9	Mi5	E5	336	336	1	8	556	95	96		16.5
233	9	Mi5	E5	336	336	1	16	278	95	96		16.55
234	9	Re5	D5	327	327	1	16	278	95	96		16.6
235	9	Mi5	E5	336	336	1	8	556	95	96		16.7
236	9	Fa5#4	F5#4	344	344	1	8	556	95	96		16.8
237	9	Sol5	G5	349	349	1	8	556	95	96		16.9
238	9	La5	A5	358	358	1	8	556	95	96		17
239	9	Sol5	G5	349	349	1	16	278	95	96		17.05
240	9	Fa5#4	F5#4	344	344	1	16	278	95	96		17.1
241	9	La5	A5	358	358	1	4	1111	95	96		17.3
242	9	La5	A5	358	358	1	16	278	95	96		17.35
243	9	Sol5	G5	349	349	1	16	278	95	96		17.4
244	9	Sol5	G5	349	349	1	16	278	95	96		17.45
245	9	Fa5	F5	340	340	1	16	278	95	96		17.5
246	9	Fa5	F5	340	340	1	16	278	95	96		17.55
247	9	Mi5	E5	336	336	1	16	278	95	96		17.6
248	9	Mi5	E5	336	336	1	16	278	95	96		17.65
249	9	Re5	D5	327	327	1	16	278	95	96		17.7
250	9	Re5	D5	327	327	1	16	278	95	96		17.75
251	9	Do5	C5	318	318	1	16	278	95	96		17.8
252	9	Mi5	E5	336	336	1	4	1111	95	96		18
253	9			-1	-1	1	8	556	100	0		18.1
254	9	Fa5#1	F5#1	341	341	3	32	417	95	96		18.175
255	9	Mi5	E5	336	336	1	32	139	95	96		18.2
256	9	Re5#4	D5#4	331	331	1	16	278	95	96		18.25
257	9	Mi5	E5	336	336	1	16	278	95	96		18.3
258	9	Fa5#1	F5#1	341	341	1	16	278	95	96		18.35
259	9	Mi5	E5	336	336	1	16	278	95	96		18.4
260	9	Fa5#1	F5#1	341	341	3	32	417	95	96		18.475
261	9	Mi5	E5	336	336	1	32	139	95	96		18.5
262	9	Re5#4	D5#4	331	331	1	16	278	95	96		18.55
263	9	Mi5	E5	336	336	1	16	278	95	96		18.6
264	9	Fa5#1	F5#1	341	341	1	16	278	95	96		18.65
265	9	Sol5#4	G5#4	353	353	1	16	278	95	96		18.7
266	9	La5	A5	358	358	1	16	278	95	96		18.75
267	9	Si5	B5	367	367	1	16	278	95	96		18.8
268	9	Sol5#4	G5#4	353	353	1	8	556	95	96		18.9
269	9	Fa5#1	F5#1	341	341	1	8	556	95	96		19
270	9	Mi5	E5	336	336	1	8	556	95	96		19.1
271	9	Fa5#1	F5#1	341	341	3	16	833	95	96		19.25
272	9	Mi5	E5	336	336	1	16	278	95	96		19.3
273	9	Si5	B5	367	367	1	16	278	95	96		19.35
274	9	La5	A5	358	358	1	16	278	95	96		19.4
275	9	Re6	D6	380	380	1	16	278	95	96		19.45
276	9	Do6	C6	371	371	1	16	278	95	96		19.5
277	9	Si5	B5	367	367	1	16	278	95	96		19.55
278	9	La5	A5	358	358	1	16	278	95	96		19.6
279	9	Sol5#4	G5#4	353	353	1	16	278	95	96		19.65
280	9	Fa5#1	F5#1	341	341	1	16	278	95	96		19.7
281	9	Fa5#1	F5#1	341	341	1	16	278	95	96		19.75
282	9	Mi5	E5	336	336	1	16	278	95	96		19.8
283	9	Mi5	E5	336	336	1	4	1111	95	96		20
284	9			-1	-1	1	8	556	100	0		20.1
285	9	Re5	D5	327	327	1	4	1111	95	96		20.3
286	9	Mi5	E5	336	336	1	8	556	95	96		20.4
287	9	Mi5	E5	336	336	1	8	556	95	96		20.5
288	9	Mi5	E5	336	336	1	16	278	95	96		20.55
289	9	Re5	D5	327	327	1	16	278	95	96		20.6
290	9	Mi5	E5	336	336	1	8	556	95	96		20.7
291	9	Fa5#4	F5#4	344	344	1	8	556	95	96		20.8
292	9	Sol5	G5	349	349	1	8	556	95	96		20.9
293	9	Sol5	G5	349	349	1	16	278	95	96		20.95
294	9	La5	A5	358	358	1	16	278	95	96		21
295	9	Sol5	G5	349	349	1	16	278	95	96		21.05
296	9	Fa5#4	F5#4	344	344	1	16	278	95	96		21.1
297	9	La5	A5	358	358	1	4	1111	95	96		21.3
298	9	La5	A5	358	358	1	16	278	95	96		21.35
299	9	Sol5	G5	349	349	1	16	278	95	96		21.4
300	9	Fa5#4	F5#4	344	344	3	32	417	95	96		21.475
301	9	Mi5	E5	336	336	1	32	139	95	96		21.5
302	9	Fa5#4	F5#4	344	344	1	16	278	95	96		21.55
303	9	Sol5	G5	349	349	1	16	278	95	96		21.6
304	9	Mi5	E5	336	336	3	32	417	95	96		21.675
305	9	Re5	D5	327	327	1	32	139	95	96		21.7
306	9	Mi5	E5	336	336	1	16	278	95	96		21.75
307	9	Fa5	F5	340	340	1	16	278	95	96		21.8
308	9	Re5	D5	327	327	1	8	556	95	96		21.9
309	9	Re5	D5	327	327	1	16	278	95	96		21.95
310	9	Mi5	E5	336	336	1	16	278	95	96		22
311	9	Do5	C5	318	318	1	8	556	95	96		22.1
312	9	Si4b1	B4b1	313	313	1	16	278	95	96		22.15
313	9	Do5	C5	318	318	1	16	278	95	96		22.2
314	9	Re5	D5	327	327	1	16	278	95	96		22.25
315	9	Mi5	E5	336	336	1	16	278	95	96		22.3
316	9	Fa5#4	F5#4	344	344	1	16	278	95	96		22.35
317	9	Sol5	G5	349	349	1	16	278	95	96		22.4
318	9	La5	A5	358	358	3	32	417	95	96		22.475
319	9	Sol5	G5	349	349	1	32	139	95	96		22.5
320	9	Fa5#4	F5#4	344	344	1	16	278	95	96		22.55
321	9	La5	A5	358	358	1	16	278	95	96		22.6
322	9	Sol5	G5	349	349	3	32	417	95	96		22.675
323	9	Fa5	F5	340	340	1	32	139	95	96		22.7
324	9	Mi5	E5	336	336	1	16	278	95	96		22.75
325	9	Sol5	G5	349	349	1	16	278	95	96		22.8
326	9	Fa5	F5	340	340	3	32	417	95	96		22.875
327	9	Mi5	E5	336	336	1	32	139	95	96		22.9
328	9	Re5	D5	327	327	1	16	278	95	96		22.95
329	9	Fa5	F5	340	340	1	16	278	95	96		23
330	9	Mi5	E5	336	336	1	16	278	95	96		23.05
331	9	Re5	D5	327	327	1	16	278	95	96		23.1
332	9	Do5	C5	318	318	1	16	278	95	96		23.15
333	9	Re5	D5	327	327	1	16	278	95	96		23.2
334	9	Do5	C5	318	318	1	16	278	95	96		23.25
335	9	Si4b1	B4b1	313	313	1	16	278	95	96		23.3
336	9	La4	A4	305	305	1	16	278	95	96		23.35
337	9	Si4b1	B4b1	313	313	1	16	278	95	96		23.4
338	9	Sol4	G4	296	296	1	8	556	95	96		23.5
339	9	Mi5	E5	336	336	1	16	278	95	96		23.55
340	9	Re5	D5	327	327	1	16	278	95	96		23.6
341	9	Do5	C5	318	318	1	16	278	95	96		23.65
342	9	Si4b1	B4b1	313	313	1	16	278	95	96		23.7
343	9	Si4b1	B4b1	313	313	1	16	278	95	96		23.75
344	9	La4	A4	305	305	1	16	278	95	96		23.8
345	9	La4	A4	305	305	1	4	1111	95	96		24
346	9			-1	-1	1	8	556	100	0		24.1
347	9	La5	A5	358	358	1	4	1111	95	96	3. HANE	24.3
348	9	La5	A5	358	358	1	16	278	95	96		24.35
349	9	Sol5#4	G5#4	353	353	1	16	278	95	96		24.4
350	9	La5	A5	358	358	1	8	556	95	96		24.5
351	9	Si5	B5	367	367	1	8	556	95	96		24.6
352	9	Do6	C6	371	371	1	8	556	95	96		24.7
353	9	Re6	D6	380	380	1	8	556	95	96		24.8
354	9	Mi6	E6	389	389	1	4	1111	95	96		25
355	9			-1	-1	1	8	556	100	0		25.1
356	9	Re6	D6	380	380	1	4	1111	95	96		25.3
357	9	Re6	D6	380	380	1	8	556	95	96		25.4
358	9	Re6	D6	380	380	1	16	278	95	96		25.45
359	9	Mi6	E6	389	389	1	16	278	95	96		25.5
360	9	Mi6	E6	389	389	1	16	278	95	96		25.55
361	9	Re6	D6	380	380	1	16	278	95	96		25.6
362	9	Re6	D6	380	380	1	16	278	95	96		25.65
363	9	Do6	C6	371	371	1	16	278	95	96		25.7
364	9	Do6	C6	371	371	1	16	278	95	96		25.75
365	9	Si5	B5	367	367	1	16	278	95	96		25.8
366	9	Do6	C6	371	371	1	4	1111	95	96		26
367	9			-1	-1	1	8	556	100	0		26.1
368	9	Mi5	E5	336	336	1	16	278	95	96		26.15
369	9	Re5#4	D5#4	331	331	1	16	278	95	96		26.2
370	9	Mi5	E5	336	336	1	16	278	95	96		26.25
371	9	Fa5#1	F5#1	341	341	1	16	278	95	96		26.3
372	9	Sol5#4	G5#4	353	353	1	16	278	95	96		26.35
373	9	La5	A5	358	358	1	16	278	95	96		26.4
374	9	Si5	B5	367	367	1	16	278	95	96		26.45
375	9	Do6	C6	371	371	1	16	278	95	96		26.5
376	9	Re6	D6	380	380	1	16	278	95	96		26.55
377	9	Mi6	E6	389	389	1	16	278	95	96		26.6
378	9	Re6	D6	380	380	1	16	278	95	96		26.65
379	9	Do6	C6	371	371	1	16	278	95	96		26.7
380	9	Si5	B5	367	367	1	16	278	95	96		26.75
381	9	La5	A5	358	358	1	16	278	95	96		26.8
382	9	Sol5#4	G5#4	353	353	1	16	278	95	96		26.85
383	9	La5	A5	358	358	1	16	278	95	96		26.9
384	9	Sol5#4	G5#4	353	353	1	16	278	95	96		26.95
385	9	Fa5#1	F5#1	341	341	1	16	278	95	96		27
386	9	Mi5	E5	336	336	1	8	556	95	96		27.1
387	9	Fa5#1	F5#1	341	341	3	16	833	95	96		27.25
388	9	Mi5	E5	336	336	1	16	278	95	96		27.3
389	9	Si5	B5	367	367	1	16	278	95	96		27.35
390	9	La5	A5	358	358	1	16	278	95	96		27.4
391	9	La5	A5	358	358	1	16	278	95	96		27.45
392	9	Sol5#4	G5#4	353	353	1	8	556	95	96		27.55
393	9	La5	A5	358	358	1	16	278	95	96		27.6
394	9	Sol5#4	G5#4	353	353	1	16	278	95	96		27.65
395	9	Fa5#1	F5#1	341	341	1	16	278	95	96		27.7
396	9	Fa5#1	F5#1	341	341	1	16	278	95	96		27.75
397	9	Mi5	E5	336	336	1	16	278	95	96		27.8
398	9	Mi5	E5	336	336	1	4	1111	95	96		28
399	9			-1	-1	1	8	556	100	0		28.1
400	9	Re5	D5	327	327	1	4	1111	95	96	TESLÝM	28.3
401	9	Mi5	E5	336	336	1	8	556	95	96		28.4
402	9	Mi5	E5	336	336	1	8	556	95	96		28.5
403	9	Mi5	E5	336	336	1	16	278	95	96		28.55
404	9	Re5	D5	327	327	1	16	278	95	96		28.6
405	9	Mi5	E5	336	336	1	8	556	95	96		28.7
406	9	Fa5#4	F5#4	344	344	1	8	556	95	96		28.8
407	9	Sol5	G5	349	349	1	8	556	95	96		28.9
408	9	La5	A5	358	358	1	8	556	95	96		29
409	9	Sol5	G5	349	349	1	16	278	95	96		29.05
410	9	Fa5#4	F5#4	344	344	1	16	278	95	96		29.1
411	9	La5	A5	358	358	1	4	1111	95	96		29.3
412	9	La5	A5	358	358	1	16	278	95	96		29.35
413	9	Sol5	G5	349	349	1	16	278	95	96		29.4
414	9	Sol5	G5	349	349	1	16	278	95	96		29.45
415	9	Fa5	F5	340	340	1	16	278	95	96		29.5
416	9	Fa5	F5	340	340	1	16	278	95	96		29.55
417	9	Mi5	E5	336	336	1	16	278	95	96		29.6
418	9	Mi5	E5	336	336	1	16	278	95	96		29.65
419	9	Re5	D5	327	327	1	16	278	95	96		29.7
420	9	Re5	D5	327	327	1	16	278	95	96		29.75
421	9	Do5	C5	318	318	1	16	278	95	96		29.8
422	9	Mi5	E5	336	336	1	4	1111	95	96		30
423	9			-1	-1	1	8	556	100	0		30.1
424	9	Fa5#1	F5#1	341	341	3	32	417	95	96		30.175
425	9	Mi5	E5	336	336	1	32	139	95	96		30.2
426	9	Re5#4	D5#4	331	331	1	16	278	95	96		30.25
427	9	Mi5	E5	336	336	1	16	278	95	96		30.3
428	9	Fa5#1	F5#1	341	341	1	16	278	95	96		30.35
429	9	Mi5	E5	336	336	1	16	278	95	96		30.4
430	9	Fa5#1	F5#1	341	341	3	32	417	95	96		30.475
431	9	Mi5	E5	336	336	1	32	139	95	96		30.5
432	9	Re5#4	D5#4	331	331	1	16	278	95	96		30.55
433	9	Mi5	E5	336	336	1	16	278	95	96		30.6
434	9	Fa5#1	F5#1	341	341	1	16	278	95	96		30.65
435	9	Sol5#4	G5#4	353	353	1	16	278	95	96		30.7
436	9	La5	A5	358	358	1	16	278	95	96		30.75
437	9	Si5	B5	367	367	1	16	278	95	96		30.8
438	9	Sol5#4	G5#4	353	353	1	8	556	95	96		30.9
439	9	Fa5#1	F5#1	341	341	1	8	556	95	96		31
440	9	Mi5	E5	336	336	1	8	556	95	96		31.1
441	9	Fa5#1	F5#1	341	341	3	16	833	95	96		31.25
442	9	Mi5	E5	336	336	1	16	278	95	96		31.3
443	9	Si5	B5	367	367	1	16	278	95	96		31.35
444	9	La5	A5	358	358	1	16	278	95	96		31.4
445	9	Re6	D6	380	380	1	16	278	95	96		31.45
446	9	Do6	C6	371	371	1	16	278	95	96		31.5
447	9	Si5	B5	367	367	1	16	278	95	96		31.55
448	9	La5	A5	358	358	1	16	278	95	96		31.6
449	9	Sol5#4	G5#4	353	353	1	16	278	95	96		31.65
450	9	Fa5#1	F5#1	341	341	1	16	278	95	96		31.7
451	9	Fa5#1	F5#1	341	341	1	16	278	95	96		31.75
452	9	Mi5	E5	336	336	1	16	278	95	96		31.8
453	9	Mi5	E5	336	336	1	4	1111	95	96		32
454	9			-1	-1	1	8	556	100	0		32.1
455	9	Re5	D5	327	327	1	4	1111	95	96		32.3
456	9	Mi5	E5	336	336	1	8	556	95	96		32.4
457	9	Mi5	E5	336	336	1	8	556	95	96		32.5
458	9	Mi5	E5	336	336	1	16	278	95	96		32.55
459	9	Re5	D5	327	327	1	16	278	95	96		32.6
460	9	Mi5	E5	336	336	1	8	556	95	96		32.7
461	9	Fa5#4	F5#4	344	344	1	8	556	95	96		32.8
462	9	Sol5	G5	349	349	1	8	556	95	96		32.9
463	9	Sol5	G5	349	349	1	16	278	95	96		32.95
464	9	La5	A5	358	358	1	16	278	95	96		33
465	9	Sol5	G5	349	349	1	16	278	95	96		33.05
466	9	Fa5#4	F5#4	344	344	1	16	278	95	96		33.1
467	9	La5	A5	358	358	1	4	1111	95	96		33.3
468	9	La5	A5	358	358	1	16	278	95	96		33.35
469	9	Sol5	G5	349	349	1	16	278	95	96		33.4
470	9	Fa5#4	F5#4	344	344	3	32	417	95	96		33.475
471	9	Mi5	E5	336	336	1	32	139	95	96		33.5
472	9	Fa5#4	F5#4	344	344	1	16	278	95	96		33.55
473	9	Sol5	G5	349	349	1	16	278	95	96		33.6
474	9	Mi5	E5	336	336	3	32	417	95	96		33.675
475	9	Re5	D5	327	327	1	32	139	95	96		33.7
476	9	Mi5	E5	336	336	1	16	278	95	96		33.75
477	9	Fa5	F5	340	340	1	16	278	95	96		33.8
478	9	Re5	D5	327	327	1	8	556	95	96		33.9
479	9	Re5	D5	327	327	1	16	278	95	96		33.95
480	9	Mi5	E5	336	336	1	16	278	95	96		34
481	9	Do5	C5	318	318	1	8	556	95	96		34.1
482	9	Si4b1	B4b1	313	313	1	16	278	95	96		34.15
483	9	Do5	C5	318	318	1	16	278	95	96		34.2
484	9	Re5	D5	327	327	1	16	278	95	96		34.25
485	9	Mi5	E5	336	336	1	16	278	95	96		34.3
486	9	Fa5#4	F5#4	344	344	1	16	278	95	96		34.35
487	9	Sol5	G5	349	349	1	16	278	95	96		34.4
488	9	La5	A5	358	358	3	32	417	95	96		34.475
489	9	Sol5	G5	349	349	1	32	139	95	96		34.5
490	9	Fa5#4	F5#4	344	344	1	16	278	95	96		34.55
491	9	La5	A5	358	358	1	16	278	95	96		34.6
492	9	Sol5	G5	349	349	3	32	417	95	96		34.675
493	9	Fa5	F5	340	340	1	32	139	95	96		34.7
494	9	Mi5	E5	336	336	1	16	278	95	96		34.75
495	9	Sol5	G5	349	349	1	16	278	95	96		34.8
496	9	Fa5	F5	340	340	3	32	417	95	96		34.875
497	9	Mi5	E5	336	336	1	32	139	95	96		34.9
498	9	Re5	D5	327	327	1	16	278	95	96		34.95
499	9	Fa5	F5	340	340	1	16	278	95	96		35
500	9	Mi5	E5	336	336	1	16	278	95	96		35.05
501	9	Re5	D5	327	327	1	16	278	95	96		35.1
502	9	Do5	C5	318	318	1	16	278	95	96		35.15
503	9	Re5	D5	327	327	1	16	278	95	96		35.2
504	9	Do5	C5	318	318	1	16	278	95	96		35.25
505	9	Si4b1	B4b1	313	313	1	16	278	95	96		35.3
506	9	La4	A4	305	305	1	16	278	95	96		35.35
507	9	Si4b1	B4b1	313	313	1	16	278	95	96		35.4
508	9	Sol4	G4	296	296	1	8	556	95	96		35.5
509	9	Mi5	E5	336	336	1	16	278	95	96		35.55
510	9	Re5	D5	327	327	1	16	278	95	96		35.6
511	9	Do5	C5	318	318	1	16	278	95	96		35.65
512	9	Si4b1	B4b1	313	313	1	16	278	95	96		35.7
513	9	Si4b1	B4b1	313	313	1	16	278	95	96		35.75
514	9	La4	A4	305	305	1	16	278	95	96		35.8
515	9	La4	A4	305	305	1	4	1111	95	96		36
516	9			-1	-1	1	8	556	100	0		36.1
517	51			0	0	6	4	0	90	0		36.1
518	52			0	0	1	4	0	127	53		36.26667
519	9	La5	A5	358	358	3	16	250	95	96	4. HANE	36.39167
520	9	Sol5#4	G5#4	353	353	1	16	83	95	96		36.43333
521	9	La5	A5	358	358	1	12	111	95	96		36.48889
522	9	Si5	B5	367	367	1	12	111	95	96		36.54445
523	9	Do6	C6	371	371	1	12	111	95	96		36.6
524	9	Re6	D6	380	380	1	32	42	95	96		36.62083
525	9	Do6	C6	371	371	1	32	42	95	96		36.64167
526	9	Re6	D6	380	380	1	32	42	95	96		36.6625
527	9	Mi6	E6	389	389	1	32	42	95	96		36.68333
528	9	Re6	D6	380	380	1	16	83	95	96		36.725
529	9	Do6	C6	371	371	1	16	83	95	96		36.76667
530	9	Do6	C6	371	371	1	12	111	95	96		36.82222
531	9	Si5	B5	367	367	1	12	111	95	96		36.87778
532	9	La5	A5	358	358	1	12	111	95	96		36.93333
533	9	La5	A5	358	358	1	32	42	95	96		36.95417
534	9	Sol5#4	G5#4	353	353	1	32	42	95	96		36.975
535	9	La5	A5	358	358	1	32	42	95	96		36.99583
536	9	Do6	C6	371	371	1	32	42	95	96		37.01667
537	9	Si5	B5	367	367	1	16	83	95	96		37.05833
538	9	La5	A5	358	358	1	16	83	95	96		37.1
539	9	Sol5#4	G5#4	353	353	1	32	42	95	96		37.12083
540	9	La5	A5	358	358	1	32	42	95	96		37.14167
541	9	Sol5#4	G5#4	353	353	1	32	42	95	96		37.1625
542	9	Fa5#1	F5#1	341	341	1	32	42	95	96		37.18333
543	9	Mi5	E5	336	336	1	8	167	95	96		37.26667
544	9	Mi5	E5	336	336	1	16	83	95	96		37.30833
545	9	Fa5#1	F5#1	341	341	1	16	83	95	96		37.35
546	9	Sol5#4	G5#4	353	353	1	16	83	95	96		37.39167
547	9	La5	A5	358	358	1	16	83	95	96		37.43333
548	9	Si5	B5	367	367	1	16	83	95	96		37.475
549	9	Do6	C6	371	371	1	16	83	95	96		37.51667
550	9	Si5	B5	367	367	1	16	83	95	96		37.55833
551	9	La5	A5	358	358	1	16	83	95	96		37.6
552	9	Sol5#4	G5#4	353	353	1	12	111	95	96		37.65556
553	9	La5	A5	358	358	1	12	111	95	96		37.71111
554	9	Do6	C6	371	371	1	12	111	95	96		37.76667
555	9	Si5	B5	367	367	1	4	333	95	96		37.93333
556	9	Mi5	E5	336	336	1	16	83	95	96		37.975
557	9	Fa5#1	F5#1	341	341	1	16	83	95	96		38.01667
558	9	Sol5#4	G5#4	353	353	1	16	83	95	96		38.05833
559	9	La5	A5	358	358	1	16	83	95	96		38.1
560	9	Si5	B5	367	367	1	4	333	95	96		38.26667
561	9	La5	A5	358	358	3	16	250	95	96	4. HANE	38.39167
562	9	Sol5#4	G5#4	353	353	1	16	83	95	96		38.43333
563	9	La5	A5	358	358	1	12	111	95	96		38.48889
564	9	Si5	B5	367	367	1	12	111	95	96		38.54445
565	9	Do6	C6	371	371	1	12	111	95	96		38.6
566	9	Re6	D6	380	380	1	32	42	95	96		38.62083
567	9	Do6	C6	371	371	1	32	42	95	96		38.64167
568	9	Re6	D6	380	380	1	32	42	95	96		38.6625
569	9	Mi6	E6	389	389	1	32	42	95	96		38.68333
570	9	Re6	D6	380	380	1	16	83	95	96		38.725
571	9	Do6	C6	371	371	1	16	83	95	96		38.76667
572	9	Do6	C6	371	371	1	12	111	95	96		38.82222
573	9	Si5	B5	367	367	1	12	111	95	96		38.87778
574	9	La5	A5	358	358	1	12	111	95	96		38.93333
575	9	La5	A5	358	358	1	32	42	95	96		38.95417
576	9	Sol5#4	G5#4	353	353	1	32	42	95	96		38.975
577	9	La5	A5	358	358	1	32	42	95	96		38.99583
578	9	Do6	C6	371	371	1	32	42	95	96		39.01667
579	9	Si5	B5	367	367	1	16	83	95	96		39.05833
580	9	La5	A5	358	358	1	16	83	95	96		39.1
581	9	Sol5#4	G5#4	353	353	1	32	42	95	96		39.12083
582	9	La5	A5	358	358	1	32	42	95	96		39.14167
583	9	Sol5#4	G5#4	353	353	1	32	42	95	96		39.1625
584	9	Fa5#1	F5#1	341	341	1	32	42	95	96		39.18333
585	9	Mi5	E5	336	336	1	8	167	95	96		39.26667
586	9	Mi5	E5	336	336	1	16	83	95	96		39.30833
587	9	Fa5#1	F5#1	341	341	1	16	83	95	96		39.35
588	9	Sol5#4	G5#4	353	353	1	16	83	95	96		39.39167
589	9	La5	A5	358	358	1	16	83	95	96		39.43333
590	9	Si5	B5	367	367	1	16	83	95	96		39.475
591	9	Do6	C6	371	371	1	16	83	95	96		39.51667
592	9	Si5	B5	367	367	1	16	83	95	96		39.55833
593	9	La5	A5	358	358	1	16	83	95	96		39.6
594	9	Sol5#4	G5#4	353	353	1	12	111	95	96		39.65556
595	9	La5	A5	358	358	1	12	111	95	96		39.71111
596	9	Si5	B5	367	367	1	12	111	95	96		39.76667
597	9	La5	A5	358	358	1	4	333	95	96		39.93333
598	9	Mi5	E5	336	336	1	16	83	95	96		39.975
599	9	Fa5#1	F5#1	341	341	1	16	83	95	96		40.01667
600	9	Sol5#4	G5#4	353	353	1	16	83	95	96		40.05833
601	9	Si5	B5	367	367	1	16	83	95	96		40.1
602	9	La5	A5	358	358	1	4	333	95	96		40.26667
603	9	Sol5	G5	349	349	3	16	250	95	96		40.39167
604	9	Fa5#4	F5#4	344	344	1	16	83	95	96		40.43333
605	9	Sol5	G5	349	349	1	32	42	95	96		40.45417
606	9	Fa5#4	F5#4	344	344	1	32	42	95	96		40.475
607	9	Sol5	G5	349	349	1	32	42	95	96		40.49583
608	9	Si5b5	B5b5	362	362	1	32	42	95	96		40.51667
609	9	La5	A5	358	358	1	16	83	95	96		40.55833
610	9	Sol5	G5	349	349	1	16	83	95	96		40.6
611	9	Fa5	F5	340	340	1	12	111	95	96		40.65556
612	9	Mi5	E5	336	336	1	12	111	95	96		40.71111
613	9	Fa5	F5	340	340	1	12	111	95	96		40.76667
614	9	Fa5	F5	340	340	3	16	250	95	96		40.89167
615	9	Mi5	E5	336	336	1	16	83	95	96		40.93333
616	9	La5	A5	358	358	1	12	111	95	96		40.98889
617	9	Sol5	G5	349	349	1	12	111	95	96		41.04445
618	9	La5	A5	358	358	1	12	111	95	96		41.1
619	9	Sol5	G5	349	349	1	12	111	95	96		41.15556
620	9	Fa5	F5	340	340	1	12	111	95	96		41.21111
621	9	Mi5	E5	336	336	1	12	111	95	96		41.26667
622	9	Re5	D5	327	327	1	16	83	95	96		41.30833
623	9	Mi5	E5	336	336	1	16	83	95	96		41.35
624	9	Fa5	F5	340	340	1	16	83	95	96		41.39167
625	9	Re5	D5	327	327	1	16	83	95	96		41.43333
626	9	Mi5	E5	336	336	1	4	333	95	96		41.6
627	9	Mi5	E5	336	336	1	12	111	95	96		41.65556
628	9	Re5	D5	327	327	1	12	111	95	96		41.71111
629	9	Do5#4	C5#4	322	322	1	12	111	95	96		41.76667
630	9	Sol5	G5	349	349	1	12	111	95	96		41.82222
631	9	Fa5	F5	340	340	1	12	111	95	96		41.87778
632	9	Mi5	E5	336	336	1	12	111	95	96		41.93333
633	9	Si5b5	B5b5	362	362	1	32	42	95	96		41.95417
634	9	La5	A5	358	358	1	32	42	95	96		41.975
635	9	Sol5	G5	349	349	1	16	83	95	96		42.01667
636	9	Fa5	F5	340	340	1	16	83	95	96		42.05833
637	9	Mi5	E5	336	336	1	16	83	95	96		42.1
638	9	Mi5	E5	336	336	1	4	333	95	96		42.26667
639	9	Sol5	G5	349	349	3	16	250	95	96		42.39167
640	9	Fa5#4	F5#4	344	344	1	16	83	95	96		42.43333
641	9	Sol5	G5	349	349	1	32	42	95	96		42.45417
642	9	Fa5#4	F5#4	344	344	1	32	42	95	96		42.475
643	9	Sol5	G5	349	349	1	32	42	95	96		42.49583
644	9	Si5b5	B5b5	362	362	1	32	42	95	96		42.51667
645	9	La5	A5	358	358	1	16	83	95	96		42.55833
646	9	Sol5	G5	349	349	1	16	83	95	96		42.6
647	9	Fa5	F5	340	340	1	12	111	95	96		42.65556
648	9	Mi5	E5	336	336	1	12	111	95	96		42.71111
649	9	Fa5	F5	340	340	1	12	111	95	96		42.76667
650	9	Fa5	F5	340	340	3	16	250	95	96		42.89167
651	9	Mi5	E5	336	336	1	16	83	95	96		42.93333
652	9	La5	A5	358	358	1	12	111	95	96		42.98889
653	9	Sol5	G5	349	349	1	12	111	95	96		43.04445
654	9	La5	A5	358	358	1	12	111	95	96		43.1
655	9	Sol5	G5	349	349	1	12	111	95	96		43.15556
656	9	Fa5	F5	340	340	1	12	111	95	96		43.21111
657	9	Mi5	E5	336	336	1	12	111	95	96		43.26667
658	9	Re5	D5	327	327	1	16	83	95	96		43.30833
659	9	Mi5	E5	336	336	1	16	83	95	96		43.35
660	9	Re5	D5	327	327	1	16	83	95	96		43.39167
661	9	Do5	C5	318	318	1	16	83	95	96		43.43333
662	9	Re5	D5	327	327	1	4	333	101	96		43.6
663	9	La5	A5	358	358	1	32	42	95	96		43.62083
664	9	Sol5	G5	349	349	1	32	42	95	96		43.64167
665	9	Fa5	F5	340	340	1	32	42	95	96		43.6625
666	9	Mi5	E5	336	336	1	32	42	95	96		43.68333
667	9	Re5	D5	327	327	1	16	83	95	96		43.725
668	9	Do5	C5	318	318	1	16	83	95	96		43.76667
669	9	Si4b1	B4b1	313	313	1	32	42	95	96		43.7875
670	9	Do5	C5	318	318	1	32	42	95	96		43.80833
671	9	Re5	D5	327	327	1	32	42	95	96		43.82917
672	9	Fa5	F5	340	340	1	32	42	95	96		43.85
673	9	Mi5	E5	336	336	1	16	83	95	96		43.89167
674	9	Re5	D5	327	327	1	16	83	95	96		43.93333
675	9	Do5	C5	318	318	1	32	42	95	96		43.95417
676	9	Si4b1	B4b1	313	313	1	32	42	95	96		43.975
677	9	Do5	C5	318	318	1	32	42	95	96		43.99583
678	9	La4	A4	305	305	1	32	42	95	96		44.01667
679	9	Si4b1	B4b1	313	313	1	16	83	95	96		44.05833
680	9	Sol4	G4	296	296	1	16	83	95	96		44.1
681	9	La4	A4	305	305	1	4	333	95	96		44.26667
682	51			0	0	10	8	0	30	0		44.26667
683	52			0	0	1	8	0	108	0		44.36666
684	9	Re5	D5	327	327	1	4	1111	95	96	TESLÝM	44.56667
685	9	Mi5	E5	336	336	1	8	556	95	96		44.66667
686	9	Mi5	E5	336	336	1	8	556	95	96		44.76667
687	9	Mi5	E5	336	336	1	16	278	95	96		44.81667
688	9	Re5	D5	327	327	1	16	278	95	96		44.86666
689	9	Mi5	E5	336	336	1	8	556	95	96		44.96667
690	9	Fa5#4	F5#4	344	344	1	8	556	95	96		45.06667
691	9	Sol5	G5	349	349	1	8	556	95	96		45.16667
692	9	La5	A5	358	358	1	8	556	95	96		45.26667
693	9	Sol5	G5	349	349	1	16	278	95	96		45.31667
694	9	Fa5#4	F5#4	344	344	1	16	278	95	96		45.36666
695	9	La5	A5	358	358	1	4	1111	95	96		45.56667
696	9	La5	A5	358	358	1	16	278	95	96		45.61666
697	9	Sol5	G5	349	349	1	16	278	95	96		45.66667
698	9	Sol5	G5	349	349	1	16	278	95	96		45.71667
699	9	Fa5	F5	340	340	1	16	278	95	96		45.76667
700	9	Fa5	F5	340	340	1	16	278	95	96		45.81667
701	9	Mi5	E5	336	336	1	16	278	95	96		45.86666
702	9	Mi5	E5	336	336	1	16	278	95	96		45.91667
703	9	Re5	D5	327	327	1	16	278	95	96		45.96667
704	9	Re5	D5	327	327	1	16	278	95	96		46.01667
705	9	Do5	C5	318	318	1	16	278	95	96		46.06667
706	9	Mi5	E5	336	336	1	4	1111	95	96		46.26667
707	9			-1	-1	1	8	556	100	0		46.36666
708	9	Fa5#1	F5#1	341	341	3	32	417	95	96		46.44167
709	9	Mi5	E5	336	336	1	32	139	95	96		46.46667
710	9	Re5#4	D5#4	331	331	1	16	278	95	96		46.51667
711	9	Mi5	E5	336	336	1	16	278	95	96		46.56667
712	9	Fa5#1	F5#1	341	341	1	16	278	95	96		46.61666
713	9	Mi5	E5	336	336	1	16	278	95	96		46.66667
714	9	Fa5#1	F5#1	341	341	3	32	417	95	96		46.74166
715	9	Mi5	E5	336	336	1	32	139	95	96		46.76667
716	9	Re5#4	D5#4	331	331	1	16	278	95	96		46.81667
717	9	Mi5	E5	336	336	1	16	278	95	96		46.86666
718	9	Fa5#1	F5#1	341	341	1	16	278	95	96		46.91667
719	9	Sol5#4	G5#4	353	353	1	16	278	95	96		46.96667
720	9	La5	A5	358	358	1	16	278	95	96		47.01667
721	9	Si5	B5	367	367	1	16	278	95	96		47.06667
722	9	Sol5#4	G5#4	353	353	1	8	556	95	96		47.16667
723	9	Fa5#1	F5#1	341	341	1	8	556	95	96		47.26667
724	9	Mi5	E5	336	336	1	8	556	95	96		47.36666
725	9	Fa5#1	F5#1	341	341	3	16	833	95	96		47.51667
726	9	Mi5	E5	336	336	1	16	278	95	96		47.56667
727	9	Si5	B5	367	367	1	16	278	95	96		47.61666
728	9	La5	A5	358	358	1	16	278	95	96		47.66667
729	9	Re6	D6	380	380	1	16	278	95	96		47.71667
730	9	Do6	C6	371	371	1	16	278	95	96		47.76667
731	9	Si5	B5	367	367	1	16	278	95	96		47.81667
732	9	La5	A5	358	358	1	16	278	95	96		47.86666
733	9	Sol5#4	G5#4	353	353	1	16	278	95	96		47.91667
734	9	Fa5#1	F5#1	341	341	1	16	278	95	96		47.96667
735	9	Fa5#1	F5#1	341	341	1	16	278	95	96		48.01667
736	9	Mi5	E5	336	336	1	16	278	95	96		48.06667
737	9	Mi5	E5	336	336	1	4	1111	95	96		48.26667
738	9			-1	-1	1	8	556	100	0		48.36666
739	9	Re5	D5	327	327	1	4	1111	95	96		48.56667
740	9	Mi5	E5	336	336	1	8	556	95	96		48.66667
741	9	Mi5	E5	336	336	1	8	556	95	96		48.76667
742	9	Mi5	E5	336	336	1	16	278	95	96		48.81667
743	9	Re5	D5	327	327	1	16	278	95	96		48.86666
744	9	Mi5	E5	336	336	1	8	556	95	96		48.96667
745	9	Fa5#4	F5#4	344	344	1	8	556	95	96		49.06667
746	9	Sol5	G5	349	349	1	8	556	95	96		49.16667
747	9	Sol5	G5	349	349	1	16	278	95	96		49.21667
748	9	La5	A5	358	358	1	16	278	95	96		49.26667
749	9	Sol5	G5	349	349	1	16	278	95	96		49.31667
750	9	Fa5#4	F5#4	344	344	1	16	278	95	96		49.36666
751	9	La5	A5	358	358	1	4	1111	95	96		49.56667
752	9	La5	A5	358	358	1	16	278	95	96		49.61666
753	9	Sol5	G5	349	349	1	16	278	95	96		49.66667
754	9	Fa5#4	F5#4	344	344	3	32	417	95	96		49.74166
755	9	Mi5	E5	336	336	1	32	139	95	96		49.76667
756	9	Fa5#4	F5#4	344	344	1	16	278	95	96		49.81667
757	9	Sol5	G5	349	349	1	16	278	95	96		49.86666
758	9	Mi5	E5	336	336	3	32	417	95	96		49.94167
759	9	Re5	D5	327	327	1	32	139	95	96		49.96667
760	9	Mi5	E5	336	336	1	16	278	95	96		50.01667
761	9	Fa5	F5	340	340	1	16	278	95	96		50.06667
762	9	Re5	D5	327	327	1	8	556	95	96		50.16667
763	9	Re5	D5	327	327	1	16	278	95	96		50.21667
764	9	Mi5	E5	336	336	1	16	278	95	96		50.26667
765	9	Do5	C5	318	318	1	8	556	95	96		50.36666
766	9	Si4b1	B4b1	313	313	1	16	278	95	96		50.41667
767	9	Do5	C5	318	318	1	16	278	95	96		50.46667
768	9	Re5	D5	327	327	1	16	278	95	96		50.51667
769	9	Mi5	E5	336	336	1	16	278	95	96		50.56667
770	9	Fa5#4	F5#4	344	344	1	16	278	95	96		50.61666
771	9	Sol5	G5	349	349	1	16	278	95	96		50.66667
772	9	La5	A5	358	358	3	32	417	95	96		50.74166
773	9	Sol5	G5	349	349	1	32	139	95	96		50.76667
774	9	Fa5#4	F5#4	344	344	1	16	278	95	96		50.81667
775	9	La5	A5	358	358	1	16	278	95	96		50.86666
776	9	Sol5	G5	349	349	3	32	417	95	96		50.94167
777	9	Fa5	F5	340	340	1	32	139	95	96		50.96667
778	9	Mi5	E5	336	336	1	16	278	95	96		51.01667
779	9	Sol5	G5	349	349	1	16	278	95	96		51.06667
780	9	Fa5	F5	340	340	3	32	417	95	96		51.14167
781	9	Mi5	E5	336	336	1	32	139	95	96		51.16667
782	9	Re5	D5	327	327	1	16	278	95	96		51.21667
783	9	Fa5	F5	340	340	1	16	278	95	96		51.26667
784	9	Mi5	E5	336	336	1	16	278	95	96		51.31667
785	9	Re5	D5	327	327	1	16	278	95	96		51.36666
786	9	Do5	C5	318	318	1	16	278	95	96		51.41667
787	9	Re5	D5	327	327	1	16	278	95	96		51.46667
788	9	Do5	C5	318	318	1	16	278	95	96		51.51667
789	9	Si4b1	B4b1	313	313	1	16	278	95	96		51.56667
790	9	La4	A4	305	305	1	16	278	95	96		51.61666
791	9	Si4b1	B4b1	313	313	1	16	278	95	96		51.66667
792	9	Sol4	G4	296	296	1	8	556	95	96		51.76667
793	9	Mi5	E5	336	336	1	16	278	95	96		51.81667
794	9	Re5	D5	327	327	1	16	278	95	96		51.86666
795	9	Do5	C5	318	318	1	16	278	95	96		51.91667
796	9	Si4b1	B4b1	313	313	1	16	278	95	96		51.96667
797	9	Si4b1	B4b1	313	313	1	16	278	95	96		52.01667
798	9	La4	A4	305	305	1	16	278	95	96		52.06667
799	9	La4	A4	305	305	1	4	1111	95	96		52.26667
800	9			-1	-1	1	8	556	100	0		52.36666
