Sira	Kod	Nota53	NotaAE	Koma53	KomaAE	Pay	Payda	Ms	LNS	Bas	Soz1	Offset
1	9	Re5	D5	327	327	3	32	312	95	96	ARANAÐME 	0.0625
2	9	Do5	C5	318	318	1	32	104	95	96	.	8.333334E-02
3	9	Re5	D5	327	327	1	16	208	95	96	.	0.125
4	9	Si4b1	B4b1	313	313	1	16	208	95	96	.	0.1666667
5	9	Sol4	G4	296	296	1	4	833	95	96	.	0.3333333
6	10	Mi5b4	E5b4	332	332	1	8	417	95	96	.	0.4166667
7	8	Fa5#4	F5#4	344	344	0	0	0	95	96	.	0.4166667
8	10	Mi5b4	E5b4	332	332	1	16	208	95	96	.	0.4583333
9	8	Fa5#4	F5#4	344	344	0	0	0	95	96	.	0.4583333
10	9	Re5	D5	327	327	1	16	208	95	96	.	0.5
11	9	Do5	C5	318	318	3	32	312	95	96	.	0.5625
12	9	Si4b1	B4b1	313	313	1	32	104	95	96	.	0.5833333
13	9	Do5	C5	318	318	1	16	208	95	96	.	0.625
14	9	Re5	D5	327	327	1	16	208	95	96	.	0.6666667
15	9	Mi5b4	E5b4	332	332	3	32	312	95	96	.	0.7291667
16	9	Re5	D5	327	327	1	32	104	95	96	.	0.75
17	9	Mi5b4	E5b4	332	332	1	16	208	95	96	.	0.7916667
18	11	Fa5#4	F5#4	344	344	1	16	208	95	96	.	0.8333333
19	9	Mi5b4	E5b4	332	332	1	16	208	95	96	.	0.875
20	11	Fa5#4	F5#4	344	344	1	16	208	95	96	.	0.9166667
21	11	Mi5b4	E5b4	332	332	1	16	208	95	96	.	0.9583333
22	9	Re5	D5	327	327	1	16	208	95	96	.	1
23	9			-1	-1	1	16	208	100	0	.	1.041667
24	9	La5	A5	358	358	1	16	208	95	96	.	1.083333
25	9	Sol5	G5	349	349	1	16	208	95	96	.	1.125
26	9	La5	A5	358	358	1	16	208	95	96	.	1.166667
27	9	Si5b5	B5b5	362	362	1	16	208	95	96	.	1.208333
28	9	Do6	C6	371	371	1	16	208	95	96	.	1.25
29	9	La5	A5	358	358	1	16	208	95	96	.	1.291667
30	9	Sol5	G5	349	349	1	16	208	95	96	.	1.333333
31	9	Fa5#4	F5#4	344	344	3	32	312	95	96	.	1.395833
32	9	Sol5	G5	349	349	1	32	104	95	96	.	1.416667
33	9	Fa5#4	F5#4	344	344	1	16	208	95	96	.	1.458333
34	9	Sol5	G5	349	349	1	16	208	95	96	.	1.5
35	9	Fa5#4	F5#4	344	344	1	16	208	95	96	.	1.541667
36	9	Mi5b4	E5b4	332	332	1	16	208	95	96	.	1.583333
37	9	Mi5b4	E5b4	332	332	1	16	208	95	96	.	1.625
38	11	Re5	D5	327	327	1	16	208	95	96	.	1.666667
39	9	Re5	D5	327	327	1	4	833	95	96	.	1.833333
40	1	La4b4	A4b4	301	301	1	24	139	95	96	.	1.861111
41	1	Si4b1	B4b1	313	313	1	24	139	95	96	.	1.888889
42	1	Do5	C5	318	318	1	24	139	95	96	.	1.916667
43	1	Re5	D5	327	327	1	24	139	95	96	.	1.944444
44	1	Mi5b4	E5b4	332	332	1	24	139	95	96	.	1.972222
45	1	Fa5#4	F5#4	344	344	1	24	139	95	96	.	2
46	9	Sol5	G5	349	349	3	32	312	95	96	.	2.0625
47	9	Fa5#4	F5#4	344	344	1	32	104	95	96	.	2.083333
48	9	Sol5	G5	349	349	1	16	208	95	96	.	2.125
49	9	Fa5#4	F5#4	344	344	1	16	208	95	96	.	2.166667
50	9	Mi5b4	E5b4	332	332	3	32	312	95	96	.	2.229167
51	9	Re5	D5	327	327	1	32	104	95	114	.	2.25
52	9	Mi5b4	E5b4	332	332	1	16	208	95	102	.	2.291667
53	9	Re5	D5	327	327	1	16	208	95	90	.	2.333333
54	7	Do5	C5	318	318	2	16	417	95	78	.	2.416667
55	7	Re5	D5	327	327	2	16	417	95	96	.	2.5
56	7	Mi5b4	E5b4	332	332	2	16	417	95	96	.	2.583333
57	7	Sol5	G5	349	349	2	16	417	95	96	.	2.666667
58	8	Sol5	G5	349	349	0	0	0	95	96	.	2.666667
59	9	Fa5#4	F5#4	344	344	1	8	417	95	96	.	2.75
60	9	Mi5b4	E5b4	332	332	1	8	417	95	96	.	2.833333
61	9	Re5	D5	327	327	1	8	417	95	96	.	2.916667
62	10	Do5	C5	318	318	1	8	417	95	96	.	3
63	8	Re5	D5	327	327	0	0	0	95	96	.	3
64	9	Si4b1	B4b1	313	313	3	16	625	95	96	.	3.125
65	11	Mi5b4	E5b4	332	332	1	16	208	95	96	.	3.166667
66	9	Re5	D5	327	327	1	8	417	95	96	.	3.25
67	10	Do5	C5	318	318	1	8	417	95	96	.	3.333333
68	8	Re5	D5	327	327	0	0	0	95	96	.	3.333333
69	9	Si4b1	B4b1	313	313	3	16	625	95	96	.	3.458333
70	9	La4b4	A4b4	301	301	1	16	208	95	96	.	3.5
71	9	Do5	C5	318	318	1	24	139	95	96	.	3.527778
72	9	Si4b1	B4b1	313	313	1	24	139	95	96	.	3.555556
73	9	La4b4	A4b4	301	301	1	24	139	95	96	.	3.583333
74	9	La4b4	A4b4	301	301	1	16	208	95	96	.	3.625
75	11	Sol4	G4	296	296	1	16	208	95	96	.	3.666667
76	9	Sol4	G4	296	296	1	2	1667	95	96	.	4
77	52			0	0	1	4	0	72	0		4.166667
78	9	Re5	D5	327	327	3	32	312	95	96	ARANAÐME 	4.229167
79	9	Do5	C5	318	318	1	32	104	95	96	.	4.25
80	9	Re5	D5	327	327	1	16	208	95	96	.	4.291667
81	9	Si4b1	B4b1	313	313	1	16	208	95	96	.	4.333333
82	9	Sol4	G4	296	296	1	4	833	95	96	.	4.5
83	10	Mi5b4	E5b4	332	332	1	8	417	95	96	.	4.583333
84	8	Fa5#4	F5#4	344	344	0	0	0	95	96	.	4.583333
85	10	Mi5b4	E5b4	332	332	1	16	208	95	96	.	4.625
86	8	Fa5#4	F5#4	344	344	0	0	0	95	96	.	4.625
87	9	Re5	D5	327	327	1	16	208	95	96	.	4.666667
88	9	Do5	C5	318	318	3	32	312	95	96	.	4.729167
89	9	Si4b1	B4b1	313	313	1	32	104	95	96	.	4.75
90	9	Do5	C5	318	318	1	16	208	95	96	.	4.791667
91	9	Re5	D5	327	327	1	16	208	95	96	.	4.833333
92	9	Mi5b4	E5b4	332	332	3	32	312	95	96	.	4.895833
93	9	Re5	D5	327	327	1	32	104	95	96	.	4.916667
94	9	Mi5b4	E5b4	332	332	1	16	208	95	96	.	4.958333
95	11	Fa5#4	F5#4	344	344	1	16	208	95	96	.	5
96	9	Mi5b4	E5b4	332	332	1	16	208	95	96	.	5.041667
97	11	Fa5#4	F5#4	344	344	1	16	208	95	96	.	5.083333
98	11	Mi5b4	E5b4	332	332	1	16	208	95	96	.	5.125
99	9	Re5	D5	327	327	1	16	208	95	96	.	5.166667
100	9			-1	-1	1	16	208	100	0	.	5.208333
101	9	La5	A5	358	358	1	16	208	95	96	.	5.25
102	9	Sol5	G5	349	349	1	16	208	95	96	.	5.291667
103	9	La5	A5	358	358	1	16	208	95	96	.	5.333333
104	9	Si5b5	B5b5	362	362	1	16	208	95	96	.	5.375
105	9	Do6	C6	371	371	1	16	208	95	96	.	5.416667
106	9	La5	A5	358	358	1	16	208	95	96	.	5.458333
107	9	Sol5	G5	349	349	1	16	208	95	96	.	5.5
108	9	Fa5#4	F5#4	344	344	3	32	312	95	96	.	5.5625
109	9	Sol5	G5	349	349	1	32	104	95	96	.	5.583333
110	9	Fa5#4	F5#4	344	344	1	16	208	95	96	.	5.625
111	9	Sol5	G5	349	349	1	16	208	95	96	.	5.666667
112	9	Fa5#4	F5#4	344	344	1	16	208	95	96	.	5.708333
113	9	Mi5b4	E5b4	332	332	1	16	208	95	96	.	5.75
114	9	Mi5b4	E5b4	332	332	1	16	208	95	96	.	5.791667
115	11	Re5	D5	327	327	1	16	208	95	96	.	5.833333
116	9	Re5	D5	327	327	1	4	833	95	96	.	6
117	1	La4b4	A4b4	301	301	1	24	139	95	96	.	6.027778
118	1	Si4b1	B4b1	313	313	1	24	139	95	96	.	6.055555
119	1	Do5	C5	318	318	1	24	139	95	96	.	6.083333
120	1	Re5	D5	327	327	1	24	139	95	96	.	6.111111
121	1	Mi5b4	E5b4	332	332	1	24	139	95	96	.	6.138889
122	1	Fa5#4	F5#4	344	344	1	24	139	95	96	.	6.166667
123	9	Sol5	G5	349	349	3	32	312	95	96	.	6.229167
124	9	Fa5#4	F5#4	344	344	1	32	104	95	96	.	6.25
125	9	Sol5	G5	349	349	1	16	208	95	96	.	6.291667
126	9	Fa5#4	F5#4	344	344	1	16	208	95	96	.	6.333333
127	9	Mi5b4	E5b4	332	332	3	32	312	95	96	.	6.395833
128	9	Re5	D5	327	327	1	32	104	95	114	.	6.416667
129	9	Mi5b4	E5b4	332	332	1	16	208	95	102	.	6.458333
130	9	Re5	D5	327	327	1	16	208	95	90	.	6.5
131	7	Do5	C5	318	318	2	16	417	95	78	.	6.583333
132	7	Re5	D5	327	327	2	16	417	95	96	.	6.666667
133	7	Mi5b4	E5b4	332	332	2	16	417	95	96	.	6.75
134	7	Sol5	G5	349	349	2	16	417	95	96	.	6.833333
135	8	Sol5	G5	349	349	0	0	0	95	96	.	6.833333
136	9	Fa5#4	F5#4	344	344	1	8	417	95	96	.	6.916667
137	9	Mi5b4	E5b4	332	332	1	8	417	95	96	.	7
138	9	Re5	D5	327	327	1	8	417	95	96	.	7.083333
139	10	Do5	C5	318	318	1	8	417	95	96	.	7.166667
140	8	Re5	D5	327	327	0	0	0	95	96	.	7.166667
141	9	Si4b1	B4b1	313	313	3	16	625	95	96	.	7.291667
142	11	Mi5b4	E5b4	332	332	1	16	208	95	96	.	7.333333
143	11	Re5	D5	327	327	1	8	417	95	96	.	7.416667
144	10	Do5	C5	318	318	1	8	417	95	96	.	7.5
145	8	Re5	D5	327	327	0	0	0	95	96	.	7.5
146	9	Si4b1	B4b1	313	313	3	16	625	95	96	.	7.625
147	9	La4b4	A4b4	301	301	1	16	208	95	96	.	7.666667
148	9	Do5	C5	318	318	1	24	139	95	96	.	7.694445
149	9	Si4b1	B4b1	313	313	1	24	139	95	96	.	7.722222
150	9	La4b4	A4b4	301	301	1	24	139	95	96	.	7.75
151	9	La4b4	A4b4	301	301	1	16	208	95	96	.	7.791667
152	11	Sol4	G4	296	296	1	16	208	95	96	.	7.833333
153	9	Sol4	G4	296	296	1	2	1667	95	96	.	8.166667
154	9	Sol4	G4	296	296	3	32	312	99	96	Hâl_	8.229167
155	9	La4b4	A4b4	301	301	1	32	104	99	96		8.25
156	9	Sol4	G4	296	296	1	16	208	99	96		8.291667
157	9	La4b4	A4b4	301	301	1	16	208	95	96		8.333333
158	23	Si4b1	B4b1	313	313	1	8	417	99	96	i 	8.416667
159	9	Do5	C5	318	318	1	8	417	95	96		8.5
160	12	Re5	D5	327	327	2	16	417	99	96	di	8.583333
161	9	Do5	C5	318	318	1	16	208	99	96		8.625
162	9	Si4b1	B4b1	313	313	1	16	208	95	96		8.666667
163	12	Fa5#4	F5#4	344	344	2	16	417	99	96	li	8.75
164	9	Mi5b4	E5b4	332	332	1	16	208	99	96		8.791667
165	9	Re5	D5	327	327	1	16	208	95	96		8.833333
166	12	Re5	D5	327	327	2	16	417	99	96	mi 	8.916667
167	9	Do5	C5	318	318	1	16	208	99	96		8.958333
168	9	Re5	D5	327	327	1	16	208	99	96		9
169	12	Mi5b4	E5b4	332	332	2	16	417	99	96		9.083333
170	9	Re5	D5	327	327	1	16	208	99	96		9.125
171	9	Do5	C5	318	318	1	16	208	95	96		9.166667
172	23	Si4b1	B4b1	313	313	1	8	417	99	96	þerh_	9.25
173	12	Do5	C5	318	318	6	24	833	99	96		9.416667
174	9	Do5	C5	318	318	1	16	208	99	96		9.458333
175	9	Si4b1	B4b1	313	313	1	16	208	95	96		9.5
176	9	Si4b1	B4b1	313	313	3	32	312	99	96	e	9.5625
177	9	Do5	C5	318	318	1	32	104	99	96		9.583333
178	9	Si4b1	B4b1	313	313	1	16	208	99	96		9.625
179	9	La4b4	A4b4	301	301	1	16	208	95	96		9.666667
180	9	Si4b1	B4b1	313	313	1	16	208	99	96	de	9.708333
181	9	La4b4	A4b4	301	301	1	16	208	99	96		9.75
182	9	La4b4	A4b4	301	301	1	16	208	99	96		9.791667
183	11	Sol4	G4	296	296	1	16	208	95	96		9.833333
184	9	Sol4	G4	296	296	3	16	625	95	96	mem 	9.958333
185	1	La4b4	A4b4	301	301	1	16	208	50	96	SAZ	10
186	1	Si4b1	B4b1	313	313	1	16	208	50	96	.	10.04167
187	1	Do5	C5	318	318	1	16	208	50	96	.	10.08333
188	1	Re5	D5	327	327	1	8	417	95	96	.	10.16667
189	9	Si4b1	B4b1	313	313	1	4	833	99	96	ki	10.33333
190	9	Re5	D5	327	327	1	4	833	99	96		10.5
191	9	Do5	C5	318	318	1	4	833	99	96		10.66667
192	9	Mi5b4	E5b4	332	332	1	4	833	99	96		10.83333
193	9	Mi5b4	E5b4	332	332	1	16	208	99	96		10.875
194	9	Re5	D5	327	327	1	16	208	99	96		10.91667
195	9	Mi5b4	E5b4	332	332	1	16	208	99	96		10.95833
196	11	Fa5#4	F5#4	344	344	1	16	208	99	96		11
197	9	Mi5b4	E5b4	332	332	1	8	417	99	96		11.08333
198	9	Re5	D5	327	327	1	8	417	95	96		11.16667
199	9	La5	A5	358	358	3	32	312	99	96	kim	11.22917
200	9	Si5b5	B5b5	362	362	1	32	104	99	96		11.25
201	9	La5	A5	358	358	1	16	208	99	96		11.29167
202	9	Sol5	G5	349	349	1	16	208	95	96		11.33333
203	9	Sol5	G5	349	349	3	32	312	99	96	se	11.39583
204	9	La5	A5	358	358	1	32	104	99	96		11.41667
205	9	Sol5	G5	349	349	1	16	208	99	96		11.45833
206	9	Fa5#4	F5#4	344	344	1	16	208	95	96		11.5
207	9	Fa5#4	F5#4	344	344	3	32	312	99	96	ye 	11.5625
208	9	Sol5	G5	349	349	1	32	104	99	96		11.58333
209	9	Fa5#4	F5#4	344	344	1	16	208	99	96		11.625
210	9	Mi5b4	E5b4	332	332	1	16	208	95	96		11.66667
211	9	Sol5	G5	349	349	1	24	139	99	96	ey	11.69444
212	9	Fa5#4	F5#4	344	344	1	24	139	99	96		11.72222
213	9	Mi5b4	E5b4	332	332	1	24	139	99	96		11.75
214	9	Mi5b4	E5b4	332	332	1	16	208	99	96		11.79167
215	9	Re5	D5	327	327	1	16	208	95	96		11.83333
216	9	Re5	D5	327	327	3	16	625	95	96	vah  	11.95833
217	1	Mi5b4	E5b4	332	332	1	16	208	95	96	SAZ	12
218	1	Re5	D5	327	327	1	16	208	95	96	.	12.04167
219	1	Si4b1	B4b1	313	313	1	16	208	95	96	.	12.08333
220	1	Do5	C5	318	318	1	16	208	95	96	.	12.125
221	1	La4b4	A4b4	301	301	1	16	208	95	96	.	12.16667
222	9	Sol4	G4	296	296	1	16	208	50	96	SAZ	12.20833
223	9	Sol4	G4	296	296	1	8	417	95	96	.	12.29167
224	9	La4b4	A4b4	301	301	1	16	208	95	96	.	12.33333
225	23	Si4b1	B4b1	313	313	1	8	417	95	96	.	12.41667
226	9	Do5	C5	318	318	1	8	417	95	96	.	12.5
227	12	Re5	D5	327	327	2	16	417	95	96	.	12.58333
228	9	Do5	C5	318	318	1	16	208	95	96	.	12.625
229	9	Si4b1	B4b1	313	313	1	16	208	95	96	.	12.66667
230	12	Fa5#4	F5#4	344	344	2	16	417	95	96	.	12.75
231	11	Mi5b4	E5b4	332	332	1	16	208	95	96	.	12.79167
232	9	Re5	D5	327	327	1	16	208	95	96	.	12.83333
233	9	Re5	D5	327	327	3	32	312	95	96	.	12.89583
234	9	Mi5b4	E5b4	332	332	1	32	104	95	96	.	12.91667
235	9	Re5	D5	327	327	1	16	208	95	96	.	12.95833
236	9	Do5	C5	318	318	1	16	208	95	96	.	13
237	9	Si4b1	B4b1	313	313	1	16	208	95	96	.	13.04167
238	11	La4b4	A4b4	301	301	1	16	208	95	96	.	13.08333
239	9	Sol4	G4	296	296	1	8	417	95	96	.	13.16667
240	9	Sol4	G4	296	296	3	32	312	99	96	Hâl_	13.22917
241	9	La4b4	A4b4	301	301	1	32	104	99	96		13.25
242	9	Sol4	G4	296	296	1	16	208	99	96		13.29167
243	9	La4b4	A4b4	301	301	1	16	208	95	96		13.33333
244	23	Si4b1	B4b1	313	313	1	8	417	99	96	i 	13.41667
245	9	Do5	C5	318	318	1	8	417	95	96		13.5
246	12	Re5	D5	327	327	2	16	417	99	96	di	13.58333
247	9	Do5	C5	318	318	1	16	208	99	96		13.625
248	9	Si4b1	B4b1	313	313	1	16	208	95	96		13.66667
249	12	Fa5#4	F5#4	344	344	2	16	417	99	96	li	13.75
250	9	Mi5b4	E5b4	332	332	1	16	208	99	96		13.79167
251	9	Re5	D5	327	327	1	16	208	95	96		13.83333
252	12	Re5	D5	327	327	2	16	417	99	96	mi 	13.91667
253	9	Do5	C5	318	318	1	16	208	99	96		13.95833
254	9	Re5	D5	327	327	1	16	208	99	96		14
255	12	Mi5b4	E5b4	332	332	2	16	417	99	96		14.08333
256	9	Re5	D5	327	327	1	16	208	99	96		14.125
257	9	Do5	C5	318	318	1	16	208	95	96		14.16667
258	23	Si4b1	B4b1	313	313	1	8	417	99	96	þerh_	14.25
259	12	Do5	C5	318	318	6	24	833	99	96		14.41667
260	9	Do5	C5	318	318	1	16	208	99	96		14.45833
261	9	Si4b1	B4b1	313	313	1	16	208	95	96		14.5
262	9	Si4b1	B4b1	313	313	3	32	312	99	96	e	14.5625
263	9	Do5	C5	318	318	1	32	104	99	96		14.58333
264	9	Si4b1	B4b1	313	313	1	16	208	99	96		14.625
265	9	La4b4	A4b4	301	301	1	16	208	95	96		14.66667
266	9	Si4b1	B4b1	313	313	1	16	208	99	96	de	14.70833
267	9	La4b4	A4b4	301	301	1	16	208	99	96		14.75
268	9	La4b4	A4b4	301	301	1	16	208	99	96		14.79167
269	11	Sol4	G4	296	296	1	16	208	95	96		14.83333
270	9	Sol4	G4	296	296	3	16	625	95	96	mem 	14.95833
271	1	La4b4	A4b4	301	301	1	16	208	50	96	SAZ	15
272	1	Si4b1	B4b1	313	313	1	16	208	50	96	.	15.04167
273	1	Do5	C5	318	318	1	16	208	50	96	.	15.08333
274	1	Re5	D5	327	327	1	8	417	95	96	.	15.16667
275	9	Si4b1	B4b1	313	313	1	4	833	99	96	ki	15.33333
276	9	Re5	D5	327	327	1	4	833	99	96		15.5
277	9	Do5	C5	318	318	1	4	833	99	96		15.66667
278	9	Mi5b4	E5b4	332	332	1	4	833	99	96		15.83333
279	9	Mi5b4	E5b4	332	332	1	16	208	99	96		15.875
280	9	Re5	D5	327	327	1	16	208	99	96		15.91667
281	9	Mi5b4	E5b4	332	332	1	16	208	99	96		15.95833
282	11	Fa5#4	F5#4	344	344	1	16	208	99	96		16
283	9	Mi5b4	E5b4	332	332	1	8	417	99	96		16.08333
284	9	Re5	D5	327	327	1	8	417	95	96		16.16667
285	9	La5	A5	358	358	3	32	312	99	96	kim	16.22917
286	9	Si5b5	B5b5	362	362	1	32	104	99	96		16.25
287	9	La5	A5	358	358	1	16	208	99	96		16.29167
288	9	Sol5	G5	349	349	1	16	208	95	96		16.33333
289	9	Sol5	G5	349	349	3	32	312	99	96	se	16.39583
290	9	La5	A5	358	358	1	32	104	99	96		16.41667
291	9	Sol5	G5	349	349	1	16	208	99	96		16.45833
292	9	Fa5#4	F5#4	344	344	1	16	208	95	96		16.5
293	9	Fa5#4	F5#4	344	344	3	32	312	99	96	ye 	16.5625
294	9	Sol5	G5	349	349	1	32	104	99	96		16.58333
295	9	Fa5#4	F5#4	344	344	1	16	208	99	96		16.625
296	9	Mi5b4	E5b4	332	332	1	16	208	95	96		16.66667
297	9	Sol5	G5	349	349	1	24	139	99	96	ey	16.69444
298	9	Fa5#4	F5#4	344	344	1	24	139	99	96		16.72222
299	9	Mi5b4	E5b4	332	332	1	24	139	99	96		16.75
300	9	Mi5b4	E5b4	332	332	1	16	208	99	96		16.79167
301	9	Re5	D5	327	327	1	16	208	95	96		16.83333
302	9	Re5	D5	327	327	3	16	625	95	96	vah  	16.95833
303	1	Mi5b4	E5b4	332	332	1	16	208	95	96	SAZ	17
304	1	Re5	D5	327	327	1	16	208	95	96	.	17.04167
305	1	Si4b1	B4b1	313	313	1	16	208	95	96	.	17.08333
306	1	Do5	C5	318	318	1	16	208	95	96	.	17.125
307	1	La4b4	A4b4	301	301	1	16	208	95	96	.	17.16667
308	9	Sol4	G4	296	296	1	16	208	50	96	SAZ	17.20833
309	9	Sol4	G4	296	296	1	8	417	95	96	.	17.29167
310	9	La4b4	A4b4	301	301	1	16	208	95	96	.	17.33333
311	23	Si4b1	B4b1	313	313	1	8	417	95	96	.	17.41667
312	9	Do5	C5	318	318	1	8	417	95	96	.	17.5
313	12	Re5	D5	327	327	2	16	417	95	96	.	17.58333
314	9	Do5	C5	318	318	1	16	208	95	96	.	17.625
315	9	Si4b1	B4b1	313	313	1	16	208	95	96	.	17.66667
316	9	Re5	D5	327	327	1	16	208	95	96	.	17.70833
317	9	Fa5#4	F5#4	344	344	1	16	208	95	96	.	17.75
318	9	Mi5b4	E5b4	332	332	1	16	208	95	96	.	17.79167
319	9	Re5	D5	327	327	1	16	208	95	96	.	17.83333
320	9	Re5	D5	327	327	1	16	208	50	96	.	17.875
321	9	Sol4	G4	296	296	1	16	208	50	96	.	17.91667
322	9	La4b4	A4b4	301	301	1	16	208	50	96	.	17.95833
323	9	Si4b1	B4b1	313	313	1	16	208	50	96	.	18
324	9	Do5	C5	318	318	1	16	208	50	96	.	18.04167
325	9	Re5	D5	327	327	1	16	208	50	96	.	18.08333
326	9	Mi5b4	E5b4	332	332	1	16	208	50	96	.	18.125
327	9	Fa5#4	F5#4	344	344	1	16	208	50	96	.	18.16667
328	9	Sol5	G5	349	349	3	16	625	99	96	Bir 	18.29167
329	9	Re5	D5	327	327	1	16	208	95	96		18.33333
330	9	Re5	D5	327	327	1	4	833	95	96	ben 	18.5
331	9	Re5	D5	327	327	1	16	208	99	96	bi	18.54167
332	9	Mi5b4	E5b4	332	332	1	16	208	99	114		18.58333
333	9	Re5	D5	327	327	1	16	208	99	106		18.625
334	9	Do5	C5	318	318	1	16	208	95	99		18.66667
335	9	Si4b1	B4b1	313	313	1	4	833	95	92	li	18.83333
336	9	Si4b1	B4b1	313	313	1	16	208	99	84	rim 	18.875
337	9	Do5	C5	318	318	1	16	208	99	96		18.91667
338	9	Re5	D5	327	327	1	16	208	99	96		18.95833
339	9	Mi5b4	E5b4	332	332	1	16	208	99	96		19
340	9	Fa5#4	F5#4	344	344	1	8	417	99	114		19.08333
341	9	Mi5b4	E5b4	332	332	1	16	208	99	120		19.125
342	9	Re5	D5	327	327	1	16	208	95	96		19.16667
343	9			-1	-1	1	8	417	100	0		19.25
344	12	Mi5b4	E5b4	332	332	6	24	833	99	96	çek	19.41667
345	9	Mi5b4	E5b4	332	332	1	16	208	99	96		19.45833
346	9	Re5	D5	327	327	1	16	208	95	96		19.5
347	9	Re5	D5	327	327	3	32	312	99	96	ti	19.5625
348	9	Mi5b4	E5b4	332	332	1	32	104	99	96		19.58333
349	9	Re5	D5	327	327	1	16	208	99	96		19.625
350	9	Do5	C5	318	318	1	16	208	95	96		19.66667
351	9	Do5	C5	318	318	1	4	833	95	96	ði	19.83333
352	9	Do5	C5	318	318	1	16	208	99	96	mi 	19.875
353	9	Si4b1	B4b1	313	313	1	16	208	99	96		19.91667
354	9	Do5	C5	318	318	1	16	208	99	96		19.95833
355	9	Mi5b4	E5b4	332	332	1	16	208	99	96		20
356	9	Re5	D5	327	327	1	16	208	99	96		20.04167
357	9	Do5	C5	318	318	1	16	208	99	96		20.08333
358	9	Si4b1	B4b1	313	313	1	16	208	99	96		20.125
359	9	La4b4	A4b4	301	301	1	16	208	95	96		20.16667
360	9	Sol4	G4	296	296	3	8	1250	95	96	bir 	20.41667
361	9			-1	-1	1	8	417	100	0		20.5
362	9	Re5	D5	327	327	3	32	312	99	96	da	20.5625
363	9	Mi5b4	E5b4	332	332	1	32	104	99	96		20.58333
364	9	Re5	D5	327	327	1	16	208	99	96		20.625
365	9	Do5	C5	318	318	1	16	208	95	96		20.66667
366	12	Fa5#4	F5#4	344	344	2	32	208	99	96	hî 	20.70833
367	9	Mi5b4	E5b4	332	332	1	16	208	99	96		20.75
368	9	Re5	D5	327	327	1	16	208	99	96		20.79167
369	9	Do5	C5	318	318	1	16	208	95	96		20.83333
370	9	Si4b1	B4b1	313	313	1	8	417	99	96	Al	20.91667
371	9	Si4b1	B4b1	313	313	1	16	208	99	96		20.95833
372	9	La4b4	A4b4	301	301	1	16	208	99	96		21
373	9	Do5	C5	318	318	1	24	139	99	96		21.02778
374	9	Si4b1	B4b1	313	313	1	24	139	99	96		21.05556
375	9	La4b4	A4b4	301	301	1	24	139	99	96		21.08333
376	9	La4b4	A4b4	301	301	1	16	208	99	96		21.125
377	9	Sol4	G4	296	296	1	16	208	95	96		21.16667
378	9	Sol4	G4	296	296	3	16	625	95	96	lah  	21.29167
379	9	La4b4	A4b4	301	301	1	16	208	95	96	SAZ	21.33333
380	23	Si4b1	B4b1	313	313	1	8	417	95	96	.	21.41667
381	9	Do5	C5	318	318	1	8	417	95	96	.	21.5
382	12	Re5	D5	327	327	2	16	417	95	96	.	21.58333
383	9	Do5	C5	318	318	1	16	208	95	114	.	21.625
384	9	Si4b1	B4b1	313	313	1	16	208	95	109	.	21.66667
385	12	Fa5#4	F5#4	344	344	2	16	417	95	104	.	21.75
386	9	Mi5b4	E5b4	332	332	1	16	208	95	99	.	21.79167
387	9	Re5	D5	327	327	1	16	208	95	94	.	21.83333
388	9	Re5	D5	327	327	1	16	208	50	89	.	21.875
389	9	Sol4	G4	296	296	1	16	208	50	84	.	21.91667
390	9	La4b4	A4b4	301	301	1	16	208	50	96	.	21.95833
391	9	Si4b1	B4b1	313	313	1	16	208	50	96	.	22
392	9	Do5	C5	318	318	1	16	208	50	96	.	22.04167
393	9	Re5	D5	327	327	1	16	208	50	96	.	22.08333
394	9	Mi5b4	E5b4	332	332	1	16	208	50	96	.	22.125
395	9	Fa5#4	F5#4	344	344	1	16	208	50	96	.	22.16667
396	9	Sol5	G5	349	349	3	16	625	99	96	Bir 	22.29167
397	9	Re5	D5	327	327	1	16	208	95	96		22.33333
398	9	Re5	D5	327	327	1	4	833	95	96	ben 	22.5
399	9	Re5	D5	327	327	1	16	208	99	96	bi	22.54167
400	9	Mi5b4	E5b4	332	332	1	16	208	99	114		22.58333
401	9	Re5	D5	327	327	1	16	208	99	106		22.625
402	9	Do5	C5	318	318	1	16	208	95	99		22.66667
403	9	Si4b1	B4b1	313	313	1	4	833	95	92	li	22.83333
404	9	Si4b1	B4b1	313	313	1	16	208	99	84	rim 	22.875
405	9	Do5	C5	318	318	1	16	208	99	96		22.91667
406	9	Re5	D5	327	327	1	16	208	99	96		22.95833
407	9	Mi5b4	E5b4	332	332	1	16	208	99	96		23
408	9	Fa5#4	F5#4	344	344	1	8	417	99	114		23.08333
409	9	Mi5b4	E5b4	332	332	1	16	208	99	120		23.125
410	9	Re5	D5	327	327	1	16	208	95	96		23.16667
411	9			-1	-1	1	8	417	100	0		23.25
412	12	Mi5b4	E5b4	332	332	6	24	833	99	96	çek	23.41667
413	9	Mi5b4	E5b4	332	332	1	16	208	99	96		23.45833
414	9	Re5	D5	327	327	1	16	208	95	96		23.5
415	9	Re5	D5	327	327	3	32	312	99	96	ti	23.5625
416	9	Mi5b4	E5b4	332	332	1	32	104	99	96		23.58333
417	9	Re5	D5	327	327	1	16	208	99	96		23.625
418	9	Do5	C5	318	318	1	16	208	95	96		23.66667
419	9	Do5	C5	318	318	1	4	833	95	96	ði	23.83333
420	9	Do5	C5	318	318	1	16	208	99	96	mi 	23.875
421	9	Si4b1	B4b1	313	313	1	16	208	99	96		23.91667
422	9	Do5	C5	318	318	1	16	208	99	96		23.95833
423	9	Mi5b4	E5b4	332	332	1	16	208	99	96		24
424	9	Re5	D5	327	327	1	16	208	99	96		24.04167
425	9	Do5	C5	318	318	1	16	208	99	96		24.08333
426	9	Si4b1	B4b1	313	313	1	16	208	99	96		24.125
427	9	La4b4	A4b4	301	301	1	16	208	95	96		24.16667
428	9	Sol4	G4	296	296	3	8	1250	95	96	bir 	24.41667
429	9			-1	-1	1	8	417	100	0		24.5
430	9	Re5	D5	327	327	3	32	312	99	96	da	24.5625
431	9	Mi5b4	E5b4	332	332	1	32	104	99	96		24.58333
432	9	Re5	D5	327	327	1	16	208	99	96		24.625
433	9	Do5	C5	318	318	1	16	208	95	96		24.66667
434	12	Fa5#4	F5#4	344	344	2	32	208	99	96	hî 	24.70833
435	9	Mi5b4	E5b4	332	332	1	16	208	99	96		24.75
436	9	Re5	D5	327	327	1	16	208	99	96		24.79167
437	9	Do5	C5	318	318	1	16	208	95	96		24.83333
438	9	Si4b1	B4b1	313	313	1	8	417	99	96	Al	24.91667
439	9	Si4b1	B4b1	313	313	1	16	208	99	96		24.95833
440	9	La4b4	A4b4	301	301	1	16	208	99	96		25
441	9	Do5	C5	318	318	1	24	139	99	96		25.02778
442	9	Si4b1	B4b1	313	313	1	24	139	99	96		25.05556
443	9	La4b4	A4b4	301	301	1	24	139	99	96		25.08333
444	9	La4b4	A4b4	301	301	1	16	208	99	96		25.125
445	9	Sol4	G4	296	296	1	16	208	95	96		25.16667
446	9	Sol4	G4	296	296	1	4	833	95	96	lah  	25.33333
447	1	Sol4	G4	296	296	1	32	104	95	96	SAZ	25.35417
448	1	La4b4	A4b4	301	301	1	32	104	95	96	.	25.375
449	1	Si4b1	B4b1	313	313	1	32	104	95	96	.	25.39583
450	1	Do5	C5	318	318	1	32	104	95	96	.	25.41667
451	1	Re5	D5	327	327	1	32	104	95	96	.	25.4375
452	1	Mi5b4	E5b4	332	332	1	32	104	95	96	.	25.45833
453	1	Fa5#4	F5#4	344	344	1	32	104	95	96	.	25.47917
454	1	Sol5	G5	349	349	1	32	104	95	96	.	25.5
455	7	Sol5	G5	349	349	3	16	625	95	96	.	25.625
456	9	Fa5	F5	340	340	1	16	208	95	96	.	25.66667
457	9	Mi5b2	E5b1	334	335	3	32	312	95	96	.	25.72917
458	9	Re5	D5	327	327	1	32	104	95	96	.	25.75
459	9	Mi5b2	E5b1	334	335	1	16	208	95	96	.	25.79167
460	9	Fa5	F5	340	340	1	16	208	95	96	.	25.83333
461	12	Sol5	G5	349	349	3	16	625	95	96	.	25.95833
462	9	La5	A5	358	358	1	16	208	95	96	.	26
463	11	Fa5	F5	340	340	1	16	208	95	96	.	26.04167
464	11	Mi5b2	E5b1	334	335	1	16	208	95	96	.	26.08333
465	9	Re5	D5	327	327	1	8	417	95	96	.	26.16667
466	12	Fa5	F5	340	340	2	16	417	99	96	Vus	26.25
467	9	Fa5	F5	340	340	1	16	208	99	96		26.29167
468	9	Sol5	G5	349	349	1	16	208	95	96		26.33333
469	9	Sol5	G5	349	349	1	4	833	95	96	lat 	26.5
470	9	La5	A5	358	358	1	16	208	99	96	sö	26.54167
471	9	Sol5	G5	349	349	1	16	208	99	96		26.58333
472	9	Fa5	F5	340	340	1	8	417	95	96		26.66667
473	23	Sol5	G5	349	349	1	8	417	99	96	zü	26.75
474	9	La5	A5	358	358	1	8	417	95	96		26.83333
475	23	Sol5	G5	349	349	1	8	417	99	96	nü 	26.91667
476	9	La5	A5	358	358	1	4	833	99	96		27.08333
477	9	Sol5	G5	349	349	1	16	208	99	96		27.125
478	9	Fa5	F5	340	340	1	16	208	95	96		27.16667
479	9	Mi5b2	E5b1	334	335	1	16	208	99	96	yâd_	27.20833
480	9	Fa5	F5	340	340	1	16	208	99	96		27.25
481	9	Sol5	G5	349	349	1	16	208	99	96		27.29167
482	9	Fa5	F5	340	340	1	16	208	99	96		27.33333
483	9	Sol5	G5	349	349	1	8	417	99	96		27.41667
484	9	Fa5	F5	340	340	1	16	208	99	96		27.45833
485	9	Mi5b2	E5b1	334	335	1	16	208	95	96		27.5
486	9	Mi5b2	E5b1	334	335	3	16	625	99	96	e	27.625
487	9	Re5	D5	327	327	1	16	208	95	96		27.66667
488	12	Fa5	F5	340	340	1	8	417	99	96	de	27.75
489	9	Mi5b2	E5b1	334	335	1	16	208	99	96		27.79167
490	9	Re5	D5	327	327	1	16	208	95	96		27.83333
491	9	Re5	D5	327	327	1	4	833	99	96	rim 	28
492	9	Mi5b2	E5b1	334	335	1	16	208	99	96		28.04167
493	9	Re5	D5	327	327	1	16	208	99	96		28.08333
494	9	Mi5b2	E5b1	334	335	1	8	417	95	96		28.16667
495	9	Do5	C5	318	318	1	4	833	99	96	de	28.33333
496	9	Mi5b2	E5b1	334	335	1	4	833	99	96		28.5
497	9	Re5	D5	327	327	1	4	833	99	96		28.66667
498	9	Fa5	F5	340	340	1	4	833	99	96		28.83333
499	9	Mi5b2	E5b1	334	335	1	8	417	99	96		28.91667
500	9	Sol5	G5	349	349	1	16	208	99	96		28.95833
501	7	Fa5	F5	340	340	2	32	208	99	96		29
502	9	Mi5b2	E5b1	334	335	3	32	312	99	96		29.0625
503	9	Re5	D5	327	327	1	32	104	99	96		29.08333
504	9	Do5	C5	318	318	1	8	417	95	96		29.16667
505	9	La5	A5	358	358	3	32	312	99	96	dem 	29.22917
506	9	Si5b5	B5b5	362	362	1	32	104	99	96		29.25
507	9	La5	A5	358	358	1	16	208	99	96		29.29167
508	9	Sol5	G5	349	349	1	16	208	95	96		29.33333
509	9	Sol5	G5	349	349	3	32	312	99	96	be 	29.39583
510	9	La5	A5	358	358	1	32	104	99	96		29.41667
511	9	Sol5	G5	349	349	1	16	208	99	96		29.45833
512	9	Fa5#4	F5#4	344	344	1	16	208	95	96		29.5
513	9	Fa5	F5	340	340	3	32	312	99	96	dem 	29.5625
514	9	Sol5	G5	349	349	1	32	104	99	96		29.58333
515	9	Fa5	F5	340	340	1	16	208	99	96		29.625
516	9	Mi5b4	E5b4	332	332	1	16	208	95	96		29.66667
517	9	Sol5	G5	349	349	1	24	139	99	96	ey	29.69444
518	9	Fa5#4	F5#4	344	344	1	24	139	99	96		29.72222
519	9	Mi5b4	E5b4	332	332	1	24	139	99	96		29.75
520	9	Mi5b4	E5b4	332	332	1	16	208	99	96		29.79167
521	9	Re5	D5	327	327	1	16	208	95	96		29.83333
522	9	Re5	D5	327	327	1	4	833	95	96	vah  	30
523	1	Mi5b4	E5b4	332	332	1	32	104	95	96	SAZ	30.02083
524	1	Sol5	G5	349	349	1	32	104	95	96	.	30.04167
525	1	Fa5#4	F5#4	344	344	1	32	104	95	96	.	30.0625
526	1	Mi5b4	E5b4	332	332	1	32	104	95	96	.	30.08333
527	1	Re5	D5	327	327	1	32	104	95	96	.	30.10417
528	1	Do5	C5	318	318	1	32	104	95	96	.	30.125
529	1	Si4b1	B4b1	313	313	1	32	104	95	96	.	30.14583
530	1	La4b4	A4b4	301	301	1	32	104	95	96	.	30.16667
531	9	Sol4	G4	296	296	1	16	208	50	96	.	30.20833
532	9	Sol4	G4	296	296	1	8	417	95	96	.	30.29167
533	9	La4b4	A4b4	301	301	1	16	208	95	96	.	30.33333
534	23	Si4b1	B4b1	313	313	1	8	417	95	96	.	30.41667
535	9	Do5	C5	318	318	1	8	417	95	96	.	30.5
536	12	Re5	D5	327	327	2	16	417	95	114	.	30.58333
537	9	Do5	C5	318	318	1	16	208	95	110	.	30.625
538	9	Si4b1	B4b1	313	313	1	16	208	95	105	.	30.66667
539	9	Re5	D5	327	327	1	16	208	95	101	.	30.70833
540	9	Fa5#4	F5#4	344	344	1	16	208	95	97	.	30.75
541	9	Mi5b4	E5b4	332	332	1	16	208	95	93	.	30.79167
542	9	Re5	D5	327	327	1	16	208	95	88	.	30.83333
543	9	Re5	D5	327	327	1	16	208	50	84	.	30.875
544	9	Sol4	G4	296	296	1	16	208	50	96	.	30.91667
545	9	La4b4	A4b4	301	301	1	16	208	50	96	.	30.95833
546	9	Si4b1	B4b1	313	313	1	16	208	50	96	.	31
547	9	Do5	C5	318	318	1	16	208	50	96	.	31.04167
548	9	Re5	D5	327	327	1	16	208	50	96	.	31.08333
549	9	Mi5b4	E5b4	332	332	1	16	208	50	96	.	31.125
550	9	Fa5#4	F5#4	344	344	1	16	208	50	96	.	31.16667
551	9	Sol5	G5	349	349	3	16	625	99	96	Bir 	31.29167
552	9	Re5	D5	327	327	1	16	208	95	96		31.33333
553	9	Re5	D5	327	327	1	4	833	95	96	ben 	31.5
554	9	Re5	D5	327	327	1	16	208	99	96	bi	31.54167
555	9	Mi5b4	E5b4	332	332	1	16	208	99	114		31.58333
556	9	Re5	D5	327	327	1	16	208	99	106		31.625
557	9	Do5	C5	318	318	1	16	208	95	99		31.66667
558	9	Si4b1	B4b1	313	313	1	4	833	95	92	li	31.83333
559	9	Si4b1	B4b1	313	313	1	16	208	99	84	rim 	31.875
560	9	Do5	C5	318	318	1	16	208	99	96		31.91667
561	9	Re5	D5	327	327	1	16	208	99	96		31.95833
562	9	Mi5b4	E5b4	332	332	1	16	208	99	96		32
563	9	Fa5#4	F5#4	344	344	1	8	417	99	114		32.08333
564	9	Mi5b4	E5b4	332	332	1	16	208	99	120		32.125
565	9	Re5	D5	327	327	1	16	208	95	96		32.16667
566	9			-1	-1	1	8	417	100	0		32.25
567	12	Mi5b4	E5b4	332	332	6	24	833	99	96	çek	32.41667
568	9	Mi5b4	E5b4	332	332	1	16	208	99	96		32.45833
569	9	Re5	D5	327	327	1	16	208	95	96		32.5
570	9	Re5	D5	327	327	3	32	312	99	96	ti	32.5625
571	9	Mi5b4	E5b4	332	332	1	32	104	99	96		32.58333
572	9	Re5	D5	327	327	1	16	208	99	96		32.625
573	9	Do5	C5	318	318	1	16	208	95	96		32.66667
574	9	Do5	C5	318	318	1	4	833	95	96	ði	32.83333
575	9	Do5	C5	318	318	1	16	208	99	96	mi 	32.875
576	9	Si4b1	B4b1	313	313	1	16	208	99	96		32.91667
577	9	Do5	C5	318	318	1	16	208	99	96		32.95833
578	9	Mi5b4	E5b4	332	332	1	16	208	99	96		33
579	9	Re5	D5	327	327	1	16	208	99	96		33.04167
580	9	Do5	C5	318	318	1	16	208	99	96		33.08333
581	9	Si4b1	B4b1	313	313	1	16	208	99	96		33.125
582	9	La4b4	A4b4	301	301	1	16	208	95	96		33.16667
583	9	Sol4	G4	296	296	3	8	1250	95	96	bir 	33.41667
584	9			-1	-1	1	8	417	100	0		33.5
585	9	Re5	D5	327	327	3	32	312	99	96	da	33.5625
586	9	Mi5b4	E5b4	332	332	1	32	104	99	96		33.58333
587	9	Re5	D5	327	327	1	16	208	99	96		33.625
588	9	Do5	C5	318	318	1	16	208	95	96		33.66667
589	12	Fa5#4	F5#4	344	344	2	32	208	99	96	hî 	33.70833
590	9	Mi5b4	E5b4	332	332	1	16	208	99	96		33.75
591	9	Re5	D5	327	327	1	16	208	99	96		33.79167
592	9	Do5	C5	318	318	1	16	208	95	96		33.83333
593	9	Si4b1	B4b1	313	313	1	8	417	99	96	Al	33.91667
594	9	Si4b1	B4b1	313	313	1	16	208	99	96		33.95833
595	9	La4b4	A4b4	301	301	1	16	208	99	96		34
596	9	Do5	C5	318	318	1	24	139	99	96		34.02778
597	9	Si4b1	B4b1	313	313	1	24	139	99	96		34.05556
598	9	La4b4	A4b4	301	301	1	24	139	99	96		34.08333
599	9	La4b4	A4b4	301	301	1	16	208	99	96		34.125
600	9	Sol4	G4	296	296	1	16	208	95	96		34.16667
601	9	Sol4	G4	296	296	3	16	625	95	96	lah  	34.29167
602	9	La4b4	A4b4	301	301	1	16	208	95	96	SAZ	34.33333
603	23	Si4b1	B4b1	313	313	1	8	417	95	96	.	34.41667
604	9	Do5	C5	318	318	1	8	417	95	96	.	34.5
605	12	Re5	D5	327	327	2	16	417	95	96	.	34.58333
606	9	Do5	C5	318	318	1	16	208	95	114	.	34.625
607	9	Si4b1	B4b1	313	313	1	16	208	95	109	.	34.66667
608	12	Fa5#4	F5#4	344	344	2	16	417	95	104	.	34.75
609	9	Mi5b4	E5b4	332	332	1	16	208	95	99	.	34.79167
610	9	Re5	D5	327	327	1	16	208	95	94	.	34.83333
611	9	Re5	D5	327	327	1	16	208	50	89	.	34.875
612	9	Sol4	G4	296	296	1	16	208	50	84	.	34.91667
613	9	La4b4	A4b4	301	301	1	16	208	50	96	.	34.95833
614	9	Si4b1	B4b1	313	313	1	16	208	50	96	.	35
615	9	Do5	C5	318	318	1	16	208	50	96	.	35.04167
616	9	Re5	D5	327	327	1	16	208	50	96	.	35.08333
617	9	Mi5b4	E5b4	332	332	1	16	208	50	96	.	35.125
618	9	Fa5#4	F5#4	344	344	1	16	208	50	96	.	35.16667
619	9	Sol5	G5	349	349	3	16	625	99	96	Bir 	35.29167
620	9	Re5	D5	327	327	1	16	208	95	96		35.33333
621	9	Re5	D5	327	327	1	4	833	95	96	ben 	35.5
622	9	Re5	D5	327	327	1	16	208	99	96	bi	35.54167
623	9	Mi5b4	E5b4	332	332	1	16	208	99	114		35.58333
624	9	Re5	D5	327	327	1	16	208	99	106		35.625
625	9	Do5	C5	318	318	1	16	208	95	99		35.66667
626	9	Si4b1	B4b1	313	313	1	4	833	95	92	li	35.83333
627	9	Si4b1	B4b1	313	313	1	16	208	99	84	rim 	35.875
628	9	Do5	C5	318	318	1	16	208	99	96		35.91667
629	9	Re5	D5	327	327	1	16	208	99	96		35.95833
630	9	Mi5b4	E5b4	332	332	1	16	208	99	96		36
631	9	Fa5#4	F5#4	344	344	1	8	417	99	114		36.08333
632	9	Mi5b4	E5b4	332	332	1	16	208	99	120		36.125
633	9	Re5	D5	327	327	1	16	208	95	96		36.16667
634	9			-1	-1	1	8	417	100	0		36.25
635	12	Mi5b4	E5b4	332	332	6	24	833	99	96	çek	36.41667
636	9	Mi5b4	E5b4	332	332	1	16	208	99	96		36.45833
637	9	Re5	D5	327	327	1	16	208	95	96		36.5
638	9	Re5	D5	327	327	3	32	312	99	96	ti	36.5625
639	9	Mi5b4	E5b4	332	332	1	32	104	99	96		36.58333
640	9	Re5	D5	327	327	1	16	208	99	96		36.625
641	9	Do5	C5	318	318	1	16	208	95	96		36.66667
642	9	Do5	C5	318	318	1	4	833	95	96	ði	36.83333
643	9	Do5	C5	318	318	1	16	208	99	96	mi 	36.875
644	9	Si4b1	B4b1	313	313	1	16	208	99	96		36.91667
645	9	Do5	C5	318	318	1	16	208	99	96		36.95833
646	9	Mi5b4	E5b4	332	332	1	16	208	99	96		37
647	9	Re5	D5	327	327	1	16	208	99	96		37.04167
648	9	Do5	C5	318	318	1	16	208	99	96		37.08333
649	9	Si4b1	B4b1	313	313	1	16	208	99	96		37.125
650	9	La4b4	A4b4	301	301	1	16	208	95	96		37.16667
651	9	Sol4	G4	296	296	3	8	1250	95	96	bir 	37.41667
652	9			-1	-1	1	8	417	100	0		37.5
653	9	Re5	D5	327	327	3	32	312	99	96	da	37.5625
654	9	Mi5b4	E5b4	332	332	1	32	104	99	96		37.58333
655	9	Re5	D5	327	327	1	16	208	99	96		37.625
656	9	Do5	C5	318	318	1	16	208	95	96		37.66667
657	12	Fa5#4	F5#4	344	344	2	32	208	99	96	hî 	37.70833
658	9	Mi5b4	E5b4	332	332	1	16	208	99	96		37.75
659	9	Re5	D5	327	327	1	16	208	99	96		37.79167
660	9	Do5	C5	318	318	1	16	208	95	96		37.83333
661	9	Si4b1	B4b1	313	313	1	8	417	99	96	Al	37.91667
662	9	Si4b1	B4b1	313	313	1	16	208	99	96		37.95833
663	9	La4b4	A4b4	301	301	1	16	208	99	96		38
664	9	Do5	C5	318	318	1	24	139	99	96		38.02778
665	9	Si4b1	B4b1	313	313	1	24	139	99	96		38.05556
666	9	La4b4	A4b4	301	301	1	24	139	99	96		38.08333
667	9	La4b4	A4b4	301	301	1	16	208	99	96		38.125
668	9	Sol4	G4	296	296	1	16	208	95	96		38.16667
669	9	Sol4	G4	296	296	1	4	833	95	96	lah  	38.33333
