Sira	Kod	Nota53	NotaAE	Koma53	KomaAE	Pay	Payda	Ms	LNS	Bas	Soz1	Offset
1	9			-1	-1	1	8	385	100	0		0.125
2	9	Fa5	F5	340	340	1	8	385	95	96	ARANAÐME 	0.25
3	9	Mi5	E5	336	336	1	8	385	95	96	.	0.375
4	9	Fa5	F5	340	340	1	8	385	95	96	.	0.5
5	9	Mi5	E5	336	336	1	4	769	95	96	.	0.75
6	9	Re5	D5	327	327	1	8	385	95	96	.	0.875
7	9	Do5	C5	318	318	1	8	385	95	96	.	1
8	9			-1	-1	1	8	385	100	0	.	1.125
9	9	Mi5	E5	336	336	1	8	385	95	96	.	1.25
10	9	Re5	D5	327	327	1	8	385	95	96	.	1.375
11	9	Mi5	E5	336	336	1	8	385	95	96	.	1.5
12	9	Re5	D5	327	327	1	4	769	95	96	.	1.75
13	9	Do5	C5	318	318	1	8	385	95	96	.	1.875
14	9	Si4b2	B4b1	312	313	1	8	385	95	96	.	2
15	9			-1	-1	1	8	385	100	0	.	2.125
16	9	Re5	D5	327	327	1	8	385	95	96	.	2.25
17	9	Do5	C5	318	318	1	8	385	95	96	.	2.375
18	9	Re5	D5	327	327	1	8	385	95	96	.	2.5
19	9	Do5	C5	318	318	1	4	769	95	96	.	2.75
20	9	Si4b2	B4b1	312	313	1	8	385	95	96	.	2.875
21	9	La4	A4	305	305	1	8	385	95	96	.	3
22	9	Do5	C5	318	318	1	8	385	95	96	.	3.125
23	9	Re5	D5	327	327	1	16	192	95	96	.	3.1875
24	9	Do5	C5	318	318	1	16	192	95	96	.	3.25
25	9	Si4b2	B4b1	312	313	1	8	385	95	96	.	3.375
26	9	Si4b2	B4b1	312	313	1	16	192	95	96	.	3.4375
27	9	La4	A4	305	305	1	16	192	95	96	.	3.5
28	9	La4	A4	305	305	1	16	192	95	96	.	3.5625
29	9	Si4b2	B4b1	312	313	1	16	192	95	96	.	3.625
30	9	Do5	C5	318	318	1	16	192	95	96	.	3.6875
31	9	Re5	D5	327	327	1	16	192	95	96	.	3.75
32	9	Mi5	E5	336	336	1	16	192	95	96	.	3.8125
33	9	Re5	D5	327	327	1	16	192	95	96	.	3.875
34	9	Mi5	E5	336	336	1	8	385	95	96	.	4
35	52			0	0	1	8	0	127	29		4.125
36	9			-1	-1	1	8	385	100	0		4.25
37	9	Fa5	F5	340	340	1	8	385	95	96	ARANAÐME 	4.375
38	9	Mi5	E5	336	336	1	8	385	95	96	.	4.5
39	9	Fa5	F5	340	340	1	8	385	95	96	.	4.625
40	9	Mi5	E5	336	336	1	4	769	95	96	.	4.875
41	9	Re5	D5	327	327	1	8	385	95	96	.	5
42	9	Do5	C5	318	318	1	8	385	95	96	.	5.125
43	9			-1	-1	1	8	385	100	0	.	5.25
44	9	Mi5	E5	336	336	1	8	385	95	96	.	5.375
45	9	Re5	D5	327	327	1	8	385	95	96	.	5.5
46	9	Mi5	E5	336	336	1	8	385	95	96	.	5.625
47	9	Re5	D5	327	327	1	4	769	95	96	.	5.875
48	9	Do5	C5	318	318	1	8	385	95	96	.	6
49	9	Si4b2	B4b1	312	313	1	8	385	95	96	.	6.125
50	9			-1	-1	1	8	385	100	0	.	6.25
51	9	Re5	D5	327	327	1	8	385	95	96	.	6.375
52	9	Do5	C5	318	318	1	8	385	95	96	.	6.5
53	9	Re5	D5	327	327	1	8	385	95	96	.	6.625
54	9	Do5	C5	318	318	1	4	769	95	96	.	6.875
55	9	Si4b2	B4b1	312	313	1	8	385	95	96	.	7
56	9	La4	A4	305	305	1	8	385	95	96	.	7.125
57	9	Do5	C5	318	318	1	8	385	95	96	.	7.25
58	9	Re5	D5	327	327	1	16	192	95	96	.	7.3125
59	9	Do5	C5	318	318	1	16	192	95	96	.	7.375
60	9	Si4b2	B4b1	312	313	1	8	385	95	96	.	7.5
61	9	Si4b2	B4b1	312	313	1	16	192	95	96	.	7.5625
62	9	La4	A4	305	305	1	16	192	95	96	.	7.625
63	9	La4	A4	305	305	1	4	769	95	96	.	7.875
64	9	Sol4	G4	296	296	1	16	192	95	96	.	7.9375
65	9	La4	A4	305	305	1	16	192	95	96	.	8
66	9	Si4b2	B4b1	312	313	1	16	192	95	96	.	8.0625
67	9	Do5	C5	318	318	1	16	192	95	96	.  	8.125
68	9	Re5	D5	327	327	1	8	385	95	96	.	8.25
69	9	Re5	D5	327	327	1	4	769	95	96	Gün 	8.5
70	9	Si4b2	B4b1	312	313	1	8	385	95	96	ge	8.625
71	9	Do5	C5	318	318	3	16	577	99	96	lir 	8.8125
72	9	Re5	D5	327	327	1	16	192	95	96		8.875
73	9	Do5	C5	318	318	1	16	192	99	96	de 	8.9375
74	9	Si4b2	B4b1	312	313	1	16	192	95	96		9
75	9	Si4b2	B4b1	312	313	1	16	192	99	96	be	9.0625
76	9	La4	A4	305	305	1	16	192	95	96		9.125
77	9	La4	A4	305	305	3	8	1154	99	96	ni 	9.5
78	9	La4	A4	305	305	1	16	192	99	96	SAZ	9.5625
79	9	Si4b2	B4b1	312	313	1	16	192	99	96	.	9.625
80	9	Do5	C5	318	318	1	16	192	99	96	.	9.6875
81	9	Si4b2	B4b1	312	313	1	16	192	99	96	.	9.75
82	9	La4	A4	305	305	1	16	192	99	96	.	9.8125
83	9	Si4b2	B4b1	312	313	1	16	192	99	96	.	9.875
84	9	La4	A4	305	305	1	4	769	95	96	.	10.125
85	9	Do5	C5	318	318	1	8	385	95	96	u	10.25
86	9	Re5	D5	327	327	1	8	385	95	96	nu	10.375
87	9	Mi5	E5	336	336	1	4	769	95	96	tur	10.625
88	9	Re5	D5	327	327	1	4	769	99	96	sun 	10.875
89	9	Do5	C5	318	318	1	4	769	95	96		11.125
90	9	Si4b2	B4b1	312	313	1	8	385	95	96	u	11.25
91	9	Do5	C5	318	318	1	8	385	95	96	nu	11.375
92	9	Re5	D5	327	327	1	4	769	95	96	tur	11.625
93	9	Do5	C5	318	318	1	4	769	99	96	sun 	11.875
94	9	Si4b2	B4b1	312	313	1	8	385	99	96		12
95	9	La4	A4	305	305	1	8	385	95	96		12.125
96	9	Do5	C5	318	318	1	8	385	95	96	de	12.25
97	9	Re5	D5	327	327	1	16	192	99	96	miþ	12.3125
98	9	Do5	C5	318	318	1	16	192	99	96		12.375
99	9	Si4b2	B4b1	312	313	1	8	385	99	96		12.5
100	9	Si4b2	B4b1	312	313	1	16	192	99	96		12.5625
101	9	La4	A4	305	305	1	16	192	95	96		12.625
102	9	La4	A4	305	305	1	4	769	95	96	tin  	12.875
103	9	Mi5	E5	336	336	1	16	192	95	96	SAZ	12.9375
104	9	Re5	D5	327	327	1	16	192	95	96	.	13
105	9	Mi5	E5	336	336	1	8	385	95	96	.	13.125
106	9			-1	-1	1	8	385	100	0		13.25
107	9	Mi5	E5	336	336	1	4	769	99	96	Kal	13.5
108	9	Re5	D5	327	327	1	8	385	95	96		13.625
109	9	Re5	D5	327	327	1	8	385	99	96	bin	13.75
110	9	Do5	C5	318	318	1	8	385	95	96		13.875
111	9	Do5	C5	318	318	1	8	385	95	96	de	14
112	9	Si4b2	B4b1	312	313	1	8	385	95	96	ki 	14.125
113	9	Si4b2	B4b1	312	313	1	8	385	95	96	bu 	14.25
114	9	Do5	C5	318	318	1	4	769	99	96	der	14.5
115	9	Si4b2	B4b1	312	313	1	16	192	99	96		14.5625
116	9	La4	A4	305	305	1	16	192	95	96		14.625
117	9	Si4b2	B4b1	312	313	1	8	385	99	96	di 	14.75
118	9	Do5	C5	318	318	1	8	385	99	96		14.875
119	9	Re5	D5	327	327	1	4	769	95	96		15.125
120	9	Do5	C5	318	318	1	8	385	95	96	u	15.25
121	9	Re5	D5	327	327	1	8	385	95	96	yu	15.375
122	9	Mi5	E5	336	336	1	4	769	95	96	tur	15.625
123	9	Re5	D5	327	327	1	4	769	99	96	sun 	15.875
124	9	Do5	C5	318	318	1	4	769	95	96		16.125
125	9	Si4b2	B4b1	312	313	1	8	385	95	96	u	16.25
126	9	Do5	C5	318	318	1	8	385	95	96	yu	16.375
127	9	Re5	D5	327	327	1	4	769	95	96	tur	16.625
128	9	Do5	C5	318	318	1	4	769	99	96	sun 	16.875
129	9	Si4b2	B4b1	312	313	1	8	385	99	96		17
130	9	La4	A4	305	305	1	8	385	95	96		17.125
131	9	Do5	C5	318	318	1	8	385	95	96	de	17.25
132	9	Re5	D5	327	327	1	16	192	99	96	miþ	17.3125
133	9	Do5	C5	318	318	1	16	192	99	96		17.375
134	9	Si4b2	B4b1	312	313	1	8	385	99	96		17.5
135	9	Si4b2	B4b1	312	313	1	16	192	99	96		17.5625
136	9	La4	A4	305	305	1	16	192	95	96		17.625
137	9	La4	A4	305	305	1	2	1538	95	96	tin  	18.125
138	9	Mi5	E5	336	336	1	8	385	95	96	Ne 	18.25
139	9	Fa5	F5	340	340	1	4	769	99	96	ben 	18.5
140	9	Mi5	E5	336	336	1	8	385	95	96		18.625
141	9	La5	A5	358	358	1	16	192	99	96	se	18.6875
142	9	Sol5	G5	349	349	1	16	192	95	96		18.75
143	9	Sol5	G5	349	349	1	16	192	99	96	ni 	18.8125
144	9	Fa5	F5	340	340	1	16	192	95	96		18.875
145	9	Fa5	F5	340	340	1	16	192	99	96	u	18.9375
146	9	Mi5	E5	336	336	1	16	192	95	96		19
147	9	Mi5	E5	336	336	1	16	192	99	96	nu	19.0625
148	9	Re5	D5	327	327	1	16	192	95	96		19.125
149	9	Re5	D5	327	327	1	16	192	99	96	ta	19.1875
150	9	Do5	C5	318	318	1	16	192	95	96		19.25
151	9	Do5	C5	318	318	1	4	769	99	96	bil	19.5
152	9	Si4b2	B4b1	312	313	1	16	192	99	96		19.5625
153	9	La4	A4	305	305	1	16	192	95	96		19.625
154	9	Si4b2	B4b1	312	313	1	8	385	99	96	dim  	19.75
155	9	Do5	C5	318	318	1	8	385	99	96		19.875
156	9	Re5	D5	327	327	1	4	769	95	96		20.125
157	9	Re5	D5	327	327	1	8	385	95	96	Ne 	20.25
158	9	Mi5	E5	336	336	1	4	769	99	96	bu 	20.5
159	9	Re5	D5	327	327	1	8	385	95	96		20.625
160	9	Sol5	G5	349	349	1	16	192	99	96	der	20.6875
161	9	Fa5	F5	340	340	1	16	192	95	96		20.75
162	9	Fa5	F5	340	340	1	16	192	99	96	di	20.8125
163	9	Mi5	E5	336	336	1	16	192	95	96		20.875
164	9	Mi5	E5	336	336	1	16	192	99	96	mi 	20.9375
165	9	Re5	D5	327	327	1	16	192	95	96		21
166	9	Re5	D5	327	327	1	16	192	99	96	u	21.0625
167	9	Do5	C5	318	318	1	16	192	95	96		21.125
168	9	Do5	C5	318	318	1	16	192	99	96	yu	21.1875
169	9	Si4b2	B4b1	312	313	1	16	192	95	96		21.25
170	9	Si4b2	B4b1	312	313	1	16	192	99	96	ta	21.3125
171	9	La4	A4	305	305	1	16	192	95	96		21.375
172	9	Do5	C5	318	318	3	16	577	99	96	bil	21.5625
173	9	Re5	D5	327	327	1	16	192	95	96		21.625
174	9	Do5	C5	318	318	1	16	192	99	96	dim  	21.6875
175	9	Si4b2	B4b1	312	313	1	16	192	99	96		21.75
176	9	Si4b2	B4b1	312	313	1	16	192	99	96		21.8125
177	9	La4	A4	305	305	1	16	192	99	96		21.875
178	9	Si4b2	B4b1	312	313	1	8	385	99	96		22
179	9	La4	A4	305	305	1	8	385	95	96		22.125
180	9	Do5	C5	318	318	1	8	385	95	96	Ne 	22.25
181	9	Re5	D5	327	327	1	4	769	95	96	bu 	22.5
182	9	Fa5	F5	340	340	1	16	192	99	96	gön	22.5625
183	9	Mi5	E5	336	336	1	16	192	95	96		22.625
184	9	Mi5	E5	336	336	1	16	192	99	96	lü	22.6875
185	9	Re5	D5	327	327	1	16	192	95	96		22.75
186	9	Re5	D5	327	327	1	16	192	99	96	mü 	22.8125
187	9	Do5	C5	318	318	1	16	192	95	96		22.875
188	9	Do5	C5	318	318	1	16	192	99	96	a	22.9375
189	9	Si4b2	B4b1	312	313	1	16	192	95	96		23
190	9	Si4b2	B4b1	312	313	1	16	192	99	96	vu	23.0625
191	9	La4	A4	305	305	1	16	192	95	96		23.125
192	9	Do5	C5	318	318	1	8	385	95	96	ta	23.25
193	9	Re5	D5	327	327	1	16	192	99	96	bil	23.3125
194	9	Do5	C5	318	318	1	16	192	99	96		23.375
195	9	Si4b2	B4b1	312	313	1	8	385	99	96		23.5
196	9	Si4b2	B4b1	312	313	1	16	192	99	96		23.5625
197	9	La4	A4	305	305	1	16	192	95	96		23.625
198	9	La4	A4	305	305	1	4	769	95	96	dim 	23.875
199	9	Fa5	F5	340	340	1	16	192	99	96	ah  	23.9375
200	9	Mi5	E5	336	336	1	16	192	99	96		24
201	9	Fa5	F5	340	340	1	8	385	95	96		24.125
202	9			-1	-1	1	8	385	100	0		24.25
203	9	Fa5	F5	340	340	1	8	385	95	96	U	24.375
204	9	Mi5	E5	336	336	1	8	385	95	96	nu	24.5
205	9	Fa5	F5	340	340	1	8	385	95	96	ta	24.625
206	9	Mi5	E5	336	336	1	4	769	95	96	mam 	24.875
207	9	Re5	D5	327	327	1	8	385	95	96	se	25
208	9	Do5	C5	318	318	1	8	385	95	96	ni 	25.125
209	9			-1	-1	1	8	385	100	0		25.25
210	9	Mi5	E5	336	336	1	8	385	95	96	u	25.375
211	9	Re5	D5	327	327	1	8	385	95	96	nu	25.5
212	9	Mi5	E5	336	336	1	8	385	95	96	ta	25.625
213	9	Re5	D5	327	327	1	4	769	95	96	mam 	25.875
214	9	Do5	C5	318	318	1	8	385	95	96	se	26
215	9	Si4b2	B4b1	312	313	1	8	385	95	96	ni 	26.125
216	9			-1	-1	1	8	385	100	0		26.25
217	9	Re5	D5	327	327	1	8	385	95	96	u	26.375
218	9	Do5	C5	318	318	1	8	385	95	96	nu	26.5
219	9	Re5	D5	327	327	1	8	385	95	96	ta	26.625
220	9	Do5	C5	318	318	1	4	769	95	96	mam 	26.875
221	9	Si4b2	B4b1	312	313	1	8	385	95	96	se	27
222	9	La4	A4	305	305	1	8	385	95	96	ni 	27.125
223	9	Do5	C5	318	318	1	8	385	95	96	u	27.25
224	9	Re5	D5	327	327	1	16	192	95	96	nu	27.3125
225	9	Do5	C5	318	318	1	16	192	95	96		27.375
226	9	Si4b2	B4b1	312	313	1	8	385	95	96		27.5
227	9	Si4b2	B4b1	312	313	1	16	192	95	96	ta	27.5625
228	9	La4	A4	305	305	1	16	192	95	96		27.625
229	9	La4	A4	305	305	1	4	769	95	96	mam  	27.875
230	9	Fa5	F5	340	340	1	16	192	95	96	SAZ	27.9375
231	9	Mi5	E5	336	336	1	16	192	95	96	.	28
232	9	Fa5	F5	340	340	1	8	385	95	96	.	28.125
233	9			-1	-1	1	8	385	100	0		28.25
234	9	Fa5	F5	340	340	1	8	385	95	96	U	28.375
235	9	Mi5	E5	336	336	1	8	385	95	96	nu	28.5
236	9	Fa5	F5	340	340	1	8	385	95	96	ta	28.625
237	9	Mi5	E5	336	336	1	4	769	95	96	mam 	28.875
238	9	Re5	D5	327	327	1	8	385	95	96	se	29
239	9	Do5	C5	318	318	1	8	385	95	96	ni 	29.125
240	9			-1	-1	1	8	385	100	0		29.25
241	9	Mi5	E5	336	336	1	8	385	95	96	u	29.375
242	9	Re5	D5	327	327	1	8	385	95	96	nu	29.5
243	9	Mi5	E5	336	336	1	8	385	95	96	ta	29.625
244	9	Re5	D5	327	327	1	4	769	95	96	mam 	29.875
245	9	Do5	C5	318	318	1	8	385	95	96	se	30
246	9	Si4b2	B4b1	312	313	1	8	385	95	96	ni 	30.125
247	9			-1	-1	1	8	385	100	0		30.25
248	9	Re5	D5	327	327	1	8	385	95	96	u	30.375
249	9	Do5	C5	318	318	1	8	385	95	96	nu	30.5
250	9	Re5	D5	327	327	1	8	385	95	96	ta	30.625
251	9	Do5	C5	318	318	1	4	769	95	96	mam 	30.875
252	9	Si4b2	B4b1	312	313	1	8	385	95	96	se	31
253	9	La4	A4	305	305	1	8	385	95	96	ni 	31.125
254	9	Do5	C5	318	318	1	8	385	95	96	u	31.25
255	9	Re5	D5	327	327	1	16	192	95	96	nu	31.3125
256	9	Do5	C5	318	318	1	16	192	95	96		31.375
257	9	Si4b2	B4b1	312	313	1	8	385	95	96		31.5
258	9	Si4b2	B4b1	312	313	1	16	192	95	96	ta	31.5625
259	9	La4	A4	305	305	1	16	192	95	96		31.625
260	9	La4	A4	305	305	1	2	1538	95	96	mam  	32.125
261	9			-1	-1	1	8	385	100	0		32.25
262	9	Fa5	F5	340	340	1	8	385	95	96	ARANAÐME 	32.375
263	9	Mi5	E5	336	336	1	8	385	95	96	.	32.5
264	9	Fa5	F5	340	340	1	8	385	95	96	.	32.625
265	9	Mi5	E5	336	336	1	4	769	95	96	.	32.875
266	9	Re5	D5	327	327	1	8	385	95	96	.	33
267	9	Do5	C5	318	318	1	8	385	95	96	.	33.125
268	9			-1	-1	1	8	385	100	0	.	33.25
269	9	Mi5	E5	336	336	1	8	385	95	96	.	33.375
270	9	Re5	D5	327	327	1	8	385	95	96	.	33.5
271	9	Mi5	E5	336	336	1	8	385	95	96	.	33.625
272	9	Re5	D5	327	327	1	4	769	95	96	.	33.875
273	9	Do5	C5	318	318	1	8	385	95	96	.	34
274	9	Si4b2	B4b1	312	313	1	8	385	95	96	.	34.125
275	9			-1	-1	1	8	385	100	0	.	34.25
276	9	Re5	D5	327	327	1	8	385	95	96	.	34.375
277	9	Do5	C5	318	318	1	8	385	95	96	.	34.5
278	9	Re5	D5	327	327	1	8	385	95	96	.	34.625
279	9	Do5	C5	318	318	1	4	769	95	96	.	34.875
280	9	Si4b2	B4b1	312	313	1	8	385	95	96	.	35
281	9	La4	A4	305	305	1	8	385	95	96	.	35.125
282	9	Do5	C5	318	318	1	8	385	95	96	.	35.25
283	9	Re5	D5	327	327	1	16	192	95	96	.	35.3125
284	9	Do5	C5	318	318	1	16	192	95	96	.	35.375
285	9	Si4b2	B4b1	312	313	1	8	385	95	96	.	35.5
286	9	Si4b2	B4b1	312	313	1	16	192	95	96	.	35.5625
287	9	La4	A4	305	305	1	16	192	95	96	.	35.625
288	9	La4	A4	305	305	1	16	192	95	96	.	35.6875
289	9	Si4b2	B4b1	312	313	1	16	192	95	96	.	35.75
290	9	Do5	C5	318	318	1	16	192	95	96	.	35.8125
291	9	Re5	D5	327	327	1	16	192	95	96	.	35.875
292	9	Mi5	E5	336	336	1	16	192	95	96	.	35.9375
293	9	Re5	D5	327	327	1	16	192	95	96	.	36
294	9	Mi5	E5	336	336	1	8	385	95	96	.	36.125
295	9			-1	-1	1	8	385	100	0		36.25
296	9	Fa5	F5	340	340	1	8	385	95	96	ARANAÐME 	36.375
297	9	Mi5	E5	336	336	1	8	385	95	96	.	36.5
298	9	Fa5	F5	340	340	1	8	385	95	96	.	36.625
299	9	Mi5	E5	336	336	1	4	769	95	96	.	36.875
300	9	Re5	D5	327	327	1	8	385	95	96	.	37
301	9	Do5	C5	318	318	1	8	385	95	96	.	37.125
302	9			-1	-1	1	8	385	100	0	.	37.25
303	9	Mi5	E5	336	336	1	8	385	95	96	.	37.375
304	9	Re5	D5	327	327	1	8	385	95	96	.	37.5
305	9	Mi5	E5	336	336	1	8	385	95	96	.	37.625
306	9	Re5	D5	327	327	1	4	769	95	96	.	37.875
307	9	Do5	C5	318	318	1	8	385	95	96	.	38
308	9	Si4b2	B4b1	312	313	1	8	385	95	96	.	38.125
309	9			-1	-1	1	8	385	100	0	.	38.25
310	9	Re5	D5	327	327	1	8	385	95	96	.	38.375
311	9	Do5	C5	318	318	1	8	385	95	96	.	38.5
312	9	Re5	D5	327	327	1	8	385	95	96	.	38.625
313	9	Do5	C5	318	318	1	4	769	95	96	.	38.875
314	9	Si4b2	B4b1	312	313	1	8	385	95	96	.	39
315	9	La4	A4	305	305	1	8	385	95	96	.	39.125
316	9	Do5	C5	318	318	1	8	385	95	96	.	39.25
317	9	Re5	D5	327	327	1	16	192	95	96	.	39.3125
318	9	Do5	C5	318	318	1	16	192	95	96	.	39.375
319	9	Si4b2	B4b1	312	313	1	8	385	95	96	.	39.5
320	9	Si4b2	B4b1	312	313	1	16	192	95	96	.	39.5625
321	9	La4	A4	305	305	1	16	192	95	96	.	39.625
322	9	La4	A4	305	305	1	4	769	95	96	.	39.875
323	9	Sol4	G4	296	296	1	16	192	95	96	.	39.9375
324	9	La4	A4	305	305	1	16	192	95	96	.	40
325	9	Si4b2	B4b1	312	313	1	16	192	95	96	.	40.0625
326	9	Do5	C5	318	318	1	16	192	95	96	.  	40.125
327	9	Re5	D5	327	327	1	8	385	95	96	.	40.25
328	9	Re5	D5	327	327	1	4	769	95	96	Gün 	40.5
329	9	Si4b2	B4b1	312	313	1	8	385	95	96	ge	40.625
330	9	Do5	C5	318	318	3	16	577	99	96	lir 	40.8125
331	9	Re5	D5	327	327	1	16	192	95	96		40.875
332	9	Do5	C5	318	318	1	16	192	99	96	de 	40.9375
333	9	Si4b2	B4b1	312	313	1	16	192	95	96		41
334	9	Si4b2	B4b1	312	313	1	16	192	99	96	be	41.0625
335	9	La4	A4	305	305	1	16	192	95	96		41.125
336	9	La4	A4	305	305	3	8	1154	99	96	ni 	41.5
337	9	La4	A4	305	305	1	16	192	99	96	SAZ	41.5625
338	9	Si4b2	B4b1	312	313	1	16	192	99	96	.	41.625
339	9	Do5	C5	318	318	1	16	192	99	96	.	41.6875
340	9	Si4b2	B4b1	312	313	1	16	192	99	96	.	41.75
341	9	La4	A4	305	305	1	16	192	99	96	.	41.8125
342	9	Si4b2	B4b1	312	313	1	16	192	99	96	.	41.875
343	9	La4	A4	305	305	1	4	769	95	96	.	42.125
344	9	Do5	C5	318	318	1	8	385	95	96	u	42.25
345	9	Re5	D5	327	327	1	8	385	95	96	nu	42.375
346	9	Mi5	E5	336	336	1	4	769	95	96	tur	42.625
347	9	Re5	D5	327	327	1	4	769	99	96	sun 	42.875
348	9	Do5	C5	318	318	1	4	769	95	96		43.125
349	9	Si4b2	B4b1	312	313	1	8	385	95	96	u	43.25
350	9	Do5	C5	318	318	1	8	385	95	96	nu	43.375
351	9	Re5	D5	327	327	1	4	769	95	96	tur	43.625
352	9	Do5	C5	318	318	1	4	769	99	96	sun 	43.875
353	9	Si4b2	B4b1	312	313	1	8	385	99	96		44
354	9	La4	A4	305	305	1	8	385	95	96		44.125
355	9	Do5	C5	318	318	1	8	385	95	96	de	44.25
356	9	Re5	D5	327	327	1	16	192	99	96	miþ	44.3125
357	9	Do5	C5	318	318	1	16	192	99	96		44.375
358	9	Si4b2	B4b1	312	313	1	8	385	99	96		44.5
359	9	Si4b2	B4b1	312	313	1	16	192	99	96		44.5625
360	9	La4	A4	305	305	1	16	192	95	96		44.625
361	9	La4	A4	305	305	1	4	769	95	96	tin  	44.875
362	9	Mi5	E5	336	336	1	16	192	95	96	SAZ	44.9375
363	9	Re5	D5	327	327	1	16	192	95	96	.	45
364	9	Mi5	E5	336	336	1	8	385	95	96	.	45.125
365	9			-1	-1	1	8	385	100	0		45.25
366	9	Mi5	E5	336	336	1	4	769	99	96	Kal	45.5
367	9	Re5	D5	327	327	1	8	385	95	96		45.625
368	9	Re5	D5	327	327	1	8	385	99	96	bin	45.75
369	9	Do5	C5	318	318	1	8	385	95	96		45.875
370	9	Do5	C5	318	318	1	8	385	95	96	de	46
371	9	Si4b2	B4b1	312	313	1	8	385	95	96	ki 	46.125
372	9	Si4b2	B4b1	312	313	1	8	385	95	96	bu 	46.25
373	9	Do5	C5	318	318	1	4	769	99	96	der	46.5
374	9	Si4b2	B4b1	312	313	1	16	192	99	96		46.5625
375	9	La4	A4	305	305	1	16	192	95	96		46.625
376	9	Si4b2	B4b1	312	313	1	8	385	99	96	di 	46.75
377	9	Do5	C5	318	318	1	8	385	99	96		46.875
378	9	Re5	D5	327	327	1	4	769	95	96		47.125
379	9	Do5	C5	318	318	1	8	385	95	96	u	47.25
380	9	Re5	D5	327	327	1	8	385	95	96	yu	47.375
381	9	Mi5	E5	336	336	1	4	769	95	96	tur	47.625
382	9	Re5	D5	327	327	1	4	769	99	96	sun 	47.875
383	9	Do5	C5	318	318	1	4	769	95	96		48.125
384	9	Si4b2	B4b1	312	313	1	8	385	95	96	u	48.25
385	9	Do5	C5	318	318	1	8	385	95	96	yu	48.375
386	9	Re5	D5	327	327	1	4	769	95	96	tur	48.625
387	9	Do5	C5	318	318	1	4	769	99	96	sun 	48.875
388	9	Si4b2	B4b1	312	313	1	8	385	99	96		49
389	9	La4	A4	305	305	1	8	385	95	96		49.125
390	9	Do5	C5	318	318	1	8	385	95	96	de	49.25
391	9	Re5	D5	327	327	1	16	192	99	96	miþ	49.3125
392	9	Do5	C5	318	318	1	16	192	99	96		49.375
393	9	Si4b2	B4b1	312	313	1	8	385	99	96		49.5
394	9	Si4b2	B4b1	312	313	1	16	192	99	96		49.5625
395	9	La4	A4	305	305	1	16	192	95	96		49.625
396	9	La4	A4	305	305	1	2	1538	95	96	tin  	50.125
397	9	Mi5	E5	336	336	1	8	385	95	96	Ne 	50.25
398	9	Fa5	F5	340	340	1	4	769	99	96	ben 	50.5
399	9	Mi5	E5	336	336	1	8	385	95	96		50.625
400	9	La5	A5	358	358	1	16	192	99	96	se	50.6875
401	9	Sol5	G5	349	349	1	16	192	95	96		50.75
402	9	Sol5	G5	349	349	1	16	192	99	96	ni 	50.8125
403	9	Fa5	F5	340	340	1	16	192	95	96		50.875
404	9	Fa5	F5	340	340	1	16	192	99	96	u	50.9375
405	9	Mi5	E5	336	336	1	16	192	95	96		51
406	9	Mi5	E5	336	336	1	16	192	99	96	nu	51.0625
407	9	Re5	D5	327	327	1	16	192	95	96		51.125
408	9	Re5	D5	327	327	1	16	192	99	96	ta	51.1875
409	9	Do5	C5	318	318	1	16	192	95	96		51.25
410	9	Do5	C5	318	318	1	4	769	99	96	bil	51.5
411	9	Si4b2	B4b1	312	313	1	16	192	99	96		51.5625
412	9	La4	A4	305	305	1	16	192	95	96		51.625
413	9	Si4b2	B4b1	312	313	1	8	385	99	96	dim  	51.75
414	9	Do5	C5	318	318	1	8	385	99	96		51.875
415	9	Re5	D5	327	327	1	4	769	95	96		52.125
416	9	Re5	D5	327	327	1	8	385	95	96	Ne 	52.25
417	9	Mi5	E5	336	336	1	4	769	99	96	bu 	52.5
418	9	Re5	D5	327	327	1	8	385	95	96		52.625
419	9	Sol5	G5	349	349	1	16	192	99	96	der	52.6875
420	9	Fa5	F5	340	340	1	16	192	95	96		52.75
421	9	Fa5	F5	340	340	1	16	192	99	96	di	52.8125
422	9	Mi5	E5	336	336	1	16	192	95	96		52.875
423	9	Mi5	E5	336	336	1	16	192	99	96	mi 	52.9375
424	9	Re5	D5	327	327	1	16	192	95	96		53
425	9	Re5	D5	327	327	1	16	192	99	96	u	53.0625
426	9	Do5	C5	318	318	1	16	192	95	96		53.125
427	9	Do5	C5	318	318	1	16	192	99	96	yu	53.1875
428	9	Si4b2	B4b1	312	313	1	16	192	95	96		53.25
429	9	Si4b2	B4b1	312	313	1	16	192	99	96	ta	53.3125
430	9	La4	A4	305	305	1	16	192	95	96		53.375
431	9	Do5	C5	318	318	3	16	577	99	96	bil	53.5625
432	9	Re5	D5	327	327	1	16	192	95	96		53.625
433	9	Do5	C5	318	318	1	16	192	99	96	dim  	53.6875
434	9	Si4b2	B4b1	312	313	1	16	192	99	96		53.75
435	9	Si4b2	B4b1	312	313	1	16	192	99	96		53.8125
436	9	La4	A4	305	305	1	16	192	99	96		53.875
437	9	Si4b2	B4b1	312	313	1	8	385	99	96		54
438	9	La4	A4	305	305	1	8	385	95	96		54.125
439	9	Do5	C5	318	318	1	8	385	95	96	Ne 	54.25
440	9	Re5	D5	327	327	1	4	769	95	96	bu 	54.5
441	9	Fa5	F5	340	340	1	16	192	99	96	gön	54.5625
442	9	Mi5	E5	336	336	1	16	192	95	96		54.625
443	9	Mi5	E5	336	336	1	16	192	99	96	lü	54.6875
444	9	Re5	D5	327	327	1	16	192	95	96		54.75
445	9	Re5	D5	327	327	1	16	192	99	96	mü 	54.8125
446	9	Do5	C5	318	318	1	16	192	95	96		54.875
447	9	Do5	C5	318	318	1	16	192	99	96	a	54.9375
448	9	Si4b2	B4b1	312	313	1	16	192	95	96		55
449	9	Si4b2	B4b1	312	313	1	16	192	99	96	vu	55.0625
450	9	La4	A4	305	305	1	16	192	95	96		55.125
451	9	Do5	C5	318	318	1	8	385	95	96	ta	55.25
452	9	Re5	D5	327	327	1	16	192	99	96	bil	55.3125
453	9	Do5	C5	318	318	1	16	192	99	96		55.375
454	9	Si4b2	B4b1	312	313	1	8	385	99	96		55.5
455	9	Si4b2	B4b1	312	313	1	16	192	99	96		55.5625
456	9	La4	A4	305	305	1	16	192	95	96		55.625
457	9	La4	A4	305	305	1	4	769	95	96	dim 	55.875
458	9	Fa5	F5	340	340	1	16	192	99	96	ah  	55.9375
459	9	Mi5	E5	336	336	1	16	192	99	96		56
460	9	Fa5	F5	340	340	1	8	385	95	96		56.125
461	9			-1	-1	1	8	385	100	0		56.25
462	9	Fa5	F5	340	340	1	8	385	95	96	U	56.375
463	9	Mi5	E5	336	336	1	8	385	95	96	nu	56.5
464	9	Fa5	F5	340	340	1	8	385	95	96	ta	56.625
465	9	Mi5	E5	336	336	1	4	769	95	96	mam 	56.875
466	9	Re5	D5	327	327	1	8	385	95	96	se	57
467	9	Do5	C5	318	318	1	8	385	95	96	ni 	57.125
468	9			-1	-1	1	8	385	100	0		57.25
469	9	Mi5	E5	336	336	1	8	385	95	96	u	57.375
470	9	Re5	D5	327	327	1	8	385	95	96	nu	57.5
471	9	Mi5	E5	336	336	1	8	385	95	96	ta	57.625
472	9	Re5	D5	327	327	1	4	769	95	96	mam 	57.875
473	9	Do5	C5	318	318	1	8	385	95	96	se	58
474	9	Si4b2	B4b1	312	313	1	8	385	95	96	ni 	58.125
475	9			-1	-1	1	8	385	100	0		58.25
476	9	Re5	D5	327	327	1	8	385	95	96	u	58.375
477	9	Do5	C5	318	318	1	8	385	95	96	nu	58.5
478	9	Re5	D5	327	327	1	8	385	95	96	ta	58.625
479	9	Do5	C5	318	318	1	4	769	95	96	mam 	58.875
480	9	Si4b2	B4b1	312	313	1	8	385	95	96	se	59
481	9	La4	A4	305	305	1	8	385	95	96	ni 	59.125
482	9	Do5	C5	318	318	1	8	385	95	96	u	59.25
483	9	Re5	D5	327	327	1	16	192	95	96	nu	59.3125
484	9	Do5	C5	318	318	1	16	192	95	96		59.375
485	9	Si4b2	B4b1	312	313	1	8	385	95	96		59.5
486	9	Si4b2	B4b1	312	313	1	16	192	95	96	ta	59.5625
487	9	La4	A4	305	305	1	16	192	95	96		59.625
488	9	La4	A4	305	305	1	4	769	95	96	mam  	59.875
489	9	Fa5	F5	340	340	1	16	192	95	96	SAZ	59.9375
490	9	Mi5	E5	336	336	1	16	192	95	96	.	60
491	9	Fa5	F5	340	340	1	8	385	95	96	.	60.125
492	9			-1	-1	1	8	385	100	0		60.25
493	9	Fa5	F5	340	340	1	8	385	95	96	U	60.375
494	9	Mi5	E5	336	336	1	8	385	95	96	nu	60.5
495	9	Fa5	F5	340	340	1	8	385	95	96	ta	60.625
496	9	Mi5	E5	336	336	1	4	769	95	96	mam 	60.875
497	9	Re5	D5	327	327	1	8	385	95	96	se	61
498	9	Do5	C5	318	318	1	8	385	95	96	ni 	61.125
499	9			-1	-1	1	8	385	100	0		61.25
500	9	Mi5	E5	336	336	1	8	385	95	96	u	61.375
501	9	Re5	D5	327	327	1	8	385	95	96	nu	61.5
502	9	Mi5	E5	336	336	1	8	385	95	96	ta	61.625
503	9	Re5	D5	327	327	1	4	769	95	96	mam 	61.875
504	9	Do5	C5	318	318	1	8	385	95	96	se	62
505	9	Si4b2	B4b1	312	313	1	8	385	95	96	ni 	62.125
506	9			-1	-1	1	8	385	100	0		62.25
507	9	Re5	D5	327	327	1	8	385	95	96	u	62.375
508	9	Do5	C5	318	318	1	8	385	95	96	nu	62.5
509	9	Re5	D5	327	327	1	8	385	95	96	ta	62.625
510	9	Do5	C5	318	318	1	4	769	95	96	mam 	62.875
511	9	Si4b2	B4b1	312	313	1	8	385	95	96	se	63
512	9	La4	A4	305	305	1	8	385	95	96	ni 	63.125
513	9	Do5	C5	318	318	1	8	385	95	96	u	63.25
514	9	Re5	D5	327	327	1	16	192	95	96	nu	63.3125
515	9	Do5	C5	318	318	1	16	192	95	96		63.375
516	9	Si4b2	B4b1	312	313	1	8	385	95	96		63.5
517	9	Si4b2	B4b1	312	313	1	16	192	95	96	ta	63.5625
518	9	La4	A4	305	305	1	16	192	95	96		63.625
519	9	La4	A4	305	305	1	2	1538	95	96	mam  	64.125
